2.39502e-05
0.000201531
0.000708852
0.0004669
2.39502e-05
0.000135481
2.39502e-05
0.00100879
2.39502e-05
0.000245337
2.39502e-05
0.000394472
2.39502e-05
0.000406511
8.4282e-05
9.97377e-05
0.000618247
0.000714498
0.000375249
0.000837881
2.39502e-05
4.27696e-05
0.000189134
0.000103614
2.39502e-05
0.000145438
0.000230968
0.000294058
0.000309951
0.000171
0.000189004
0.000926924
2.39502e-05
0.000414036
0.000153911
0.000495683
0.000127299
0.000653375
2.39502e-05
0.000112718
0.000114059
0.000202195
0.000468936
0.000239335
3.42615e-05
0.000117339
2.39502e-05
0.000164503
2.39502e-05
0.000419605
0.00024124
0.000261485
0.000228159
0.000288767
2.39502e-05
0.00012582
0.000205216
2.39502e-05
0.000265227
0.000150394
7.02024e-05
9.80987e-05
0.000166774
2.39502e-05
0.000275326
0.000283378
0.000506732
0.000652006
0.000431328
0.000126045
7.56424e-05
5.76447e-05
0.000434759
0.000191966
0.000256287
0.000440395
0.00030526
2.39502e-05
0.000128572
8.01781e-05
9.233e-05
2.39502e-05
0.00163986
2.39502e-05
0.000232662
9.30223e-05
0.00108733
0.000223559
0.000322296
6.54161e-05
5.34429e-05
2.39502e-05
0.000221318
0.000294239
0.000615845
0.000211821
0.000115329
0.000259936
2.39502e-05
0.000591287
2.39502e-05
0.000105038
0.000109084
0.000126508
0.000182021
2.39502e-05
8.05271e-05
0.000375035
2.39502e-05
0.000298789
2.39502e-05
0.000176345
0.000201794
0.000202321
0.00103214
0.000817672
0.000265501
0.000482948
0.000637808
2.39502e-05
0.000262484
2.39502e-05
0.000254385
2.39502e-05
9.9745e-05
0.000880004
2.39502e-05
0.000239064
0.00111939
2.39502e-05
0.000447518
0.000121568
2.39502e-05
0.000191105
0.000114552
2.39502e-05
0.000368414
0.000237787
0.000354437
0.000127354
0.000332975
2.39502e-05
7.87865e-05
0.000377836
0.000781911
0.000386067
6.58088e-05
2.39502e-05
0.000117875
0.00010088
0.000288842
2.39502e-05
0.00022267
2.39502e-05
0.00029192
2.39502e-05
0.00113335
9.47015e-05
0.000122329
3.30124e-05
2.39502e-05
0.000128271
0.000252132
0.000309262
0.000213399
0.000166652
7.86829e-05
2.39502e-05
0.000293142
2.39502e-05
0.000192017
0.000250807
0.000162183
0.000242417
0.000199302
5.11157e-05
2.39502e-05
5.26972e-05
0.000121783
0.000304583
2.39502e-05
0.000158243
2.39502e-05
0.000111151
4.72437e-05
2.39502e-05
0.000426992
6.9681e-05
4.80233e-05
2.39502e-05
0.000171437
2.39502e-05
0.000106106
4.54443e-05
5.69435e-05
5.49719e-05
0.000271684
0.000187683
0.00012683
0.0001099
0.000149889
0.000272289
2.39502e-05
0.000318464
2.39502e-05
0.000195072
2.39502e-05
8.36798e-05
2.39502e-05
6.33658e-05
0.000242773
6.20979e-05
6.08532e-05
0.000140047
9.33156e-05
2.39502e-05
8.91569e-05
5.59911e-05
2.39502e-05
0.00026627
0.000501923
9.82067e-05
0.000290375
2.39502e-05
0.000219659
0.000252977
0.000256546
3.90677e-05
0.000387182
0.000211434
0.000109263
0.000251557
0.000101017
0.000158772
0.000163523
3.02179e-05
0.000184865
2.39502e-05
0.000270957
2.39502e-05
0.000598461
2.39502e-05
0.000325634
2.39502e-05
0.000231972
8.55683e-05
8.38801e-05
0.000135513
2.39502e-05
0.00015466
0.000294112
0.000265156
4.87324e-05
0.000233088
2.39502e-05
0.000820637
9.36847e-05
0.000147625
2.39502e-05
6.92193e-05
0.000224534
0.000724514
9.1874e-05
0.000201706
2.39502e-05
0.000427056
0.00020624
0.000110383
2.39502e-05
0.000555164
2.39502e-05
0.000721429
2.39502e-05
0.000117896
0.000187975
6.02673e-05
0.000162431
0.000278007
2.39502e-05
2.39502e-05
0.000235323
2.39502e-05
7.91435e-05
0.000148437
0.000194828
0.000211301
2.39502e-05
0.000164843
0.000191871
2.39502e-05
0.000156838
2.39502e-05
0.000135636
0.000441219
2.39502e-05
0.000102854
0.000389763
2.39502e-05
0.000145383
0.00034644
2.39502e-05
0.000263898
5.87197e-05
0.000828038
0.000434513
0.000288839
0.000638458
2.39502e-05
2.39502e-05
0.000273954
2.39502e-05
0.00136354
2.39502e-05
6.92305e-05
0.000105627
0.000299074
2.39502e-05
0.00021422
0.000207956
9.59167e-05
2.39502e-05
0.000149631
0.000570952
0.000359151
2.39502e-05
0.00219573
2.39502e-05
8.91225e-05
2.46203e-05
6.68847e-05
0.000273636
0.000245875
0.000245189
0.000374853
0.000348265
2.39502e-05
0.000229139
2.39502e-05
0.000155972
0.000203563
0.000134204
2.39502e-05
0.00179141
0.000320399
0.000198819
2.39502e-05
3.70046e-05
0.000520435
2.39502e-05
2.39502e-05
0.000488144
0.000176881
0.000171181
0.000145518
0.00038811
0.000252228
0.000152221
4.15351e-05
0.000157108
0.000726703
0.000131348
2.39502e-05
0.000243848
0.000180441
2.39502e-05
0.000208149
2.39502e-05
2.39502e-05
0.000130456
0.000200269
0.00011615
7.41469e-05
0.000308643
0.000152112
0.000102148
5.29965e-05
0.00070989
2.55975e-05
0.000287922
0.000395748
0.000481357
0.000226362
0.000380157
2.39502e-05
2.39502e-05
0.000170814
0.000114625
0.000232231
0.000300801
2.39502e-05
8.87579e-05
0.000115704
0.00091461
2.39502e-05
0.000483894
2.39502e-05
0.000119225
0.000218782
0.000121085
2.39502e-05
0.000566263
2.39502e-05
0.00103998
2.39502e-05
3.09886e-05
0.000468384
0.000380233
0.000761259
0.000697869
0.000219437
0.000200563
0.000362867
0.000134042
5.19332e-05
0.000241902
2.39502e-05
0.000230125
5.65727e-05
2.39502e-05
5.27058e-05
0.000168503
0.000228801
2.39502e-05
0.000167565
8.8767e-05
0.000148375
0.000589809
5.90688e-05
0.000140401
0.000235572
2.39502e-05
5.46741e-05
0.000305696
0.000241512
0.00011946
2.39502e-05
0.000367058
2.39502e-05
0.000133541
2.39502e-05
2.80545e-05
0.000145612
0.00104464
0.000175801
2.39502e-05
0.000591507
9.81751e-05
2.75386e-05
0.000615455
0.000155864
2.39502e-05
0.000241543
0.000144586
2.39502e-05
0.000326202
9.57686e-05
2.39502e-05
6.19828e-05
2.39502e-05
0.000111299
0.00014298
0.000376527
2.39502e-05
0.000776143
0.0003304
2.39502e-05
0.000109589
0.000346754
0.000146824
0.000142822
0.000152623
2.39502e-05
0.00015259
2.39502e-05
0.00023896
2.39502e-05
8.27595e-05
2.39502e-05
7.12989e-05
0.000560392
2.39502e-05
0.00123883
2.39502e-05
0.000131647
0.000174391
0.000382336
2.39502e-05
0.000959837
0.000139774
0.00020595
0.000126853
0.000379746
0.000377406
3.06116e-05
6.99529e-05
0.000347759
2.39502e-05
0.000315335
0.000172483
2.39502e-05
2.39502e-05
0.000217244
0.000338677
0.000133553
2.39502e-05
0.000186686
2.39502e-05
0.00044022
2.39502e-05
0.000193164
2.39502e-05
0.000482201
0.000255859
0.00020358
0.000190366
2.39502e-05
2.39502e-05
2.39502e-05
0.000372695
2.39502e-05
0.000381153
0.000492121
2.39502e-05
0.000109936
2.39502e-05
0.000723054
2.39502e-05
0.000203045
0.000347172
2.39502e-05
0.000251569
0.000160792
0.000197607
0.000276049
0.000416676
0.000145352
0.000911349
0.000342272
0.000117587
0.00012119
0.00019203
0.000143737
0.000607508
2.39502e-05
4.85855e-05
2.39502e-05
0.000123232
0.000406622
2.39502e-05
0.000209172
0.000244061
2.39502e-05
9.75478e-05
2.77644e-05
2.39502e-05
0.000184623
0.000129058
0.00034323
0.000180249
2.39502e-05
5.51484e-05
0.000112004
5.31749e-05
0.0002323
0.000148616
0.000324092
2.39502e-05
9.98261e-05
0.000116947
0.000219081
2.39502e-05
7.43687e-05
2.39502e-05
0.000218539
0.00020566
0.000242298
2.39502e-05
9.34369e-05
0.000116594
0.000220825
0.000498897
2.74643e-05
4.16881e-05
3.49078e-05
2.39502e-05
0.000152571
9.45326e-05
2.39502e-05
0.000102553
0.000248359
2.39502e-05
0.000221789
0.000201286
2.39502e-05
0.000405845
0.00094348
0.000154654
2.39502e-05
0.000247166
0.000200888
0.000149175
0.000369415
2.39502e-05
0.000100486
0.000393893
0.000133384
6.74367e-05
0.000305236
0.000197677
0.000700378
0.000128643
0.000384664
0.000263343
2.39502e-05
0.00014167
4.39992e-05
2.39502e-05
2.39502e-05
0.000183495
9.50351e-05
0.000212254
0.000140868
0.000176291
2.39502e-05
0.000240094
2.39502e-05
0.000241102
0.000429272
0.000456227
2.39502e-05
0.00033048
2.39502e-05
0.000278287
0.000220246
0.000189454
0.000292747
0.000382991
2.39502e-05
0.000228543
0.000227988
0.000195626
2.39502e-05
0.000115808
2.39502e-05
7.80881e-05
0.000201664
0.000179226
0.000104706
0.000185388
0.000389259
0.00010593
0.00016523
2.39502e-05
0.000115651
2.39502e-05
2.39502e-05
0.000214567
2.39502e-05
0.000211647
2.39502e-05
0.000177715
0.000142022
2.39502e-05
0.000122002
0.000400331
0.000209877
0.000152203
2.39502e-05
8.2958e-05
0.000141472
9.23037e-05
0.000120654
3.27976e-05
2.39502e-05
0.000997654
2.39502e-05
0.000197281
0.000331328
0.000741297
2.39502e-05
0.000127253
2.39502e-05
0.000192746
2.39502e-05
0.000362018
0.000113051
2.39502e-05
0.000140858
0.000147593
4.66594e-05
0.000289632
0.000248092
0.000316377
4.77181e-05
2.39502e-05
0.000192459
0.000259137
6.88498e-05
0.000109676
0.000302139
2.39502e-05
0.000419369
2.39502e-05
8.24476e-05
0.000102428
0.000354216
7.27202e-05
0.000186525
0.000116404
0.000357444
2.39502e-05
2.39502e-05
0.000502604
2.39502e-05
9.10641e-05
0.000928631
2.39502e-05
7.11554e-05
0.000121749
6.41267e-05
4.43079e-05
0.000546414
0.000226753
2.39502e-05
0.000105175
0.000328376
0.000110903
2.39502e-05
0.000107521
2.39502e-05
3.7082e-05
0.000714353
0.00032676
0.000541818
2.39502e-05
0.00019624
0.000287307
5.82823e-05
0.000111069
4.29768e-05
0.000100575
0.000209515
0.000122823
0.00014746
0.000145838
2.39502e-05
0.000237741
2.39502e-05
0.00023689
2.39502e-05
0.000368895
0.000120842
0.0002249
0.000129942
0.000327827
6.19107e-05
0.000279406
2.39502e-05
0.000111558
3.15763e-05
2.39502e-05
0.000161817
7.84913e-05
0.000116323
2.39502e-05
0.000143883
0.000309124
2.39502e-05
0.000414476
0.000108275
2.39502e-05
0.00040744
2.39502e-05
0.000332168
4.21492e-05
7.2993e-05
0.000107783
0.000225031
0.000173859
2.39502e-05
2.39502e-05
2.39502e-05
0.000342711
6.4794e-05
0.00014112
2.39502e-05
0.000631512
2.39502e-05
0.000449672
5.31754e-05
3.44238e-05
0.000244757
0.000184887
0.000149046
0.000189973
0.00023785
2.39502e-05
0.000268076
2.39502e-05
0.000215901
0.000289998
7.2367e-05
0.000324757
0.000247618
2.39502e-05
0.000186081
2.39502e-05
0.000124739
9.61923e-05
0.000171789
0.000230054
2.39502e-05
0.000124181
0.000205418
0.000389196
0.000240032
2.39502e-05
2.39502e-05
0.000325608
0.000237506
0.000389083
0.000129387
0.000412747
9.78633e-05
0.000142004
2.39502e-05
5.67153e-05
0.000440308
2.39502e-05
0.000355679
2.39502e-05
8.96679e-05
0.000180562
0.000165285
2.79999e-05
0.000139658
2.39502e-05
0.000341469
0.000226679
3.07716e-05
6.12284e-05
0.000162038
0.000259956
0.0002059
2.39502e-05
0.000203687
0.000653211
2.39502e-05
2.39502e-05
0.000251903
2.39502e-05
0.0003032
2.39502e-05
0.000210631
0.000352978
2.39502e-05
7.00244e-05
2.39502e-05
0.000142862
2.39502e-05
0.000131012
2.39502e-05
0.000244662
2.39502e-05
0.000167953
0.000193912
0.000334785
0.000245803
2.39502e-05
0.000176067
2.39502e-05
2.39502e-05
0.000284056
0.000173337
0.000269211
2.39502e-05
0.000520929
8.53603e-05
0.000248431
2.39502e-05
2.39502e-05
2.39502e-05
0.000258914
3.74979e-05
0.000359977
0.000230245
2.39502e-05
6.21574e-05
0.00014212
0.000242291
0.000299415
0.000367723
2.39502e-05
0.000202646
7.07381e-05
0.000113054
5.7636e-05
2.39502e-05
9.8174e-05
0.000183415
0.000181532
2.39502e-05
0.000213748
2.39502e-05
0.000161861
2.39502e-05
0.000266739
2.39502e-05
0.0002279
2.39502e-05
0.000562292
0.000121397
2.39502e-05
0.000154178
2.39502e-05
2.39502e-05
2.39502e-05
4.22671e-05
2.39502e-05
8.4722e-05
2.39502e-05
2.39502e-05
0.000241129
2.39502e-05
0.000338196
0.000223732
7.60209e-05
0.000262108
0.000132262
2.39502e-05
0.000233794
2.39502e-05
0.000221454
2.39502e-05
0.000517955
0.000152868
0.000120855
0.000242684
0.000429831
0.000123617
2.39502e-05
0.000327165
2.39502e-05
0.000139434
2.39502e-05
0.000502497
4.42198e-05
0.000263826
0.000235677
8.24803e-05
2.39502e-05
0.000217259
2.39502e-05
0.000270901
4.79653e-05
0.000249718
0.000189523
0.00082663
0.000264039
2.39502e-05
8.80989e-05
0.000105236
0.000113448
9.45052e-05
0.000134346
0.000148982
0.000122832
0.000238855
5.19356e-05
0.000169944
0.000131131
0.000231488
0.000177596
0.000256273
0.000166948
2.39502e-05
2.39502e-05
0.000137474
0.000145101
6.14158e-05
5.97637e-05
0.000258447
0.000106307
0.000117154
0.000290993
0.000116962
2.39502e-05
2.39502e-05
8.83467e-05
0.00011252
2.39502e-05
0.000256649
2.39502e-05
2.39502e-05
9.1119e-05
0.000229593
0.000306141
2.39502e-05
0.000485411
2.39502e-05
0.000193815
0.00022417
2.39502e-05
2.39502e-05
0.000144394
2.39502e-05
0.000169775
0.000170829
2.39502e-05
7.77164e-05
0.000103115
0.000139081
2.39502e-05
0.000220031
2.39502e-05
0.000241894
0.000155004
0.000153771
4.57647e-05
0.000499873
2.39502e-05
2.39502e-05
0.00018414
0.000203727
0.000318021
2.39502e-05
4.04974e-05
9.87327e-05
0.00056899
0.000164879
3.42815e-05
0.000193023
8.8555e-05
0.000133682
0.000153458
8.85111e-05
7.62222e-05
2.39502e-05
9.75442e-05
2.39502e-05
2.39502e-05
0.000243383
2.39502e-05
0.000232249
0.000194225
2.45322e-05
0.000189001
0.000101352
2.39502e-05
0.000163306
0.000262025
2.39502e-05
0.000141461
8.31446e-05
0.000151067
0.000186261
0.000179504
0.000123872
0.000117408
0.000224182
0.000507545
2.39502e-05
0.000262074
0.000156017
2.39502e-05
0.000442904
2.39502e-05
0.000254556
2.39502e-05
0.000562224
2.39502e-05
0.000415681
2.39502e-05
0.000130792
0.00015848
2.39502e-05
0.000209402
0.00028161
2.39502e-05
2.39502e-05
0.000505022
2.39502e-05
0.000113806
2.39502e-05
0.00014665
0.000150115
3.81878e-05
8.94336e-05
0.000134221
2.78032e-05
2.39502e-05
2.39502e-05
0.00026717
2.39502e-05
0.000273282
0.000562389
0.000198134
2.39502e-05
0.000167184
6.89737e-05
0.00023803
2.39502e-05
7.8741e-05
2.39502e-05
7.35177e-05
2.39502e-05
0.000243645
2.39502e-05
0.000156148
2.39502e-05
0.000137996
0.000114837
0.000388515
0.000244568
2.39502e-05
9.18482e-05
0.000284359
0.00021234
0.000564146
0.000262095
0.000116703
2.39502e-05
2.39502e-05
0.000276998
0.000474786
3.56468e-05
2.39502e-05
4.37488e-05
7.24093e-05
3.94666e-05
0.000196883
2.39502e-05
0.00034763
2.39502e-05
0.000131859
2.39502e-05
2.39502e-05
0.000158452
2.39502e-05
0.000105895
9.7409e-05
2.39502e-05
0.000204259
2.39502e-05
2.39502e-05
9.21267e-05
3.03798e-05
0.000646866
5.89642e-05
2.39502e-05
2.39502e-05
0.000718089
0.000194727
0.000320717
0.000121808
0.000346719
0.000456386
0.000252234
8.71463e-05
0.000256195
2.39502e-05
0.0001846
0.00014008
0.000138825
2.39502e-05
2.39502e-05
2.39502e-05
2.39502e-05
0.000167503
0.000145922
2.39502e-05
9.36049e-05
0.000258864
2.39502e-05
0.000201795
0.000170702
2.39502e-05
0.000330494
0.000283134
4.3882e-05
9.03103e-05
2.39502e-05
0.000525762
3.44281e-05
8.32226e-05
7.17312e-05
0.000148191
0.000210406
2.39502e-05
4.91468e-05
2.39502e-05
0.000121275
3.62945e-05
4.16525e-05
0.000629765
2.39502e-05
5.88103e-05
2.39502e-05
2.39502e-05
3.85795e-05
0.000172248
4.27367e-05
0.000248888
2.48835e-05
2.39502e-05
9.568e-05
0.000304994
0.000205059
0.00016706
2.39502e-05
0.000194713
0.000223457
8.43175e-05
0.000131542
0.000557964
2.39502e-05
2.39502e-05
4.14813e-05
2.39502e-05
0.000140668
0.000208726
0.000129352
2.39502e-05
0.000488473
2.39502e-05
2.39502e-05
3.86395e-05
2.39502e-05
6.80714e-05
0.000124017
2.39502e-05
0.000236986
0.000940077
2.39502e-05
0.000126925
0.000115478
2.39502e-05
0.000241947
0.000156298
0.000274212
0.000110174
2.39502e-05
0.000397219
7.85448e-05
2.39502e-05
2.39502e-05
2.39502e-05
2.39502e-05
0.000174526
2.39502e-05
0.000104767
2.39502e-05
2.39502e-05
9.66895e-05
2.39502e-05
2.39502e-05
2.39502e-05
0.00017158
0.000146182
2.39502e-05
4.55054e-05
2.39502e-05
2.39502e-05
2.39502e-05
2.39502e-05
2.39502e-05
0.000476603
0.000155708
2.39502e-05
2.39502e-05
2.39502e-05
0.00010804
7.99714e-05
4.43126e-05
2.39502e-05
4.94983e-05
2.39502e-05
0.000216998
0.000294724
0.000177749
2.39502e-05
2.39502e-05
0.000345565
0.000183925
2.39502e-05
2.39502e-05
0.000140601
7.75407e-05
3.76319e-05
0.000185162
0.000223259
0.000136121
2.39502e-05
2.39502e-05
2.39502e-05
0.00012904
0.000190317
2.39502e-05
0.000147878
0.000515762
7.0767e-05
7.85127e-05
2.39502e-05
0.000158571
2.39502e-05
0.000229434
8.97718e-05
0.000669153
2.39502e-05
0.000283666
0.000121277
2.39502e-05
4.19883e-05
0.000243893
2.39502e-05
3.24817e-05
0.000107501
0.000142627
0.000103917
2.39502e-05
2.39502e-05
2.39502e-05
2.39502e-05
2.39502e-05
0.000476019
0.000195942
2.39502e-05
9.29644e-05
0.000101057
0.000141507
2.39502e-05
0.000221695
2.39502e-05
7.80539e-05
0.000401859
9.33697e-05
0.000160196
0.000146762
7.82202e-05
2.39502e-05
2.39502e-05
0.000174517
0.000339685
0.000152041
8.77251e-05
0.00023877
2.39502e-05
0.00038829
2.39502e-05
2.39502e-05
0.000171472
0.000123696
3.21337e-05
0.000148413
0.000325295
2.39502e-05
0.000278097
2.66123e-05
0.000134587
2.39502e-05
0.000112814
0.000148529
2.39502e-05
5.58877e-05
2.39502e-05
0.000128889
5.08347e-05
8.54374e-05
0.000389426
0.00028084
0.000132541
2.39502e-05
0.000170917
0.000104063
0.000193362
9.26173e-05
0.000119677
0.00010706
2.39502e-05
2.39502e-05
0.000178577
2.39502e-05
2.39502e-05
0.000356015
0.00013449
2.39502e-05
0.000183319
0.000313264
5.50989e-05
2.39502e-05
9.97622e-05
2.39502e-05
0.000131328
2.39502e-05
0.000239899
2.39502e-05
2.39502e-05
0.000105124
0.000275435
2.39502e-05
6.85207e-05
7.86851e-05
2.39502e-05
2.39502e-05
6.58284e-05
0.00011647
0.000129621
2.39502e-05
2.39502e-05
2.64949e-05
2.39502e-05
2.39502e-05
0.000161895
0.000252111
2.39502e-05
2.39502e-05
2.68639e-05
2.39502e-05
7.52782e-05
2.39502e-05
2.39502e-05
0.000131325
2.39502e-05
0.000608367
5.52187e-05
0.000336901
0.000138997
9.07221e-05
2.39502e-05
2.39502e-05
0.000246583
0.000259564
0.000246999
2.39502e-05
8.57855e-05
2.39502e-05
2.39502e-05
2.39502e-05
0.000133964
2.39502e-05
8.89319e-05
2.39502e-05
3.65745e-05
0.000175706
5.14572e-05
0.000234842
0.000135249
0.000206182
2.39502e-05
0.000139098
0.000291968
2.39502e-05
2.39502e-05
2.39502e-05
5.52266e-05
2.39502e-05
0.000177879
2.43417e-05
5.09186e-05
0.00013546
2.39502e-05
0.000133071
2.39502e-05
2.39502e-05
2.39502e-05
0.00015407
2.39502e-05
8.93983e-05
5.94222e-05
6.65146e-05
0.000187995
2.39502e-05
8.11007e-05
0.000208152
2.39502e-05
2.39502e-05
2.39502e-05
2.43656e-05
9.35307e-05
2.39502e-05
9.47736e-05
0.000493932
2.39502e-05
6.62106e-05
4.65793e-05
2.39502e-05
0.000109156
2.39502e-05
6.70411e-05
2.39502e-05
8.06996e-05
2.39502e-05
9.66849e-05
0.000190276
2.39502e-05
2.39502e-05
0.000360119
0.000107873
0.000431931
0.000404385
2.39502e-05
0.000135002
2.39502e-05
0.000136501
6.00532e-05
2.39502e-05
0.000579452
2.39502e-05
0.000154127
8.83884e-05
4.07007e-05
2.39502e-05
0.000377524
7.55866e-05
0.000285767
2.39502e-05
2.39502e-05
2.39502e-05
7.30479e-05
2.39502e-05
7.50826e-05
0.000210549
7.17639e-05
0.000132361
9.37117e-05
0.000109308
8.06728e-05
0.000318057
2.39502e-05
0.000199403
2.39502e-05
2.39502e-05
7.46041e-05
2.39502e-05
0.000369791
7.26698e-05
0.000169932
2.39502e-05
0.000335748
0.000254018
0.000210286
0.000396343
0.000174753
2.39502e-05
8.53347e-05
2.39502e-05
0.000269782
0.000144311
0.00025181
0.000144376
2.39502e-05
7.34286e-05
2.39502e-05
2.39502e-05
2.39502e-05
2.39502e-05
2.39502e-05
0.000231848
0.000213933
2.39502e-05
2.39502e-05
2.39502e-05
2.39502e-05
2.39502e-05
2.39502e-05
0.000189387
2.39502e-05
2.39502e-05
2.39502e-05
2.39502e-05
6.02241e-05
5.77218e-05
7.0133e-05
7.83995e-05
8.08163e-05
2.39502e-05
9.62401e-05
2.39502e-05
2.39502e-05
0.000457739
2.39502e-05
0.000191386
0.000140147
0.000480336
0.000423787
0.000176814
0.000235714
3.49914e-05
0.000130961
2.39502e-05
0.000228791
2.39502e-05
3.38633e-05
2.39502e-05
0.000188578
0.000145675
2.39502e-05
6.03389e-05
2.39502e-05
2.39502e-05
0.000256542
0.000196065
6.41864e-05
2.39502e-05
0.000392643
0.000113965
2.39502e-05
0.000311863
0.000130205
4.70767e-05
2.39502e-05
0.000169449
0.000120904
0.000169914
0.000153692
2.39502e-05
0.000331727
9.41101e-05
2.39502e-05
0.000262723
2.39502e-05
0.000104453
0.0001746
0.000140543
2.39502e-05
0.000261054
0.00024603
2.39502e-05
2.39502e-05
0.000509949
2.59205e-05
5.63476e-05
0.000296449
0.000128644
6.82776e-05
2.39502e-05
2.39502e-05
9.5562e-05
0.000139663
0.000411141
2.39502e-05
2.39502e-05
2.39502e-05
3.49857e-05
3.72557e-05
2.39502e-05
2.39502e-05
0.00013464
0.000180254
2.39502e-05
0.000101342
2.39502e-05
0.000303888
2.39502e-05
0.000152339
0.000147481
2.39502e-05
2.39502e-05
6.46125e-05
0.000340623
2.39502e-05
0.000154514
2.39502e-05
2.39502e-05
0.000231343
0.00044341
2.39502e-05
8.29544e-05
2.39502e-05
2.39502e-05
2.39502e-05
0.00011114
2.39502e-05
7.37765e-05
0.000123023
0.000215795
2.39502e-05
0.000138305
0.000321463
0.000379445
2.39502e-05
2.39502e-05
0.000191422
2.39502e-05
2.39502e-05
8.94179e-05
0.000419257
2.39502e-05
0.00012391
4.53779e-05
2.39502e-05
2.39502e-05
2.39502e-05
2.39502e-05
3.44135e-05
0.00017191
0.000242256
8.51182e-05
0.000136886
4.72193e-05
2.39502e-05
2.39502e-05
0.00014636
2.39502e-05
0.000419218
2.39502e-05
0.0002752
2.39502e-05
2.54371e-05
6.39194e-05
2.39502e-05
2.39502e-05
2.39502e-05
2.39502e-05
0.000296265
2.39502e-05
0.000148624
2.39502e-05
0.000133018
2.39502e-05
2.39502e-05
9.42416e-05
0.000147815
0.000146615
0.000206897
2.39502e-05
2.39502e-05
0.000137056
2.39502e-05
0.000168377
2.39502e-05
6.53335e-05
2.70824e-05
0.000310715
2.39502e-05
4.5396e-05
2.39502e-05
2.39502e-05
2.39502e-05
2.39502e-05
2.39502e-05
5.64899e-05
2.39502e-05
0.00011634
7.19291e-05
0.000128773
2.39502e-05
0.000402368
8.82479e-05
0.000139432
2.39502e-05
2.39502e-05
0.000206856
6.18029e-05
2.39502e-05
2.39502e-05
0.000217356
4.37314e-05
2.39502e-05
2.39502e-05
8.27601e-05
0.000242225
2.39502e-05
2.39502e-05
2.39502e-05
2.39502e-05
0.000608416
4.43079e-05
8.4166e-05
8.07794e-05
0.000140004
0.000118496
0.000194807
2.39502e-05
7.44873e-05
0.00051121
9.952e-05
0.000124156
9.2194e-05
2.39502e-05
0.000208512
2.39502e-05
2.39502e-05
0.000119496
2.39502e-05
5.21599e-05
2.39502e-05
2.39502e-05
2.39502e-05
0.000150237
2.39502e-05
2.39502e-05
0.000288885
2.39502e-05
0.000284374
0.00024895
2.78902e-05
2.39502e-05
3.77074e-05
9.9889e-05
2.39502e-05
2.39502e-05
2.39502e-05
0.000290789
0.000106933
2.39502e-05
0.000220354
0.000298021
2.39502e-05
6.16019e-05
0.000100462
0.000125595
0.000105463
3.84002e-05
0.000267952
2.39502e-05
2.39502e-05
0.000159068
0.000134094
2.39502e-05
0.000207058
2.39502e-05
5.31064e-05
0.000122004
2.39502e-05
0.000115927
0.00013201
2.39502e-05
2.39502e-05
2.39502e-05
5.62707e-05
2.39502e-05
3.73159e-05
2.39502e-05
2.39502e-05
2.39502e-05
0.000405714
2.39502e-05
2.39502e-05
0.000203248
2.39502e-05
7.65835e-05
8.80004e-05
2.39502e-05
2.64043e-05
0.000166113
2.39502e-05
9.91143e-05
2.39502e-05
8.55419e-05
0.000225748
2.39502e-05
3.82059e-05
2.39502e-05
2.39502e-05
0.000171717
0.000159376
2.39502e-05
0.000122048
0.000285727
0.000250275
2.39502e-05
0.000316681
0.000574839
0.000205645
0.000277141
2.39502e-05
2.39502e-05
2.39502e-05
2.39502e-05
4.79543e-05
0.000319655
2.39502e-05
2.39502e-05
0.000137716
2.39502e-05
5.32696e-05
2.39502e-05
2.39502e-05
2.39502e-05
0.000155919
0.000216403
6.48594e-05
2.39502e-05
2.39502e-05
0.000375166
2.39502e-05
0.000111753
2.39502e-05
0.000139168
2.39502e-05
2.39502e-05
2.39502e-05
2.39502e-05
2.39502e-05
0.000266422
2.39502e-05
0.000104653
0.000120268
2.39502e-05
2.39502e-05
0.00015025
7.90463e-05
0.00017571
5.61856e-05
7.88617e-05
2.58427e-05
2.39502e-05
2.39502e-05
2.39502e-05
0.00010131
0.000134079
0.00065371
0.000116081
2.39502e-05
0.000162632
2.39502e-05
2.39502e-05
0.000138556
0.00011949
6.58248e-05
0.000164824
2.39502e-05
0.000220635
2.68603e-05
4.91638e-05
6.90952e-05
4.6277e-05
2.39502e-05
0.00016728
2.39502e-05
0.000105484
2.39502e-05
0.000596227
2.39502e-05
8.47632e-05
2.96366e-05
2.39502e-05
0.000169217
6.8501e-05
0.000269648
2.39502e-05
0.000157509
2.39502e-05
2.39502e-05
9.8802e-05
0.000136028
0.000160778
0.000207267
0.000133558
2.39502e-05
2.80559e-05
2.39502e-05
2.39502e-05
2.39502e-05
2.39502e-05
2.39502e-05
2.6651e-05
2.39502e-05
6.92833e-05
0.000139664
2.39502e-05
0.000266739
0.000103573
2.39502e-05
2.39502e-05
0.000137518
2.39502e-05
0.000151689
0.000135556
2.39502e-05
9.27363e-05
2.39502e-05
2.39502e-05
2.39502e-05
7.9017e-05
5.74011e-05
2.39502e-05
0.000243193
2.39502e-05
2.39502e-05
2.39502e-05
0.000100975
2.39502e-05
8.97249e-05
2.39502e-05
2.39502e-05
0.000293914
5.45958e-05
2.39502e-05
0.000127842
5.72922e-05
0.000237393
2.39502e-05
2.39502e-05
2.39502e-05
2.39502e-05
2.39502e-05
2.39502e-05
6.71829e-05
2.39502e-05
2.39502e-05
2.39502e-05
2.39502e-05
2.39502e-05
2.39502e-05
6.78292e-05
2.39502e-05
2.39502e-05
0.000116471
2.39502e-05
4.25788e-05
2.39502e-05
2.39502e-05
9.99201e-05
2.39502e-05
2.39502e-05
2.39502e-05
0.000113146
2.39502e-05
0.000190427
5.29898e-05
3.68215e-05
2.39502e-05
7.51002e-05
2.46203e-05
3.27607e-05
2.39502e-05
9.89788e-05
4.90907e-05
2.39502e-05
2.39502e-05
2.39502e-05
0.000166539
2.39502e-05
0.000147503
3.19296e-05
0.000183025
0.000108756
2.39502e-05
2.39502e-05
2.39502e-05
2.39502e-05
5.11451e-05
9.7735e-05
2.39502e-05
2.39502e-05
2.50615e-05
2.39502e-05
2.39502e-05
2.39502e-05
0.000196105
2.39502e-05
2.39502e-05
2.74422e-05
0.000167939
2.39502e-05
2.39502e-05
2.39502e-05
2.39502e-05
0.000440962
2.39502e-05
2.39502e-05
2.39502e-05
6.96384e-05
2.39502e-05
2.39502e-05
0.000153598
2.39502e-05
6.1883e-05
2.39502e-05
0.000157439
2.39502e-05
7.75065e-05
0.000154277
2.39502e-05
4.97163e-05
2.39502e-05
2.39502e-05
2.39502e-05
2.39502e-05
2.6007e-05
6.21648e-05
0.000178872
2.39502e-05
8.61315e-05
2.39502e-05
0.000109757
0.000139576
8.85435e-05
2.39502e-05
2.39502e-05
2.39502e-05
2.39502e-05
2.39502e-05
9.13021e-05
2.39502e-05
2.39502e-05
0.000269721
2.39502e-05
2.39502e-05
2.39502e-05
4.61246e-05
0.000159248
2.39502e-05
9.35925e-05
2.39502e-05
5.89824e-05
2.39502e-05
2.77411e-05
2.39502e-05
2.39502e-05
2.39502e-05
9.7423e-05
0.00010123
9.70508e-05
2.39502e-05
2.39502e-05
2.39502e-05
0.000212129
0.000267029
2.39502e-05
2.39502e-05
5.595e-05
2.39502e-05
9.29491e-05
2.39502e-05
2.39502e-05
2.39502e-05
7.15794e-05
2.39502e-05
2.39502e-05
0.00011161
0.000116877
2.39502e-05
2.39502e-05
0.000100361
0.000203747
0.000196397
2.39502e-05
2.39502e-05
0.000172894
5.49983e-05
2.39502e-05
2.39502e-05
0.000217125
2.39502e-05
2.39502e-05
0.000239003
2.39502e-05
0.000306839
0.000177281
2.39502e-05
0.000125951
9.16144e-05
2.39502e-05
6.15823e-05
2.39502e-05
8.69408e-05
0.0002637
9.91222e-05
4.77697e-05
0.000101974
2.39502e-05
2.39502e-05
2.39502e-05
6.55572e-05
0.000136976
2.39502e-05
7.1018e-05
9.54003e-05
2.39502e-05
2.39502e-05
2.39502e-05
0.000116447
2.39502e-05
4.98251e-05
2.39502e-05
2.39502e-05
2.39502e-05
0.000174455
2.39502e-05
0.000160871
2.39502e-05
8.84912e-05
2.39502e-05
7.09908e-05
8.15999e-05
2.39502e-05
2.39502e-05
2.39502e-05
2.39502e-05
2.39502e-05
0.000226906
2.39502e-05
2.39502e-05
9.04633e-05
2.39502e-05
3.70535e-05
8.24849e-05
2.39502e-05
0.000154083
2.39502e-05
2.39502e-05
2.39502e-05
2.39502e-05
2.39502e-05
0.000126013
2.39502e-05
0.000497982
0.000190886
3.07701e-05
2.39502e-05
2.39502e-05
2.39502e-05
8.41703e-05
2.39502e-05
0.000107694
2.39502e-05
2.39502e-05
0.000132285
2.39502e-05
4.52012e-05
0.000136877
2.39502e-05
2.39502e-05
2.82621e-05
2.39502e-05
0.000149702
2.39502e-05
2.39502e-05
9.72842e-05
2.79999e-05
2.39502e-05
6.50884e-05
2.39502e-05
0.000251219
2.39502e-05
2.39502e-05
2.39502e-05
2.39502e-05
0.000100423
6.25681e-05
2.39502e-05
2.39502e-05
9.82034e-05
2.39502e-05
2.39502e-05
2.39502e-05
2.39502e-05
5.19079e-05
4.12862e-05
2.39502e-05
9.03517e-05
2.39502e-05
2.39502e-05
0.000131169
7.30019e-05
9.53542e-05
0.00015368
2.39502e-05
0.000104926
2.39502e-05
2.39502e-05
2.39502e-05
2.39502e-05
2.39502e-05
7.98487e-05
2.39502e-05
2.39502e-05
3.78299e-05
3.14275e-05
0.000180244
2.39502e-05
6.00294e-05
2.39502e-05
2.39502e-05
2.61313e-05
7.42051e-05
0.000105768
2.39502e-05
9.9122e-05
2.39502e-05
2.39502e-05
2.39502e-05
0.000125615
2.39502e-05
2.50842e-05
2.39502e-05
4.92591e-05
0.000369169
2.39502e-05
0.000210654
2.39502e-05
2.39502e-05
2.39502e-05
2.39502e-05
6.32132e-05
2.39502e-05
4.83794e-05
2.39502e-05
2.39502e-05
0.000118026
0.000108601
5.40767e-05
2.39502e-05
2.39502e-05
2.39502e-05
2.39502e-05
0.000212831
2.39502e-05
2.39502e-05
0.000261493
2.39502e-05
0.000107888
2.39502e-05
5.30905e-05
2.39502e-05
0.000215424
4.17764e-05
2.39502e-05
2.39502e-05
2.39502e-05
8.36055e-05
0.000170848
8.43048e-05
2.39502e-05
0.000227745
2.39502e-05
2.39502e-05
2.39502e-05
5.8501e-05
2.39502e-05
2.8004e-05
0.00012461
2.39502e-05
2.39502e-05
0.000248315
0.000145945
2.39502e-05
0.000169102
2.39502e-05
2.39502e-05
6.56765e-05
0.000106094
4.23621e-05
6.11682e-05
2.39502e-05
2.39502e-05
7.14549e-05
2.39502e-05
2.39502e-05
2.39502e-05
3.10893e-05
2.39502e-05
2.39502e-05
0.000241955
2.39502e-05
8.28292e-05
2.39502e-05
9.76048e-05
6.11656e-05
2.39502e-05
2.39502e-05
2.39502e-05
4.68163e-05
6.59735e-05
2.39502e-05
2.39502e-05
0.000161383
2.39502e-05
4.14086e-05
0.000140603
8.84511e-05
2.39502e-05
0.000155395
7.93013e-05
2.39502e-05
4.43131e-05
2.39502e-05
0.000136948
2.39502e-05
2.39502e-05
7.37279e-05
2.39502e-05
2.86159e-05
2.39502e-05
2.39502e-05
0.000204808
2.39502e-05
2.39502e-05
2.39502e-05
0.000196167
2.61751e-05
2.39502e-05
2.39502e-05
2.39502e-05
8.26446e-05
2.39502e-05
2.39502e-05
2.39502e-05
2.75817e-05
2.39502e-05
2.59246e-05
6.13801e-05
2.39502e-05
2.39502e-05
2.39502e-05
2.66548e-05
0.00023792
8.48604e-05
2.39502e-05
2.39502e-05
2.39502e-05
2.39502e-05
2.39502e-05
0.000158094
2.39502e-05
2.39502e-05
2.39502e-05
2.39502e-05
2.55903e-05
2.39502e-05
0.000130953
2.39502e-05
2.39502e-05
5.69297e-05
2.39502e-05
2.39502e-05
2.39502e-05
2.39502e-05
2.39502e-05
0.000157885
2.39502e-05
2.39502e-05
2.39502e-05
0.000209184
2.39502e-05
2.39502e-05
2.54043e-05
2.39502e-05
2.56628e-05
2.39502e-05
2.39502e-05
2.41749e-05
2.39502e-05
7.93117e-05
2.39502e-05
2.39502e-05
2.39502e-05
2.39502e-05
6.29409e-05
2.39502e-05
2.39502e-05
4.43079e-05
2.39502e-05
4.00014e-05
0.000100346
2.39502e-05
2.39502e-05
9.58237e-05
2.39502e-05
3.12144e-05
2.39502e-05
2.39502e-05
0.000111091
0.000135072
2.39502e-05
2.39502e-05
2.39502e-05
2.39502e-05
4.45885e-05
2.39502e-05
2.39502e-05
2.39502e-05
2.39502e-05
0.000175229
0.000259744
2.39502e-05
7.7159e-05
2.39502e-05
0.000175083
2.39502e-05
0.000126068
2.39502e-05
2.39502e-05
0.000155
2.39502e-05
2.39502e-05
7.45565e-05
0.000108123
7.18216e-05
0.000134136
8.60131e-05
0.000268213
2.64043e-05
2.39502e-05
2.39502e-05
2.39502e-05
2.39502e-05
7.61024e-05
2.39502e-05
4.90767e-05
2.39502e-05
6.86685e-05
2.39502e-05
0.00011686
8.48422e-05
7.32155e-05
9.32126e-05
2.39502e-05
6.78788e-05
2.39502e-05
2.39502e-05
3.98453e-05
2.39502e-05
2.39502e-05
2.39502e-05
2.39502e-05
9.83668e-05
2.39502e-05
2.39502e-05
0.000137945
2.39502e-05
2.39502e-05
2.39502e-05
2.39502e-05
2.39502e-05
2.39502e-05
2.39502e-05
2.39502e-05
2.39502e-05
2.39502e-05
2.39502e-05
2.39502e-05
2.39502e-05
2.39502e-05
2.39502e-05
0.000138589
2.39502e-05
2.39502e-05
2.39502e-05
0.000126991
2.39502e-05
0.000100815
2.39502e-05
2.39502e-05
9.15215e-05
7.85294e-05
2.39502e-05
2.39502e-05
2.39502e-05
2.46539e-05
2.39502e-05
0.000171755
2.39502e-05
2.39502e-05
2.39502e-05
2.39502e-05
2.39502e-05
2.39502e-05
4.05624e-05
0.000149369
2.39502e-05
2.39502e-05
0.000215839
2.39502e-05
0.000125347
2.39502e-05
0.000103778
3.07679e-05
2.39502e-05
6.50649e-05
2.39502e-05
2.39502e-05
2.39502e-05
3.4129e-05
9.1837e-05
2.39502e-05
2.80973e-05
2.39502e-05
3.90212e-05
2.39502e-05
0.00012335
2.39502e-05
2.39502e-05
2.39502e-05
3.4129e-05
0.000138722
2.39502e-05
2.39502e-05
2.39502e-05
2.39502e-05
2.39502e-05
2.39502e-05
2.39502e-05
2.43137e-05
2.39502e-05
2.39502e-05
2.39502e-05
2.39502e-05
4.29357e-05
2.39502e-05
2.39502e-05
0.000167521
5.02403e-05
7.57775e-05
2.39502e-05
7.26956e-05
2.39502e-05
2.39502e-05
2.76475e-05
2.86503e-05
0.000295386
2.39502e-05
2.39502e-05
2.39502e-05
2.39502e-05
2.39502e-05
2.39502e-05
2.39502e-05
2.39502e-05
2.39502e-05
2.39502e-05
2.39502e-05
2.39502e-05
2.39502e-05
2.39502e-05
0.000179069
2.39502e-05
2.39502e-05
2.39502e-05
3.96731e-05
2.39502e-05
2.39502e-05
2.39502e-05
2.39502e-05
2.39502e-05
2.39502e-05
2.39502e-05
2.39502e-05
2.39502e-05
2.39502e-05
2.39502e-05
2.39502e-05
2.39502e-05
9.96823e-05
2.39502e-05
2.39502e-05
2.39502e-05
9.70914e-05
2.39502e-05
2.39502e-05
6.66987e-05
0.000176947
2.88388e-05
2.39502e-05
2.39502e-05
2.39502e-05
7.60294e-05
2.39502e-05
2.39502e-05
2.39502e-05
2.39502e-05
2.39502e-05
2.78588e-05
2.39502e-05
2.39502e-05
0.000173745
0.00013577
4.27798e-05
2.39502e-05
2.39502e-05
2.39502e-05
5.13998e-05
2.39502e-05
2.39502e-05
3.92187e-05
2.39502e-05
4.34882e-05
2.39502e-05
2.39502e-05
2.39502e-05
2.39502e-05
2.46737e-05
2.60439e-05
9.28816e-05
2.39502e-05
2.39502e-05
6.96663e-05
2.39502e-05
0.000260438
2.39502e-05
2.39502e-05
7.8961e-05
2.39502e-05
2.39502e-05
7.69519e-05
2.39502e-05
5.51794e-05
2.39502e-05
4.56652e-05
2.39502e-05
0.000176457
2.39502e-05
2.39502e-05
2.39502e-05
2.39502e-05
4.9066e-05
2.39502e-05
2.39502e-05
2.39502e-05
9.22085e-05
2.39502e-05
2.41288e-05
6.19767e-05
2.39502e-05
2.39502e-05
2.39502e-05
2.39502e-05
2.39502e-05
7.80742e-05
2.39502e-05
0.000103152
4.32682e-05
2.39502e-05
2.39502e-05
2.39502e-05
2.39502e-05
2.39502e-05
2.39502e-05
2.39502e-05
0.000150266
2.39502e-05
2.39502e-05
2.39502e-05
2.39502e-05
2.39502e-05
2.39502e-05
2.39502e-05
2.39502e-05
2.39502e-05
2.39502e-05
9.60048e-05
3.47523e-05
0.000134152
2.39502e-05
2.39502e-05
2.39502e-05
2.39502e-05
2.39502e-05
2.39502e-05
2.39502e-05
0.000122616
2.39502e-05
2.39502e-05
2.39502e-05
2.39502e-05
2.39502e-05
2.39502e-05
2.39502e-05
2.39502e-05
2.39502e-05
2.39502e-05
2.39502e-05
6.65046e-05
3.42305e-05
2.39502e-05
2.39502e-05
2.39502e-05
2.39502e-05
2.39502e-05
2.39502e-05
2.39502e-05
2.39502e-05
2.39502e-05
2.39502e-05
2.39502e-05
2.39502e-05
2.39502e-05
2.39502e-05
2.39502e-05
0.000117416
2.39502e-05
2.39502e-05
2.39502e-05
2.39502e-05
2.39502e-05
2.39502e-05
2.39502e-05
2.39502e-05
2.94244e-05
4.55054e-05
2.39502e-05
0.000128075
2.39502e-05
2.39502e-05
2.39502e-05
2.39502e-05
2.39502e-05
0.000132851
2.39502e-05
2.39502e-05
2.39502e-05
2.39502e-05
2.39502e-05
6.05185e-05
2.39502e-05
9.04521e-05
2.39502e-05
2.39502e-05
3.3776e-05
2.39502e-05
2.77481e-05
2.39502e-05
2.39502e-05
5.29377e-05
5.59472e-05
2.39502e-05
2.45004e-05
2.39502e-05
2.39502e-05
2.39502e-05
2.39502e-05
2.39502e-05
2.39502e-05
2.39502e-05
2.39502e-05
2.39502e-05
7.74783e-05
2.39502e-05
2.39502e-05
2.39502e-05
2.39502e-05
0.000148517
2.39502e-05
2.39502e-05
4.6679e-05
2.39502e-05
2.93077e-05
2.39502e-05
2.39502e-05
2.39502e-05
2.39502e-05
3.91976e-05
2.39502e-05
0.000129927
9.35298e-05
2.39502e-05
2.39502e-05
2.39502e-05
2.39502e-05
3.24838e-05
3.16011e-05
2.39502e-05
2.39502e-05
4.73432e-05
2.39502e-05
4.79236e-05
2.39502e-05
2.39502e-05
2.39502e-05
2.39502e-05
2.39502e-05
0.000106022
2.39502e-05
2.98262e-05
9.56938e-05
2.39502e-05
2.39502e-05
6.98121e-05
2.39502e-05
2.39502e-05
2.39502e-05
5.27234e-05
2.39502e-05
2.39502e-05
2.39502e-05
2.39502e-05
2.39502e-05
2.39502e-05
2.39502e-05
2.39502e-05
2.39502e-05
3.50345e-05
6.37876e-05
2.39502e-05
2.39502e-05
5.44631e-05
8.94904e-05
2.39502e-05
2.39502e-05
2.39502e-05
0.000183986
2.39502e-05
8.86209e-05
3.55276e-05
2.77857e-05
2.39502e-05
2.39502e-05
2.39502e-05
2.39502e-05
0.000121161
2.39502e-05
3.05581e-05
2.84244e-05
2.39502e-05
2.39502e-05
2.39502e-05
2.39502e-05
2.39502e-05
2.39502e-05
2.68584e-05
2.39502e-05
2.39502e-05
9.56718e-05
4.01807e-05
2.39502e-05
2.39502e-05
0.000233647
2.39502e-05
7.65092e-05
2.39502e-05
4.14699e-05
4.5472e-05
9.63949e-05
2.39502e-05
2.39502e-05
2.39502e-05
5.31432e-05
2.39502e-05
2.39502e-05
2.39502e-05
7.00265e-05
2.39502e-05
6.10801e-05
2.39502e-05
2.39502e-05
2.39502e-05
2.39502e-05
2.71062e-05
2.39502e-05
2.39502e-05
2.39502e-05
2.39502e-05
2.39502e-05
2.43137e-05
2.39502e-05
2.46403e-05
2.39502e-05
2.39502e-05
2.39502e-05
2.39502e-05
2.39502e-05
2.39502e-05
2.39502e-05
4.45368e-05
3.23912e-05
3.03033e-05
2.39502e-05
2.39502e-05
2.51705e-05
2.39502e-05
0.000283382
2.39502e-05
2.39502e-05
0.000151712
2.39502e-05
2.39502e-05
2.45004e-05
2.39502e-05
2.39502e-05
2.39502e-05
2.39502e-05
2.39502e-05
2.39502e-05
2.39502e-05
2.39502e-05
2.39502e-05
2.73213e-05
2.39502e-05
2.39502e-05
2.39502e-05
6.0441e-05
2.39502e-05
2.39502e-05
2.39502e-05
2.39502e-05
2.39502e-05
2.39502e-05
2.39502e-05
2.39502e-05
3.24814e-05
2.39502e-05
2.39502e-05
4.83794e-05
2.39502e-05
4.62784e-05
2.39502e-05
2.39502e-05
2.39502e-05
2.39502e-05
2.39502e-05
2.39502e-05
2.64043e-05
2.39502e-05
2.39502e-05
2.39502e-05
2.39502e-05
2.39502e-05
2.39502e-05
2.39502e-05
2.39502e-05
2.39502e-05
2.39502e-05
2.39502e-05
2.39502e-05
9.20818e-05
2.39502e-05
2.39502e-05
2.39502e-05
2.39502e-05
2.39502e-05
2.39502e-05
6.03074e-05
2.39502e-05
2.39502e-05
2.39502e-05
2.39502e-05
3.5415e-05
2.39502e-05
2.39502e-05
0.000256461
2.39502e-05
2.39502e-05
2.39502e-05
2.39502e-05
2.39502e-05
2.39502e-05
2.39502e-05
2.39502e-05
0.000175428
2.39502e-05
2.39502e-05
9.73273e-05
2.39502e-05
2.39502e-05
2.39502e-05
2.39502e-05
2.39502e-05
8.97012e-05
2.39502e-05
2.39502e-05
2.39502e-05
2.39502e-05
2.39502e-05
2.39502e-05
2.39502e-05
2.39502e-05
2.39502e-05
2.39502e-05
2.39502e-05
2.39502e-05
2.39502e-05
2.39502e-05
8.93408e-05
2.39502e-05
2.47161e-05
2.39502e-05
2.39502e-05
2.39502e-05
2.39502e-05
2.39502e-05
2.47343e-05
2.39502e-05
5.58444e-05
2.39502e-05
2.39502e-05
2.39502e-05
2.39502e-05
2.39502e-05
2.39502e-05
2.39502e-05
2.39502e-05
2.39502e-05
2.39502e-05
2.39502e-05
4.43079e-05
2.39502e-05
2.39502e-05
2.39502e-05
2.39502e-05
0.000102388
2.39502e-05
0.000110908
2.39502e-05
2.39502e-05
2.39502e-05
2.39502e-05
2.39502e-05
2.39502e-05
9.63924e-05
0.000154507
2.39502e-05
2.39502e-05
2.39502e-05
2.39502e-05
5.32495e-05
2.39502e-05
2.39502e-05
2.39502e-05
2.39502e-05
2.45004e-05
2.89467e-05
2.39502e-05
3.69392e-05
2.39502e-05
2.39502e-05
2.39502e-05
2.39502e-05
2.39502e-05
2.39502e-05
3.21314e-05
2.39502e-05
2.39502e-05
2.39502e-05
2.39502e-05
2.39502e-05
2.39502e-05
4.75287e-05
4.06023e-05
2.39502e-05
2.39502e-05
2.39502e-05
2.39502e-05
2.39502e-05
2.39502e-05
2.39502e-05
2.39502e-05
2.39502e-05
2.39502e-05
2.39502e-05
2.39502e-05
4.43079e-05
2.39502e-05
2.39502e-05
2.39502e-05
2.39502e-05
2.39502e-05
7.13608e-05
2.39502e-05
2.39502e-05
2.39502e-05
2.39502e-05
2.39502e-05
2.39502e-05
2.50693e-05
2.6007e-05
2.39502e-05
7.8808e-05
2.39502e-05
2.39502e-05
2.39502e-05
2.39502e-05
2.39502e-05
2.61914e-05
2.39502e-05
5.70427e-05
2.39502e-05
2.39502e-05
2.39502e-05
2.39502e-05
2.39502e-05
2.39502e-05
2.65521e-05
3.44752e-05
3.81358e-05
0.000145938
2.39502e-05
0.000109311
4.25052e-05
2.39502e-05
2.39502e-05
8.33435e-05
2.39502e-05
2.39502e-05
2.39502e-05
2.39502e-05
2.39502e-05
2.39502e-05
2.39502e-05
2.39502e-05
2.39502e-05
2.39502e-05
2.39502e-05
2.39502e-05
2.39502e-05
2.39502e-05
2.39502e-05
2.39502e-05
2.39502e-05
2.39502e-05
3.07516e-05
2.39502e-05
2.39502e-05
2.39502e-05
2.39502e-05
2.39502e-05
2.39502e-05
2.39502e-05
2.39502e-05
2.39502e-05
2.39502e-05
2.39502e-05
2.39502e-05
2.39502e-05
2.39502e-05
2.39502e-05
2.39502e-05
3.96095e-05
2.39502e-05
2.39502e-05
2.39502e-05
2.39502e-05
2.39502e-05
2.39502e-05
2.39502e-05
2.39502e-05
2.39502e-05
2.39502e-05
2.39502e-05
2.39502e-05
2.39502e-05
2.39502e-05
2.39502e-05
2.39502e-05
4.2146e-05
2.39502e-05
2.39502e-05
2.39502e-05
2.39502e-05
2.39502e-05
2.39502e-05
2.53643e-05
7.33323e-05
2.39502e-05
2.39502e-05
2.39502e-05
2.39502e-05
2.39502e-05
2.39502e-05
2.39502e-05
2.39502e-05
2.39502e-05
2.39502e-05
2.39502e-05
2.39502e-05
2.39502e-05
2.39502e-05
2.39502e-05
6.0866e-05
2.39502e-05
2.39502e-05
5.04288e-05
2.39502e-05
2.39502e-05
2.39502e-05
2.39502e-05
3.22003e-05
6.27667e-05
2.39502e-05
2.39502e-05
4.46548e-05
2.44039e-05
2.58681e-05
2.94472e-05
2.66451e-05
2.39502e-05
2.71185e-05
2.39502e-05
2.39502e-05
2.39502e-05
3.53286e-05
2.39502e-05
2.75447e-05
2.39502e-05
2.39502e-05
0.000566821
2.39502e-05
2.39502e-05
2.52225e-05
2.39502e-05
2.39502e-05
6.69079e-05
2.94844e-05
2.39502e-05
0.000159668
2.39502e-05
2.39502e-05
2.39502e-05
2.39502e-05
2.39502e-05
2.39502e-05
2.39502e-05
2.39502e-05
2.39502e-05
2.39502e-05
2.39502e-05
2.39502e-05
2.39502e-05
2.39502e-05
3.04803e-05
2.39502e-05
2.39502e-05
2.39502e-05
2.39502e-05
2.39502e-05
2.39502e-05
2.39502e-05
2.39502e-05
2.39502e-05
2.39502e-05
2.39502e-05
2.39502e-05
2.39502e-05
2.39502e-05
2.39502e-05
2.39502e-05
2.39502e-05
2.39502e-05
2.39502e-05
2.39502e-05
2.39502e-05
2.39502e-05
2.39502e-05
2.39502e-05
2.39502e-05
2.39502e-05
2.94411e-05
2.39502e-05
2.39502e-05
2.41184e-05
2.39502e-05
2.39502e-05
2.39502e-05
2.39502e-05
2.39502e-05
2.39502e-05
2.39502e-05
6.10729e-05
2.39502e-05
2.39502e-05
2.39502e-05
2.39502e-05
2.39502e-05
2.39502e-05
5.6969e-05
2.39502e-05
2.39502e-05
2.39502e-05
2.39502e-05
2.39502e-05
2.39502e-05
7.3131e-05
2.39502e-05
2.39502e-05
2.39502e-05
2.39502e-05
2.39502e-05
2.39502e-05
2.39502e-05
2.39502e-05
2.39502e-05
2.39502e-05
2.39502e-05
2.39502e-05
2.39502e-05
2.39502e-05
2.39502e-05
2.39502e-05
2.39502e-05
2.39502e-05
2.39502e-05
2.39502e-05
2.39502e-05
2.39502e-05
2.39502e-05
3.35057e-05
2.39502e-05
2.39502e-05
2.39502e-05
2.39502e-05
2.39502e-05
2.39502e-05
2.39502e-05
2.39502e-05
2.39502e-05
2.39502e-05
2.39502e-05
2.39502e-05
2.39502e-05
2.39502e-05
2.39502e-05
2.39502e-05
2.39502e-05
2.39502e-05
2.39502e-05
2.39502e-05
2.39502e-05
2.59825e-05
3.24665e-05
2.39502e-05
2.39502e-05
2.39502e-05
2.39502e-05
2.39502e-05
2.39502e-05
2.39502e-05
2.39502e-05
2.39502e-05
2.39502e-05
2.39502e-05
2.39502e-05
2.39502e-05
2.39502e-05
2.39502e-05
2.39502e-05
0.000109229
2.39502e-05
7.21929e-05
2.39502e-05
2.39502e-05
2.39502e-05
2.39502e-05
5.17506e-05
2.39502e-05
2.39502e-05
2.39502e-05
2.47332e-05
3.3902e-05
2.39502e-05
2.39502e-05
2.39502e-05
2.39502e-05
2.39502e-05
2.39502e-05
2.39502e-05
2.39502e-05
2.39502e-05
2.39502e-05
2.39502e-05
2.39502e-05
2.39502e-05
2.39502e-05
2.39502e-05
2.39502e-05
2.39502e-05
2.39502e-05
2.39502e-05
2.39502e-05
2.39502e-05
2.39502e-05
2.39502e-05
2.39502e-05
2.39502e-05
2.39502e-05
2.39502e-05
2.39502e-05
2.39502e-05
3.389e-05
2.39502e-05
2.39502e-05
2.39502e-05
2.39502e-05
2.39502e-05
2.39502e-05
2.39502e-05
2.83452e-05
2.39502e-05
2.39502e-05
2.39502e-05
2.39502e-05
2.39502e-05
2.39502e-05
2.39502e-05
4.43079e-05
2.39502e-05
2.39502e-05
2.39502e-05
2.39502e-05
2.39502e-05
2.39502e-05
2.39502e-05
2.39502e-05
7.32219e-05
2.39502e-05
2.39502e-05
2.39502e-05
2.39502e-05
2.39502e-05
2.39502e-05
2.39502e-05
2.39502e-05
2.39502e-05
2.39502e-05
2.39502e-05
2.39502e-05
2.39502e-05
2.39502e-05
2.39502e-05
2.39502e-05
2.81047e-05
2.39502e-05
2.39502e-05
2.39502e-05
2.39502e-05
2.39502e-05
2.39502e-05
0.000111936
2.39502e-05
2.39502e-05
2.39502e-05
2.39502e-05
2.39502e-05
2.39502e-05
2.39502e-05
2.39502e-05
2.39502e-05
2.39502e-05
3.45921e-05
5.52445e-05
2.39502e-05
2.39502e-05
2.39502e-05
2.39502e-05
2.39502e-05
2.39502e-05
2.39502e-05
2.39502e-05
2.39502e-05
2.39502e-05
2.39502e-05
3.61109e-05
2.39502e-05
2.70415e-05
2.39502e-05
2.39502e-05
2.39502e-05
2.39502e-05
2.44393e-05
2.39502e-05
2.39502e-05
2.39502e-05
9.14006e-05
2.39502e-05
2.39502e-05
2.39502e-05
2.39502e-05
2.39502e-05
2.39502e-05
2.39502e-05
2.39502e-05
2.39502e-05
2.39502e-05
2.39502e-05
2.39502e-05
2.39502e-05
2.39502e-05
2.39502e-05
2.43743e-05
2.39502e-05
2.39502e-05
2.39502e-05
2.55139e-05
2.39502e-05
2.39502e-05
2.39502e-05
2.39502e-05
2.39502e-05
4.52287e-05
2.39502e-05
2.39502e-05
2.45318e-05
2.39502e-05
2.39502e-05
2.39502e-05
2.39502e-05
2.39502e-05
2.39502e-05
2.46203e-05
2.39502e-05
2.39502e-05
2.39502e-05
2.39502e-05
2.39502e-05
2.39502e-05
2.39502e-05
2.39502e-05
2.39502e-05
2.39502e-05
3.37585e-05
2.39502e-05
2.39502e-05
2.39502e-05
2.5956e-05
4.18462e-05
2.39502e-05
2.39502e-05
2.39502e-05
2.39502e-05
2.39502e-05
2.39502e-05
2.39502e-05
2.71302e-05
2.39502e-05
2.39502e-05
2.39502e-05
2.39502e-05
2.39502e-05
2.39502e-05
2.39502e-05
2.39502e-05
2.39502e-05
2.39502e-05
2.39502e-05
2.39502e-05
2.39502e-05
2.39502e-05
2.39502e-05
2.39502e-05
2.39502e-05
2.39502e-05
2.39502e-05
2.39502e-05
2.39502e-05
2.39502e-05
2.39502e-05
2.39502e-05
2.39502e-05
2.39502e-05
2.39502e-05
2.39502e-05
2.39502e-05
2.39502e-05
2.39502e-05
4.73487e-05
2.39502e-05
2.39502e-05
2.39502e-05
3.17531e-05
2.39502e-05
2.39502e-05
3.22918e-05
3.58027e-05
2.39502e-05
2.39502e-05
2.39502e-05
2.39502e-05
2.39502e-05
2.39502e-05
2.87017e-05
2.39502e-05
2.39502e-05
2.39502e-05
6.49338e-05
2.39502e-05
2.39502e-05
2.39502e-05
2.39502e-05
2.39502e-05
2.39502e-05
2.39502e-05
2.39502e-05
2.41184e-05
2.39502e-05
2.39502e-05
2.39502e-05
2.39502e-05
2.39502e-05
2.39502e-05
2.39502e-05
2.39502e-05
2.39502e-05
3.44867e-05
2.39502e-05
2.39502e-05
2.39502e-05
2.39502e-05
2.39502e-05
2.39502e-05
2.39502e-05
2.39502e-05
2.39502e-05
2.39502e-05
2.39502e-05
2.39502e-05
2.39502e-05
2.39502e-05
2.39502e-05
5.78456e-05
2.39502e-05
2.72017e-05
3.00853e-05
2.39502e-05
2.39502e-05
2.39502e-05
2.39502e-05
2.39502e-05
2.39502e-05
2.39502e-05
2.39502e-05
2.69425e-05
2.39502e-05
2.39502e-05
0.000159668
2.39502e-05
2.39502e-05
7.07878e-05
2.39502e-05
2.39502e-05
2.39502e-05
2.39502e-05
3.33088e-05
2.39502e-05
2.39502e-05
2.49619e-05
2.39502e-05
2.39502e-05
2.39502e-05
2.39502e-05
2.39502e-05
2.39502e-05
5.34447e-05
2.39502e-05
2.39502e-05
2.39502e-05
2.39502e-05
2.39502e-05
2.39502e-05
3.01265e-05
2.39502e-05
3.53307e-05
2.39502e-05
2.39502e-05
2.39502e-05
2.39502e-05
2.39502e-05
2.39502e-05
2.39502e-05
2.39502e-05
2.39502e-05
2.39502e-05
2.39502e-05
2.39502e-05
2.39502e-05
2.39502e-05
2.39502e-05
2.39502e-05
2.39502e-05
2.39502e-05
3.90281e-05
2.39502e-05
4.85294e-05
2.39502e-05
2.39502e-05
2.48435e-05
2.39502e-05
2.39502e-05
2.39502e-05
2.39502e-05
2.39502e-05
2.39502e-05
2.39502e-05
2.39502e-05
2.39502e-05
2.39502e-05
2.39502e-05
2.39502e-05
2.39502e-05
2.39502e-05
2.39502e-05
2.39502e-05
2.39502e-05
3.50273e-05
2.39502e-05
2.39502e-05
2.39502e-05
2.39502e-05
2.39502e-05
2.39502e-05
2.39502e-05
2.39502e-05
2.39502e-05
3.09784e-05
2.39502e-05
2.39502e-05
2.39502e-05
0.000151142
2.39502e-05
2.39502e-05
2.39502e-05
2.39502e-05
2.39502e-05
4.65029e-05
2.39502e-05
2.39502e-05
2.39502e-05
2.39502e-05
2.39502e-05
2.39502e-05
2.39502e-05
2.39502e-05
0.000313845
2.39502e-05
2.39502e-05
4.43079e-05
2.39502e-05
2.39502e-05
2.39502e-05
2.39502e-05
2.39502e-05
3.1627e-05
2.39502e-05
2.39502e-05
2.39502e-05
2.39502e-05
2.68584e-05
2.39502e-05
2.39502e-05
2.39502e-05
2.39502e-05
3.65397e-05
2.68584e-05
2.39502e-05
2.39502e-05
2.39502e-05
2.39502e-05
2.39502e-05
2.39502e-05
5.53169e-05
2.39502e-05
2.39502e-05
2.39502e-05
2.39502e-05
4.14816e-05
2.39502e-05
2.39502e-05
2.39502e-05
3.07361e-05
2.39502e-05
2.39502e-05
2.39502e-05
2.39502e-05
2.39502e-05
2.39502e-05
5.36912e-05
7.61108e-05
2.39502e-05
2.39502e-05
2.39502e-05
2.39502e-05
2.39502e-05
2.39502e-05
2.39502e-05
2.39502e-05
2.39502e-05
2.39502e-05
2.39502e-05
2.39502e-05
2.39502e-05
2.39502e-05
2.39502e-05
2.40411e-05
2.39502e-05
2.39502e-05
2.39502e-05
2.90117e-05
2.39502e-05
2.39502e-05
2.39502e-05
2.39502e-05
2.39502e-05
2.39502e-05
2.39502e-05
2.39502e-05
2.39502e-05
2.39502e-05
2.39502e-05
2.39502e-05
5.6978e-05
2.39502e-05
2.39502e-05
2.39502e-05
2.39502e-05
2.39502e-05
2.39502e-05
2.39502e-05
2.39502e-05
2.39502e-05
2.39502e-05
2.39502e-05
2.39502e-05
2.39502e-05
2.39502e-05
2.39502e-05
2.39502e-05
2.39502e-05
2.39502e-05
2.39502e-05
2.44129e-05
2.39502e-05
2.39502e-05
2.39502e-05
2.50812e-05
2.39502e-05
2.39502e-05
2.39502e-05
2.39502e-05
2.39502e-05
2.39502e-05
2.39502e-05
2.39502e-05
4.43079e-05
2.39502e-05
2.39502e-05
2.39502e-05
2.39502e-05
2.39502e-05
2.39502e-05
2.39502e-05
2.39502e-05
2.39502e-05
2.39502e-05
2.39502e-05
2.39502e-05
2.39502e-05
2.39502e-05
2.39502e-05
2.87167e-05
2.39502e-05
2.39502e-05
2.39502e-05
2.39502e-05
2.39502e-05
2.39502e-05
2.39502e-05
2.39502e-05
2.39502e-05
2.39502e-05
2.39502e-05
2.39502e-05
2.39502e-05
2.39502e-05
2.39502e-05
2.39502e-05
2.39502e-05
2.39502e-05
2.39502e-05
2.39502e-05
2.39502e-05
2.39502e-05
2.39502e-05
2.39502e-05
2.39502e-05
2.39502e-05
2.68402e-05
2.39502e-05
2.39502e-05
2.39502e-05
2.39502e-05
2.39502e-05
2.39502e-05
2.60311e-05
2.39502e-05
2.39502e-05
2.39502e-05
2.39502e-05
2.39502e-05
2.39502e-05
2.39502e-05
2.39502e-05
2.39502e-05
2.39502e-05
2.39502e-05
2.39502e-05
2.39502e-05
2.39502e-05
2.39502e-05
2.39502e-05
2.39502e-05
2.39502e-05
2.39502e-05
2.39502e-05
2.39502e-05
2.44441e-05
2.39502e-05
2.39502e-05
2.43343e-05
2.39502e-05
2.39502e-05
2.39502e-05
2.39502e-05
2.39502e-05
2.44859e-05
2.39502e-05
2.39502e-05
2.39502e-05
2.39502e-05
2.39502e-05
2.39502e-05
2.39502e-05
2.39502e-05
2.39502e-05
2.39502e-05
2.39502e-05
2.39502e-05
2.39502e-05
2.39502e-05
2.39502e-05
2.43656e-05
2.39502e-05
2.39502e-05
2.39502e-05
2.39502e-05
2.39502e-05
2.69942e-05
2.39502e-05
2.39502e-05
2.39502e-05
2.39502e-05
2.39502e-05
2.39502e-05
2.39502e-05
2.39502e-05
2.39502e-05
2.39502e-05
2.39502e-05
2.39502e-05
3.39072e-05
2.39502e-05
2.39502e-05
2.39502e-05
2.39502e-05
2.39502e-05
2.39502e-05
2.39502e-05
2.39502e-05
2.39502e-05
2.39502e-05
2.39502e-05
2.39502e-05
2.39502e-05
2.39502e-05
2.39502e-05
2.39502e-05
2.39502e-05
4.0144e-05
2.39502e-05
2.39502e-05
2.39502e-05
2.39502e-05
2.39502e-05
2.39502e-05
2.39502e-05
2.39502e-05
3.08806e-05
2.39502e-05
2.39502e-05
2.39502e-05
2.73593e-05
3.26517e-05
2.39502e-05
2.39502e-05
2.39502e-05
2.73841e-05
2.39502e-05
2.58681e-05
2.39502e-05
2.45004e-05
2.39502e-05
2.39502e-05
5.17397e-05
2.39502e-05
2.39502e-05
2.39502e-05
2.39502e-05
2.39502e-05
4.63436e-05
2.39502e-05
2.39502e-05
2.39502e-05
2.39502e-05
2.39502e-05
4.07664e-05
2.39502e-05
2.39502e-05
2.39502e-05
2.39502e-05
2.39502e-05
2.39502e-05
2.39502e-05
2.39502e-05
4.98044e-05
2.39502e-05
2.39502e-05
2.39502e-05
2.39502e-05
2.39502e-05
2.39502e-05
4.43871e-05
2.39502e-05
2.39502e-05
2.39502e-05
4.43079e-05
2.39502e-05
2.39502e-05
2.39502e-05
2.39502e-05
2.39502e-05
2.39502e-05
2.39502e-05
2.39502e-05
2.39502e-05
4.44896e-05
2.39502e-05
2.39502e-05
2.39502e-05
2.39502e-05
2.39502e-05
2.39502e-05
2.39502e-05
2.39502e-05
2.39502e-05
2.39502e-05
2.39502e-05
2.39502e-05
2.39502e-05
2.39502e-05
2.39502e-05
2.39502e-05
2.39502e-05
2.39502e-05
2.39502e-05
2.39502e-05
2.39502e-05
2.39502e-05
2.39502e-05
2.39502e-05
2.39502e-05
2.39502e-05
2.39502e-05
2.39502e-05
2.39502e-05
2.39502e-05
2.39502e-05
2.39502e-05
2.39502e-05
2.39502e-05
2.39502e-05
0.000159668
2.39502e-05
2.39502e-05
2.66077e-05
2.39502e-05
2.39502e-05
2.39502e-05
2.39502e-05
2.39502e-05
3.16642e-05
2.39502e-05
2.39502e-05
2.39502e-05
2.39502e-05
2.39502e-05
2.39502e-05
2.39502e-05
2.39502e-05
2.39502e-05
2.39502e-05
2.39502e-05
2.39502e-05
2.39502e-05
2.39502e-05
2.39502e-05
2.39502e-05
2.39502e-05
2.39502e-05
2.39502e-05
2.39502e-05
2.39502e-05
2.39502e-05
2.39502e-05
2.39502e-05
2.96741e-05
2.39502e-05
2.39502e-05
2.39502e-05
4.43079e-05
2.39502e-05
2.90952e-05
2.39502e-05
2.39502e-05
2.39502e-05
2.39502e-05
2.39502e-05
2.39502e-05
2.39502e-05
2.39502e-05
2.39502e-05
2.39502e-05
2.56467e-05
2.39502e-05
2.39502e-05
2.39502e-05
2.39502e-05
2.39502e-05
2.39502e-05
2.39502e-05
2.39502e-05
2.39502e-05
2.39502e-05
2.68265e-05
2.39502e-05
2.39502e-05
2.39502e-05
2.39502e-05
2.39502e-05
2.39502e-05
2.39502e-05
2.39502e-05
2.39502e-05
2.39502e-05
2.39502e-05
2.39502e-05
2.39502e-05
3.1841e-05
2.39502e-05
2.67706e-05
2.39502e-05
2.39502e-05
2.39502e-05
2.39502e-05
2.39502e-05
2.39502e-05
2.39502e-05
2.39502e-05
3.11655e-05
2.39502e-05
2.39502e-05
2.39502e-05
3.27718e-05
2.39502e-05
2.39502e-05
2.39502e-05
2.39502e-05
2.39502e-05
2.39502e-05
2.39502e-05
2.39502e-05
2.94585e-05
2.39502e-05
2.50216e-05
2.39502e-05
2.39502e-05
2.39502e-05
2.39502e-05
2.39502e-05
2.39502e-05
2.39502e-05
2.39502e-05
2.73411e-05
2.39502e-05
2.85351e-05
2.39502e-05
2.39502e-05
2.39502e-05
2.39502e-05
2.39502e-05
2.39502e-05
2.39502e-05
2.39502e-05
2.39502e-05
2.78586e-05
2.39502e-05
2.39502e-05
2.39502e-05
2.39502e-05
2.39502e-05
2.39502e-05
2.39502e-05
2.39502e-05
2.39502e-05
2.39502e-05
0.000100564
2.39502e-05
2.39502e-05
2.39502e-05
2.39502e-05
2.39502e-05
2.39502e-05
2.39502e-05
2.39502e-05
2.39502e-05
2.39502e-05
2.39502e-05
2.39502e-05
2.39502e-05
2.39502e-05
4.65698e-05
2.39502e-05
4.43079e-05
2.39502e-05
2.39502e-05
2.39502e-05
4.43079e-05
2.39502e-05
0.000159668
2.39502e-05
2.39502e-05
2.39502e-05
2.39502e-05
2.39502e-05
2.39502e-05
2.39502e-05
2.39502e-05
2.39502e-05
2.39502e-05
2.62921e-05
2.39502e-05
2.39502e-05
2.39502e-05
3.17488e-05
2.39502e-05
2.39502e-05
2.39502e-05
2.39502e-05
2.39502e-05
2.39502e-05
2.39502e-05
2.39502e-05
2.39502e-05
2.39502e-05
2.64779e-05
2.39502e-05
2.39502e-05
2.39502e-05
2.39502e-05
2.39502e-05
2.39502e-05
2.39502e-05
2.39502e-05
2.39502e-05
2.39502e-05
2.39502e-05
2.39502e-05
2.43137e-05
2.39502e-05
2.39502e-05
2.39502e-05
2.39502e-05
2.39502e-05
2.39502e-05
2.39502e-05
2.39502e-05
2.39502e-05
2.39502e-05
2.39502e-05
2.39502e-05
2.39502e-05
2.39502e-05
2.39502e-05
2.39502e-05
2.39502e-05
2.39502e-05
2.39502e-05
2.40294e-05
2.39502e-05
2.39502e-05
2.39502e-05
2.39502e-05
2.39502e-05
2.39502e-05
2.39502e-05
2.39502e-05
2.39502e-05
2.39502e-05
2.39502e-05
2.39502e-05
2.39502e-05
2.39502e-05
2.39502e-05
2.39502e-05
2.39502e-05
2.39502e-05
2.39502e-05
2.39502e-05
2.39502e-05
2.39502e-05
2.39502e-05
2.39502e-05
2.39502e-05
2.39502e-05
2.39502e-05
2.39502e-05
2.39502e-05
2.39502e-05
2.39502e-05
2.39502e-05
2.39502e-05
2.39502e-05
2.39502e-05
2.39502e-05
2.39502e-05
2.39502e-05
2.39502e-05
2.92583e-05
2.39502e-05
2.39502e-05
2.39502e-05
2.39502e-05
6.46655e-05
2.39502e-05
2.39502e-05
2.39502e-05
2.39502e-05
2.39502e-05
2.39502e-05
2.39502e-05
2.39502e-05
2.39502e-05
2.39502e-05
2.39502e-05
2.39502e-05
2.39502e-05
2.39502e-05
2.39502e-05
2.39502e-05
2.39502e-05
2.39502e-05
2.39502e-05
2.39502e-05
4.43079e-05
2.39502e-05
2.39502e-05
2.39502e-05
2.39502e-05
4.43079e-05
2.39502e-05
2.39502e-05
2.39502e-05
2.39502e-05
2.39502e-05
2.39502e-05
2.39502e-05
2.39502e-05
2.39502e-05
2.39502e-05
2.39502e-05
2.39502e-05
2.39502e-05
2.39502e-05
2.39502e-05
2.39502e-05
2.39502e-05
2.39502e-05
2.39502e-05
2.39502e-05
2.39502e-05
2.39502e-05
2.39502e-05
2.39502e-05
3.0325e-05
2.39502e-05
2.39502e-05
2.39502e-05
2.39502e-05
2.39502e-05
2.39502e-05
2.39502e-05
2.39502e-05
2.39502e-05
2.39502e-05
3.21122e-05
2.39502e-05
2.39502e-05
2.39502e-05
2.39502e-05
2.39502e-05
2.39502e-05
2.39502e-05
2.39502e-05
2.39502e-05
2.39502e-05
2.39502e-05
2.39502e-05
2.39502e-05
2.39502e-05
2.39502e-05
2.39502e-05
2.39502e-05
2.39502e-05
2.39502e-05
2.39502e-05
2.39502e-05
2.39502e-05
4.43079e-05
2.39502e-05
2.39502e-05
2.39502e-05
2.39502e-05
2.39502e-05
2.39502e-05
2.56584e-05
2.39502e-05
2.39502e-05
2.39502e-05
2.39502e-05
2.39502e-05
2.39502e-05
2.39502e-05
2.39502e-05
2.39502e-05
2.39502e-05
2.39502e-05
2.39502e-05
2.39502e-05
2.39502e-05
2.66761e-05
2.39502e-05
2.39502e-05
2.39502e-05
2.39502e-05
2.39502e-05
2.39502e-05
2.39502e-05
2.39502e-05
2.42093e-05
2.39502e-05
2.39502e-05
2.48353e-05
2.39502e-05
2.39502e-05
2.39502e-05
2.39502e-05
2.43137e-05
2.39502e-05
2.90444e-05
2.39502e-05
2.39502e-05
2.39502e-05
0.000159668
2.39502e-05
2.39502e-05
2.39502e-05
2.39502e-05
2.39502e-05
4.43397e-05
2.39502e-05
2.39502e-05
2.39502e-05
2.39502e-05
2.39502e-05
4.43079e-05
2.39502e-05
2.39502e-05
2.39502e-05
3.16971e-05
2.39502e-05
2.39502e-05
2.39502e-05
2.39502e-05
2.39502e-05
2.39502e-05
2.39502e-05
2.39502e-05
2.39502e-05
2.39502e-05
2.39502e-05
2.39502e-05
2.39502e-05
2.39502e-05
2.47332e-05
2.39502e-05
2.39502e-05
2.39502e-05
2.39502e-05
2.39502e-05
2.39502e-05
2.39502e-05
2.39502e-05
4.43079e-05
2.39502e-05
2.39502e-05
2.39502e-05
2.39502e-05
2.39502e-05
2.39502e-05
2.39502e-05
2.39502e-05
2.39502e-05
2.39502e-05
2.39502e-05
2.39502e-05
2.39502e-05
2.39502e-05
2.39502e-05
2.39502e-05
2.62121e-05
2.39502e-05
2.39502e-05
2.39502e-05
2.39502e-05
2.39502e-05
2.39502e-05
2.39502e-05
2.39502e-05
2.39502e-05
2.39502e-05
2.68223e-05
2.39502e-05
2.39502e-05
2.39502e-05
2.39502e-05
2.39502e-05
2.39502e-05
2.48435e-05
2.39502e-05
2.39502e-05
2.39502e-05
2.39502e-05
2.39502e-05
2.39502e-05
2.39502e-05
2.39502e-05
2.39502e-05
2.39502e-05
2.39502e-05
2.39502e-05
2.39502e-05
2.39502e-05
2.39502e-05
2.39502e-05
2.39502e-05
2.39502e-05
2.39502e-05
2.39502e-05
3.10433e-05
2.80217e-05
2.39502e-05
2.39502e-05
2.39502e-05
2.39502e-05
2.39502e-05
2.39502e-05
2.39502e-05
2.39502e-05
2.39502e-05
2.39502e-05
2.58681e-05
2.77433e-05
2.39502e-05
2.39502e-05
2.39502e-05
2.39502e-05
2.39502e-05
2.39502e-05
2.39502e-05
2.39502e-05
2.39502e-05
2.39502e-05
2.39502e-05
2.39502e-05
2.39502e-05
2.39502e-05
2.39502e-05
2.39502e-05
2.39502e-05
2.39502e-05
2.39502e-05
2.39502e-05
2.39502e-05
2.39502e-05
2.39502e-05
6.76186e-05
2.39502e-05
2.39502e-05
2.39502e-05
2.39502e-05
2.39502e-05
2.39502e-05
2.39502e-05
5.09247e-05
2.39502e-05
2.39502e-05
2.39502e-05
2.39502e-05
2.39502e-05
2.39502e-05
3.85116e-05
2.39502e-05
2.39502e-05
2.39502e-05
2.39502e-05
2.39502e-05
2.39502e-05
2.39502e-05
2.39502e-05
2.39502e-05
2.39502e-05
2.39502e-05
2.39502e-05
2.39502e-05
2.39502e-05
2.39502e-05
2.39502e-05
2.39502e-05
2.39502e-05
2.39502e-05
2.39502e-05
2.39502e-05
2.39502e-05
2.39502e-05
2.39502e-05
2.39502e-05
2.39502e-05
2.39502e-05
2.39502e-05
2.39502e-05
2.39502e-05
2.39502e-05
2.39502e-05
2.39502e-05
2.39502e-05
2.39502e-05
2.39502e-05
2.39502e-05
2.39502e-05
2.39502e-05
2.39502e-05
2.39502e-05
4.07991e-05
2.39502e-05
2.39502e-05
2.39502e-05
2.39502e-05
2.39502e-05
2.39502e-05
2.39502e-05
2.39502e-05
2.39502e-05
2.39502e-05
2.39502e-05
2.39502e-05
2.39502e-05
2.39502e-05
2.39502e-05
2.39502e-05
2.39502e-05
2.39502e-05
2.39502e-05
2.39502e-05
2.39502e-05
2.39502e-05
2.39502e-05
2.40411e-05
2.39502e-05
2.39502e-05
2.39502e-05
2.39502e-05
2.39502e-05
2.39502e-05
2.39502e-05
2.39502e-05
2.39502e-05
2.39502e-05
2.39502e-05
2.39502e-05
2.42146e-05
2.39502e-05
2.39502e-05
2.39502e-05
2.39502e-05
2.39502e-05
2.39502e-05
2.39502e-05
2.39502e-05
2.39502e-05
2.39502e-05
2.39502e-05
2.39502e-05
2.39502e-05
2.39502e-05
2.39502e-05
2.39502e-05
2.39502e-05
2.39502e-05
2.39502e-05
2.39502e-05
2.39502e-05
2.39502e-05
2.39502e-05
2.39502e-05
2.39502e-05
2.39502e-05
2.39502e-05
2.39502e-05
2.39502e-05
2.39502e-05
2.89444e-05
2.39502e-05
2.39502e-05
2.39502e-05
2.39502e-05
2.39502e-05
2.39502e-05
3.41608e-05
2.39502e-05
2.39502e-05
2.39502e-05
2.79195e-05
2.39502e-05
2.39502e-05
2.39502e-05
2.39502e-05
2.39502e-05
2.39502e-05
2.39502e-05
2.39502e-05
2.39502e-05
2.39502e-05
2.75783e-05
2.39502e-05
2.39502e-05
2.39502e-05
2.39502e-05
2.39502e-05
2.39502e-05
2.39502e-05
2.39502e-05
3.13997e-05
2.39502e-05
2.69753e-05
2.43137e-05
3.21488e-05
2.39502e-05
2.39502e-05
2.39502e-05
2.39502e-05
2.39502e-05
2.39502e-05
2.39502e-05
2.39502e-05
2.39502e-05
3.21488e-05
2.39502e-05
2.39502e-05
2.39502e-05
2.39502e-05
2.39502e-05
2.39502e-05
2.39502e-05
2.39502e-05
2.39502e-05
2.39502e-05
2.39502e-05
2.39502e-05
2.39502e-05
2.39502e-05
2.39502e-05
2.39502e-05
2.39502e-05
2.39502e-05
2.39502e-05
2.67979e-05
2.39502e-05
2.39502e-05
2.39502e-05
2.39502e-05
2.39502e-05
2.39502e-05
2.39502e-05
2.39502e-05
2.39502e-05
2.39502e-05
2.39502e-05
2.39502e-05
2.39502e-05
2.39502e-05
2.39502e-05
2.39502e-05
2.41749e-05
2.39502e-05
2.39502e-05
2.39502e-05
2.39502e-05
2.39502e-05
2.46288e-05
2.5204e-05
2.85364e-05
2.39502e-05
2.39502e-05
2.39502e-05
2.39502e-05
2.39502e-05
4.43079e-05
2.39502e-05
2.39502e-05
2.39502e-05
2.39502e-05
2.40115e-05
2.39502e-05
2.39502e-05
2.39502e-05
4.55054e-05
2.39502e-05
3.07361e-05
2.39502e-05
2.39502e-05
2.39502e-05
2.39502e-05
2.39502e-05
2.39502e-05
2.39502e-05
2.39502e-05
2.39502e-05
2.39502e-05
2.39502e-05
2.39502e-05
2.39502e-05
2.39502e-05
2.39502e-05
2.39502e-05
2.39502e-05
2.39502e-05
2.39502e-05
2.39502e-05
2.39502e-05
2.39502e-05
2.39502e-05
2.39502e-05
4.43079e-05
2.39502e-05
2.49429e-05
2.39502e-05
2.39502e-05
2.39502e-05
2.39502e-05
2.39502e-05
2.39502e-05
2.39502e-05
2.39502e-05
2.39502e-05
2.39502e-05
4.58322e-05
2.39502e-05
2.41764e-05
2.39502e-05
2.39502e-05
2.49196e-05
2.39502e-05
2.39502e-05
2.39502e-05
3.05926e-05
2.39502e-05
2.39502e-05
2.39502e-05
2.39502e-05
2.39502e-05
2.39502e-05
2.39502e-05
2.39502e-05
2.39502e-05
2.39502e-05
2.39502e-05
2.39502e-05
2.39502e-05
2.39502e-05
2.39502e-05
2.39502e-05
2.39502e-05
2.85121e-05
2.39502e-05
2.39502e-05
2.39502e-05
2.39502e-05
2.39502e-05
2.39502e-05
2.39502e-05
2.39502e-05
2.39502e-05
4.43079e-05
2.39502e-05
2.39502e-05
2.39502e-05
2.39502e-05
2.39502e-05
2.39502e-05
2.39502e-05
2.39502e-05
2.39502e-05
2.39502e-05
2.39502e-05
2.39502e-05
2.39502e-05
2.39502e-05
2.39502e-05
4.43079e-05
2.39502e-05
2.39502e-05
2.39502e-05
2.39502e-05
2.39502e-05
2.39502e-05
2.39502e-05
2.39502e-05
2.39502e-05
2.39502e-05
2.39502e-05
2.39502e-05
2.39502e-05
4.43079e-05
2.39502e-05
2.39502e-05
2.39502e-05
2.39502e-05
2.39502e-05
2.39502e-05
2.39502e-05
2.39502e-05
2.39502e-05
2.39502e-05
2.39502e-05
2.39502e-05
2.39502e-05
2.39502e-05
2.39502e-05
2.39502e-05
2.39502e-05
2.39502e-05
2.39502e-05
2.39502e-05
2.39502e-05
2.39502e-05
2.39502e-05
2.39502e-05
2.39502e-05
2.39502e-05
2.39502e-05
2.39502e-05
2.39502e-05
2.39502e-05
2.39502e-05
6.46655e-05
2.39502e-05
2.39502e-05
2.39502e-05
2.39502e-05
2.73431e-05
2.39502e-05
2.39502e-05
2.39502e-05
2.39502e-05
2.55191e-05
2.39502e-05
2.39502e-05
2.39502e-05
2.39502e-05
3.06932e-05
2.76559e-05
2.39502e-05
2.39502e-05
2.39502e-05
2.39502e-05
2.39502e-05
2.39502e-05
2.39502e-05
2.39502e-05
2.39502e-05
4.43079e-05
5.21652e-05
2.39502e-05
2.39502e-05
2.39502e-05
2.39502e-05
2.39502e-05
2.39502e-05
2.39502e-05
2.39502e-05
2.39502e-05
2.39502e-05
2.39502e-05
2.39502e-05
2.43137e-05
2.39502e-05
2.39502e-05
2.39502e-05
2.39502e-05
2.39502e-05
2.39502e-05
2.39502e-05
2.39502e-05
2.39502e-05
2.39502e-05
2.39502e-05
2.39502e-05
2.39502e-05
2.39502e-05
2.39502e-05
2.39502e-05
2.39502e-05
2.39502e-05
2.39502e-05
2.39502e-05
2.39502e-05
2.39502e-05
2.39502e-05
2.39502e-05
2.39502e-05
2.39502e-05
2.39502e-05
2.39502e-05
2.39502e-05
2.39502e-05
2.39502e-05
2.39502e-05
2.39502e-05
2.39502e-05
2.39502e-05
2.49681e-05
2.39502e-05
2.39502e-05
2.39502e-05
2.39502e-05
2.39502e-05
2.39502e-05
2.39502e-05
2.39502e-05
2.39502e-05
2.39502e-05
2.39502e-05
2.39502e-05
2.39502e-05
2.39502e-05
2.39502e-05
2.39502e-05
2.71075e-05
2.39502e-05
2.39502e-05
2.39502e-05
2.79999e-05
2.39502e-05
2.39502e-05
2.39502e-05
2.39502e-05
2.97338e-05
2.39502e-05
2.39502e-05
4.43079e-05
2.39502e-05
2.39502e-05
2.39502e-05
4.43079e-05
2.39502e-05
2.39502e-05
2.39502e-05
2.39502e-05
2.39502e-05
2.39502e-05
2.39502e-05
2.39502e-05
2.39502e-05
2.39502e-05
2.39502e-05
2.39502e-05
2.39502e-05
2.39502e-05
2.39502e-05
2.39502e-05
2.39502e-05
2.39502e-05
2.39502e-05
2.39502e-05
2.39502e-05
2.39502e-05
2.39502e-05
2.39502e-05
2.39502e-05
2.39502e-05
2.39502e-05
2.47042e-05
2.39502e-05
3.4129e-05
2.39502e-05
2.39502e-05
2.39502e-05
2.39502e-05
2.39502e-05
2.39502e-05
2.39502e-05
2.39502e-05
2.39502e-05
2.39502e-05
2.39502e-05
2.39502e-05
2.39502e-05
4.43079e-05
2.39502e-05
2.52631e-05
2.39502e-05
2.44859e-05
2.39502e-05
2.39502e-05
2.39502e-05
2.39502e-05
2.39502e-05
2.39502e-05
2.39502e-05
2.39502e-05
2.39502e-05
2.39502e-05
4.07152e-05
2.39502e-05
2.39502e-05
2.3982e-05
2.39502e-05
2.43137e-05
2.39502e-05
2.39502e-05
2.51611e-05
2.39502e-05
2.39502e-05
2.39502e-05
2.39502e-05
2.39502e-05
2.39502e-05
2.39502e-05
2.39502e-05
2.39502e-05
2.39502e-05
2.39502e-05
2.39502e-05
2.39502e-05
2.39502e-05
2.39502e-05
2.39502e-05
2.39502e-05
2.39502e-05
2.39502e-05
2.39502e-05
6.46655e-05
2.39502e-05
2.39502e-05
2.39502e-05
2.39502e-05
2.39502e-05
2.39502e-05
2.39502e-05
2.39502e-05
2.39502e-05
2.39502e-05
2.39502e-05
2.39502e-05
2.39502e-05
2.39502e-05
2.39502e-05
2.39502e-05
0.000159668
2.39502e-05
2.39502e-05
2.39502e-05
2.39502e-05
2.39502e-05
2.39502e-05
2.39502e-05
2.39502e-05
2.39502e-05
2.39502e-05
2.39502e-05
2.40167e-05
2.39502e-05
2.39502e-05
2.39502e-05
2.39502e-05
2.39502e-05
2.39502e-05
2.39502e-05
2.39502e-05
2.39502e-05
2.39502e-05
2.39502e-05
2.39502e-05
2.39502e-05
2.39502e-05
2.39502e-05
2.39502e-05
2.39502e-05
2.39502e-05
2.39502e-05
2.39502e-05
2.39502e-05
2.39502e-05
4.79465e-05
2.39502e-05
2.39502e-05
2.39502e-05
2.39502e-05
2.39502e-05
2.39502e-05
2.39502e-05
2.39502e-05
2.39502e-05
2.39502e-05
2.39502e-05
2.39502e-05
2.39502e-05
2.39502e-05
2.39502e-05
2.39502e-05
2.39502e-05
2.39502e-05
2.39502e-05
2.39502e-05
2.39502e-05
2.39502e-05
2.39502e-05
2.39502e-05
2.39502e-05
2.39502e-05
2.39502e-05
2.39502e-05
2.39502e-05
2.39502e-05
2.39502e-05
2.39502e-05
2.39502e-05
2.39502e-05
2.39502e-05
2.39502e-05
2.39502e-05
2.39502e-05
2.39502e-05
2.39502e-05
2.39502e-05
2.39502e-05
2.39502e-05
2.39502e-05
2.39502e-05
2.39502e-05
2.39502e-05
3.70373e-05
3.4129e-05
2.39502e-05
2.39502e-05
2.39502e-05
2.39502e-05
2.39502e-05
2.39502e-05
2.39502e-05
2.39502e-05
2.39502e-05
2.39502e-05
2.39502e-05
2.39502e-05
2.39502e-05
2.39502e-05
2.39502e-05
2.39502e-05
2.39502e-05
2.39502e-05
2.39502e-05
2.39502e-05
2.39502e-05
2.39502e-05
2.39502e-05
2.39502e-05
0.000159668
2.39502e-05
2.39502e-05
2.39502e-05
2.39502e-05
2.39502e-05
3.05904e-05
2.39502e-05
2.69592e-05
2.39502e-05
2.39502e-05
2.39502e-05
2.39502e-05
2.39502e-05
2.39502e-05
2.39502e-05
4.72454e-05
2.39502e-05
2.39502e-05
2.39502e-05
2.39502e-05
2.39502e-05
2.39502e-05
2.39502e-05
2.39502e-05
2.39502e-05
2.39502e-05
2.39502e-05
2.39502e-05
2.47042e-05
2.39502e-05
2.39502e-05
2.39502e-05
2.39502e-05
2.39502e-05
2.39502e-05
2.39502e-05
2.39502e-05
2.39502e-05
2.39502e-05
2.39502e-05
2.39502e-05
2.39502e-05
2.39502e-05
2.39502e-05
2.39502e-05
2.39502e-05
2.39502e-05
2.39502e-05
2.39502e-05
2.39502e-05
3.26845e-05
2.39502e-05
3.42307e-05
2.39502e-05
2.39502e-05
2.39502e-05
2.39502e-05
2.39502e-05
2.39502e-05
2.39502e-05
2.39502e-05
2.39502e-05
2.39502e-05
2.39502e-05
2.39502e-05
2.39502e-05
2.39502e-05
2.39502e-05
2.39502e-05
2.39502e-05
2.39502e-05
2.39502e-05
2.39502e-05
2.39502e-05
2.39502e-05
2.39502e-05
2.39502e-05
2.39502e-05
2.39502e-05
2.39502e-05
2.39502e-05
2.39502e-05
2.39502e-05
2.39502e-05
2.39502e-05
2.51125e-05
2.39502e-05
2.39502e-05
2.39502e-05
2.39502e-05
2.39502e-05
2.39502e-05
2.39502e-05
2.39502e-05
2.39502e-05
2.39502e-05
2.39502e-05
2.39502e-05
2.39502e-05
2.39502e-05
2.39502e-05
2.39502e-05
2.39502e-05
2.39502e-05
2.39502e-05
2.39502e-05
2.39502e-05
2.39502e-05
2.39502e-05
2.39502e-05
2.39502e-05
2.39502e-05
2.39502e-05
2.39502e-05
2.39502e-05
2.39502e-05
2.39502e-05
2.39502e-05
2.41184e-05
2.39502e-05
2.39502e-05
2.39502e-05
2.39502e-05
2.39502e-05
2.85016e-05
2.39502e-05
2.39502e-05
2.39502e-05
2.39502e-05
2.39502e-05
2.39502e-05
2.39502e-05
2.39502e-05
2.39502e-05
2.39502e-05
2.39502e-05
2.39502e-05
2.39502e-05
2.39502e-05
2.39502e-05
2.39502e-05
2.39502e-05
2.39502e-05
2.39502e-05
3.27495e-05
2.39502e-05
2.39502e-05
2.39502e-05
2.39502e-05
2.39502e-05
2.39502e-05
2.39502e-05
2.39502e-05
2.39502e-05
2.39502e-05
2.39502e-05
2.39502e-05
2.39502e-05
2.39502e-05
2.39502e-05
2.39502e-05
2.39502e-05
2.39502e-05
2.39502e-05
2.39502e-05
2.39502e-05
2.39502e-05
2.39502e-05
2.39502e-05
2.39502e-05
2.39502e-05
2.39502e-05
2.39502e-05
2.39502e-05
2.39502e-05
2.39502e-05
2.39502e-05
2.39502e-05
2.39502e-05
2.39502e-05
2.39502e-05
2.39502e-05
2.39502e-05
2.39502e-05
2.39502e-05
2.39502e-05
2.39502e-05
2.39502e-05
2.39502e-05
2.39502e-05
2.39502e-05
2.39502e-05
2.39502e-05
2.39502e-05
2.39502e-05
2.39502e-05
2.39502e-05
2.39502e-05
2.39502e-05
2.39502e-05
2.39502e-05
2.39502e-05
2.39502e-05
2.39502e-05
2.39502e-05
2.39502e-05
2.39502e-05
2.39502e-05
2.39502e-05
2.39502e-05
2.39502e-05
2.39502e-05
2.39502e-05
2.39502e-05
2.39502e-05
2.39502e-05
2.39502e-05
2.39502e-05
2.39502e-05
2.39502e-05
2.39502e-05
2.39502e-05
2.39502e-05
2.39502e-05
2.39502e-05
2.39502e-05
2.39502e-05
2.39502e-05
2.39502e-05
2.39502e-05
2.39502e-05
2.39502e-05
2.39502e-05
2.39502e-05
2.39502e-05
2.39502e-05
2.39502e-05
2.39502e-05
2.39502e-05
2.39502e-05
2.59675e-05
2.39502e-05
2.39502e-05
2.39502e-05
2.39502e-05
2.39502e-05
2.39502e-05
2.39502e-05
2.39502e-05
2.39502e-05
2.39502e-05
2.39502e-05
2.39502e-05
2.39502e-05
2.39502e-05
2.39502e-05
2.39502e-05
2.39502e-05
2.39502e-05
2.39502e-05
2.39502e-05
2.39502e-05
2.39502e-05
2.39502e-05
2.39502e-05
2.39502e-05
2.39502e-05
2.39502e-05
2.39502e-05
2.39502e-05
2.39502e-05
2.39502e-05
2.39502e-05
2.39502e-05
2.39502e-05
2.39502e-05
2.54008e-05
2.39502e-05
2.39502e-05
2.39502e-05
2.39502e-05
2.39502e-05
2.60308e-05
2.39502e-05
2.39502e-05
2.43137e-05
2.39502e-05
2.39502e-05
2.73757e-05
2.39502e-05
2.39502e-05
2.39502e-05
2.39502e-05
2.39502e-05
2.39502e-05
2.51705e-05
2.39502e-05
2.39502e-05
2.39502e-05
2.39502e-05
2.39502e-05
2.39502e-05
2.39502e-05
2.41441e-05
2.39502e-05
2.39502e-05
2.50812e-05
2.39502e-05
2.39502e-05
2.39502e-05
2.39502e-05
2.39502e-05
4.43079e-05
2.39502e-05
2.39502e-05
2.39502e-05
2.39502e-05
2.45004e-05
2.39502e-05
2.39502e-05
2.746e-05
2.39502e-05
2.39502e-05
2.39502e-05
2.39502e-05
2.39502e-05
2.39502e-05
2.39502e-05
2.39502e-05
2.39502e-05
2.39502e-05
2.39502e-05
2.39502e-05
2.39502e-05
2.39502e-05
2.39502e-05
2.39502e-05
2.39502e-05
2.39502e-05
2.39502e-05
2.39502e-05
2.39502e-05
2.39502e-05
2.39502e-05
2.39502e-05
2.39502e-05
2.39502e-05
2.39502e-05
2.39502e-05
2.39502e-05
2.39502e-05
2.39502e-05
2.39502e-05
2.39502e-05
2.39502e-05
2.39502e-05
2.39502e-05
2.39502e-05
2.39502e-05
2.39502e-05
2.39502e-05
2.39502e-05
2.39502e-05
2.39502e-05
2.43927e-05
2.39502e-05
2.39502e-05
2.39502e-05
2.39502e-05
2.39502e-05
2.39502e-05
2.39502e-05
2.39502e-05
2.39502e-05
2.39502e-05
2.39502e-05
2.39502e-05
2.39502e-05
2.39502e-05
2.39502e-05
2.49325e-05
2.39502e-05
2.39502e-05
2.39502e-05
2.39502e-05
2.39502e-05
2.39502e-05
2.39502e-05
2.39502e-05
2.39502e-05
2.39502e-05
2.39502e-05
2.39502e-05
2.39502e-05
2.39502e-05
2.39502e-05
2.39502e-05
2.39502e-05
2.39502e-05
2.39502e-05
2.39502e-05
2.39502e-05
2.39502e-05
2.39502e-05
2.39502e-05
2.39502e-05
2.39502e-05
2.39502e-05
2.39502e-05
2.39502e-05
2.39502e-05
2.39502e-05
2.39502e-05
2.39502e-05
2.39502e-05
2.39502e-05
2.39502e-05
2.39502e-05
2.39502e-05
2.39502e-05
2.39502e-05
2.39502e-05
2.39502e-05
2.39502e-05
2.39502e-05
2.39502e-05
2.39502e-05
2.39502e-05
2.39502e-05
2.39502e-05
2.39502e-05
2.39502e-05
2.40411e-05
2.39502e-05
2.71075e-05
2.39502e-05
2.39502e-05
2.39502e-05
2.39502e-05
2.39502e-05
2.39502e-05
2.9324e-05
2.39502e-05
2.45314e-05
2.39502e-05
2.39502e-05
3.23976e-05
2.39502e-05
2.39502e-05
2.39502e-05
2.39502e-05
2.39502e-05
2.79999e-05
2.39502e-05
2.39502e-05
2.39502e-05
2.39502e-05
2.39502e-05
4.43079e-05
2.39502e-05
2.39502e-05
2.39502e-05
2.3978e-05
2.39502e-05
2.39502e-05
2.39502e-05
2.39502e-05
2.39502e-05
2.39502e-05
2.39502e-05
2.39502e-05
2.39502e-05
2.39502e-05
2.39502e-05
2.39502e-05
2.39502e-05
2.39502e-05
2.44828e-05
2.39502e-05
4.43079e-05
2.39502e-05
2.39502e-05
2.39502e-05
3.4129e-05
2.39502e-05
2.39502e-05
2.39502e-05
2.39502e-05
2.39502e-05
2.39502e-05
2.39502e-05
2.39502e-05
2.68584e-05
2.39502e-05
2.39502e-05
2.39502e-05
2.39502e-05
2.39502e-05
2.39502e-05
2.39502e-05
2.39502e-05
2.39502e-05
2.39502e-05
2.39502e-05
2.39502e-05
2.39502e-05
2.39502e-05
2.39502e-05
2.39502e-05
2.39502e-05
2.39502e-05
2.39502e-05
2.42989e-05
2.39502e-05
2.39502e-05
2.39502e-05
2.39502e-05
2.39502e-05
2.39502e-05
2.39502e-05
2.39502e-05
2.39502e-05
2.39502e-05
2.66038e-05
2.39502e-05
2.39502e-05
2.39502e-05
2.39502e-05
2.39502e-05
2.39502e-05
2.39502e-05
2.39502e-05
2.39502e-05
2.39502e-05
2.39502e-05
2.39502e-05
2.39502e-05
2.39502e-05
2.56467e-05
2.39502e-05
2.39502e-05
2.55903e-05
2.39502e-05
4.43079e-05
2.39502e-05
2.39502e-05
2.39502e-05
2.39502e-05
2.39502e-05
2.39502e-05
2.39502e-05
0.000159668
2.39502e-05
2.39502e-05
2.39502e-05
2.39502e-05
2.39502e-05
2.39502e-05
2.39502e-05
2.39502e-05
2.39502e-05
2.39502e-05
2.39502e-05
2.39502e-05
2.39502e-05
2.39502e-05
2.39502e-05
2.39502e-05
2.39502e-05
2.39502e-05
2.39502e-05
2.39502e-05
2.39502e-05
2.39502e-05
2.39502e-05
2.39502e-05
2.39502e-05
2.39502e-05
2.39502e-05
2.39502e-05
2.39502e-05
2.39502e-05
2.52619e-05
2.39502e-05
2.39502e-05
2.39502e-05
2.39502e-05
2.39502e-05
2.39502e-05
2.39502e-05
2.39502e-05
3.4129e-05
2.39502e-05
2.39502e-05
2.39502e-05
2.39502e-05
2.39502e-05
2.39502e-05
2.39502e-05
2.39502e-05
2.39502e-05
2.39502e-05
2.39502e-05
2.43137e-05
5.30746e-05
2.39502e-05
2.39502e-05
2.39502e-05
2.39502e-05
2.39502e-05
2.39502e-05
2.39502e-05
2.80217e-05
2.39502e-05
2.39502e-05
2.39502e-05
2.39502e-05
2.39502e-05
2.39502e-05
2.39502e-05
2.39502e-05
2.39502e-05
4.43079e-05
2.39502e-05
2.39502e-05
2.39502e-05
2.39502e-05
2.39502e-05
2.39502e-05
2.39502e-05
2.39502e-05
2.39502e-05
2.39502e-05
2.39502e-05
2.39502e-05
2.39502e-05
2.39502e-05
2.39502e-05
2.39502e-05
2.39502e-05
2.39502e-05
2.39502e-05
2.39502e-05
2.39502e-05
2.39502e-05
2.39502e-05
2.39502e-05
2.39502e-05
2.39502e-05
2.39502e-05
2.39502e-05
2.39502e-05
2.39502e-05
2.39502e-05
2.39502e-05
2.39502e-05
2.39502e-05
2.39502e-05
2.39502e-05
2.39502e-05
2.39502e-05
2.39502e-05
2.39502e-05
2.39502e-05
4.43079e-05
2.39502e-05
2.39502e-05
2.39502e-05
2.39502e-05
2.39502e-05
2.39502e-05
2.39502e-05
2.39502e-05
2.39502e-05
2.39502e-05
2.39502e-05
2.46288e-05
2.39502e-05
2.39502e-05
2.39502e-05
2.39502e-05
2.39502e-05
2.39502e-05
2.39502e-05
2.39502e-05
2.39502e-05
2.39502e-05
2.39502e-05
2.39502e-05
2.39502e-05
2.39502e-05
2.39502e-05
2.39502e-05
2.39502e-05
2.39502e-05
2.39502e-05
2.39502e-05
2.39502e-05
2.39502e-05
2.39502e-05
2.3978e-05
0.000159668
2.39502e-05
2.39502e-05
2.39502e-05
2.39502e-05
2.39502e-05
3.4129e-05
2.39502e-05
2.47042e-05
2.39502e-05
2.39502e-05
2.39502e-05
2.39502e-05
2.39502e-05
2.39502e-05
2.39502e-05
2.39502e-05
2.39502e-05
2.39502e-05
2.39502e-05
2.39502e-05
2.39502e-05
2.39502e-05
2.39502e-05
2.39502e-05
2.39502e-05
2.39502e-05
2.39502e-05
2.39502e-05
2.39502e-05
2.39502e-05
2.39502e-05
2.39502e-05
2.39502e-05
2.39502e-05
2.39502e-05
2.39502e-05
2.39502e-05
2.39502e-05
2.39502e-05
2.39502e-05
2.39502e-05
2.39502e-05
2.39502e-05
2.39502e-05
2.39502e-05
2.39502e-05
2.39502e-05
2.39502e-05
2.39502e-05
2.39502e-05
2.39502e-05
2.39502e-05
2.39502e-05
2.39502e-05
2.79457e-05
2.39502e-05
4.43079e-05
2.39502e-05
2.39502e-05
2.39502e-05
2.68265e-05
2.39502e-05
2.39502e-05
2.39502e-05
2.39502e-05
2.39502e-05
2.39502e-05
2.39502e-05
2.39502e-05
2.39502e-05
3.64806e-05
2.39502e-05
2.39502e-05
2.39502e-05
2.39502e-05
2.39502e-05
2.39502e-05
2.39502e-05
2.39502e-05
2.39502e-05
2.39502e-05
2.39502e-05
2.39502e-05
2.39502e-05
2.39502e-05
2.39502e-05
2.39502e-05
2.39502e-05
2.39502e-05
2.39502e-05
2.39502e-05
2.39502e-05
2.39502e-05
2.39502e-05
2.39502e-05
2.39502e-05
2.39502e-05
2.39502e-05
2.39502e-05
2.39502e-05
2.39502e-05
2.39502e-05
2.43137e-05
2.39502e-05
2.39502e-05
2.39502e-05
2.39502e-05
2.39502e-05
2.39502e-05
2.39502e-05
2.39502e-05
2.39502e-05
2.39502e-05
2.39502e-05
2.39502e-05
2.39502e-05
2.39502e-05
2.97395e-05
2.39502e-05
2.39502e-05
2.39502e-05
2.39502e-05
2.39502e-05
2.39502e-05
2.39502e-05
2.39502e-05
2.39502e-05
2.39502e-05
2.39502e-05
2.39502e-05
2.39502e-05
2.41303e-05
2.39502e-05
2.39502e-05
2.68265e-05
2.39502e-05
2.39502e-05
2.39502e-05
2.39502e-05
2.39502e-05
2.39502e-05
2.39502e-05
2.39502e-05
2.39502e-05
2.39502e-05
2.39502e-05
2.39502e-05
2.39502e-05
2.39502e-05
2.39502e-05
2.39502e-05
2.39502e-05
2.39502e-05
2.39502e-05
2.39502e-05
2.39502e-05
2.39502e-05
4.43079e-05
2.39502e-05
2.39502e-05
2.39502e-05
2.39502e-05
2.39502e-05
2.39502e-05
2.39502e-05
2.39502e-05
2.39502e-05
3.07361e-05
2.39502e-05
2.39502e-05
2.39502e-05
2.39502e-05
2.39502e-05
2.39502e-05
2.39502e-05
2.39502e-05
2.39502e-05
2.39502e-05
2.39502e-05
2.39502e-05
2.39502e-05
2.39502e-05
2.39502e-05
2.39502e-05
2.39502e-05
2.39502e-05
2.39502e-05
2.39502e-05
2.39502e-05
2.39502e-05
2.39502e-05
2.39502e-05
