2	522	3	680	682	685
3	402	1	687
5	41	1	682
8	114	1	682
9	460	2	682	685
16	286	1	684
18	318	1	682
29	22	1	688
31	254	1	684
37	139	1	684
40	133	1	687
48	257	1	687
50	385	1	687
54	733	5	680	682	684	685	689
59	236	1	684
60	231	1	688
61	98	2	680	682
66	71	1	684
67	827	2	684	687
69	271	1	684
71	218	2	680	682
73	344	2	680	682
75	182	1	687
79	87	2	682	689
80	9	1	688
81	18	1	687
85	34	2	682	688
87	54	1	682
110	43	1	682
112	118	1	685
121	192	3	680	682	685
127	31	1	687
135	70	2	688	689
152	15	1	687
158	258	1	680
162	75	1	682
167	516	1	684
174	118	1	687
176	640	3	682	684	688
180	221	1	685
194	40	1	688
200	79	1	684
202	306	1	684
204	244	1	684
205	241	1	684
210	118	1	682
215	8	1	689
225	185	1	682
228	2	1	684
230	248	1	687
247	233	1	684
252	193	3	680	682	684
256	137	1	687
262	57	1	682
272	63	1	689
276	69	1	682
279	332	3	680	682	685
280	61	1	685
291	260	1	687
293	151	1	684
303	42	1	688
321	104	1	682
333	32	1	680
335	232	1	684
336	30	1	684
341	50	1	682
349	48	1	684
359	233	3	680	682	688
366	34	1	684
371	26	1	682
372	183	1	687
373	88	2	682	685
386	312	2	682	688
397	159	3	680	682	685
402	165	1	684
410	48	1	682
412	82	2	680	688
416	106	1	687
418	223	2	680	689
419	6	1	682
420	126	1	680
424	83	1	684
426	110	1	689
428	52	1	682
441	80	1	687
451	209	2	684	688
460	155	2	684	689
465	79	1	684
466	47	1	680
467	113	2	682	685
471	59	1	680
475	194	1	687
484	23	1	682
490	261	3	680	682	689
491	74	1	682
492	134	1	684
502	98	1	682
510	111	1	687
529	709	1	684
530	78	2	680	682
532	91	1	684
534	102	1	684
537	231	1	687
542	165	1	684
544	101	1	684
561	130	1	685
569	13	1	688
581	6	1	685
584	69	1	688
593	56	2	682	685
595	120	1	687
632	61	1	682
635	84	2	680	682
637	17	1	688
655	50	1	682
656	103	1	682
670	126	3	682	688	689
679	1	1	680
681	3	1	682
683	7	1	684
686	9	1	687
688	133	1	689
692	70	1	684
695	143	1	684
701	107	1	684
704	88	1	688
710	84	2	682	688
714	205	1	688
715	250	1	684
721	216	1	684
725	80	1	682
726	27	1	682
738	85	1	688
740	85	1	688
752	214	1	684
760	41	1	688
764	51	1	680
777	114	1	687
789	139	2	680	682
801	104	1	684
804	49	1	684
814	171	2	680	689
823	115	1	680
824	85	1	688
836	27	1	687
848	100	1	687
850	279	1	680
855	51	1	682
861	115	2	680	682
866	24	1	684
878	39	1	682
881	56	1	684
885	43	1	684
919	53	1	688
920	47	1	684
926	33	1	684
927	42	1	685
935	17	1	688
948	190	1	682
957	75	1	687
978	41	1	689
1037	44	1	682
1045	186	1	684
1047	144	1	688
1072	36	1	682
1082	34	1	689
1093	33	1	687
1107	15	1	689
1121	109	2	680	682
1130	157	2	685	688
1136	55	1	684
1140	19	1	680
1145	16	1	684
1148	78	1	682
1156	82	1	684
1168	37	1	682
1177	54	1	684
1179	54	1	684
1195	153	1	689
1216	108	2	680	682
1233	59	1	684
1251	27	1	682
1252	88	1	684
1261	54	1	688
1299	66	1	680
1300	40	1	682
1337	58	1	682
1363	17	1	687
1368	147	1	682
1376	162	1	689
1400	19	2	680	684
1414	282	2	684	688
1419	30	1	687
1424	57	1	688
1433	107	1	682
1457	25	1	680
1477	39	1	684
1505	30	1	687
1515	25	1	688
1516	20	1	685
1520	35	1	688
1526	32	1	688
1531	41	1	682
1540	32	1	682
1561	45	1	687
1571	110	2	680	688
1580	58	1	687
1602	7	1	688
1636	79	2	684	687
1646	10	1	682
1685	67	1	682
1686	18	1	684
1695	47	1	684
1728	97	1	684
1740	30	1	688
1744	14	1	688
1754	77	1	685
1784	28	1	689
1801	69	1	689
1850	33	1	682
1867	1	1	684
1876	10	1	680
1905	34	1	682
1927	56	2	680	688
1939	66	1	682
1970	12	1	684
2010	12	1	687
2017	20	1	684
2023	12	1	684
2037	41	1	682
2059	270	3	682	684	688
2082	26	1	684
2122	22	1	687
2163	51	1	689
2186	42	1	688
2188	68	1	682
2246	1	1	680
2259	10	1	682
2317	2	1	684
2353	40	1	688
2387	12	1	685
2553	21	1	685
2558	10	1	687
2559	5	1	687
2641	25	1	682
2720	19	1	687
2821	3	1	688
2840	3	1	687
2883	23	2	684	687
2899	21	1	684
2924	10	1	684
2980	11	1	680
3065	12	1	687
3096	10	1	682
3139	3	1	685
3187	30	1	687
3196	7	1	687
3222	10	1	687
3381	13	1	687
3442	10	1	687
3737	3	1	685
3761	4	1	685
3950	3	1	680
4024	20	1	680
4060	3	1	685
4228	3	1	685
4455	3	1	685
4499	1	1	685
4532	8	1	685
4640	8	1	687
5275	1	1	687
5559	1	1	682
5655	1	1	688
