3	402	1	1467
9	460	1	1461
16	286	1	1465
20	70	1	1468
36	62	1	1461
37	139	1	1461
48	257	1	1461
49	124	1	1461
53	219	1	1467
54	733	4	1461	1467	1468	1469
63	91	1	1465
67	827	2	1461	1465
69	271	3	1461	1465	1467
73	344	1	1461
94	240	1	1467
96	113	1	1461
131	90	1	1465
137	73	1	1461
141	95	1	1468
143	116	1	1465
149	63	1	1461
151	39	1	1461
156	205	1	1461
158	258	1	1468
167	516	1	1461
176	640	3	1465	1467	1469
179	121	1	1461
180	221	2	1461	1469
181	147	2	1465	1467
204	244	1	1465
210	118	1	1469
225	185	1	1469
230	248	2	1465	1467
240	128	1	1465
246	21	1	1468
264	224	1	1467
280	61	1	1467
286	88	1	1468
291	260	1	1467
294	72	1	1467
299	113	1	1461
318	211	2	1465	1467
319	45	2	1465	1467
333	32	1	1468
349	48	1	1469
359	233	2	1461	1469
366	34	1	1461
372	183	1	1465
374	249	1	1461
382	34	1	1465
384	205	2	1461	1467
393	119	1	1465
426	110	1	1468
438	10	1	1465
441	80	1	1465
450	166	1	1465
471	59	1	1469
481	56	1	1461
493	75	1	1467
522	291	1	1467
529	709	2	1465	1467
556	69	1	1461
559	87	1	1468
584	69	1	1468
586	93	1	1461
593	56	1	1469
595	120	1	1467
597	193	1	1461
652	57	1	1467
707	212	1	1467
714	205	1	1469
721	216	1	1461
733	173	1	1467
751	166	1	1461
757	20	1	1465
768	15	1	1467
769	124	1	1469
798	40	1	1465
844	317	2	1465	1467
881	56	1	1469
884	150	1	1461
895	57	1	1461
899	65	1	1465
921	113	2	1468	1469
970	28	1	1461
992	68	1	1468
1000	66	1	1461
1033	30	1	1465
1034	28	1	1469
1058	177	2	1465	1467
1070	77	1	1465
1075	120	1	1467
1124	70	1	1467
1156	82	1	1461
1184	105	1	1467
1195	153	1	1468
1207	66	1	1465
1280	57	1	1465
1307	22	1	1465
1313	63	1	1465
1376	162	1	1468
1378	114	1	1465
1399	39	1	1468
1424	57	1	1469
1445	25	1	1469
1453	38	1	1467
1464	27	1	1461
1466	19	1	1467
1480	29	1	1469
1527	51	1	1461
1532	27	1	1461
1575	53	1	1469
1580	58	1	1465
1668	13	1	1461
1684	53	1	1465
1692	54	1	1461
1716	37	1	1465
1719	42	1	1465
1743	55	1	1469
1776	59	1	1469
1796	48	1	1465
1797	64	1	1468
1831	89	1	1468
1855	122	1	1465
1916	75	1	1461
2059	270	1	1468
2065	7	1	1465
2073	5	1	1469
2092	49	1	1465
2095	12	1	1461
2101	26	1	1465
2212	68	1	1461
2288	20	1	1469
2348	47	1	1461
2376	5	1	1468
2392	9	1	1461
2437	13	1	1461
2448	26	1	1461
2857	19	1	1467
2864	30	1	1465
2884	33	1	1465
3134	11	1	1461
3308	2	1	1465
3419	11	1	1467
4230	4	1	1465
4358	2	1	1465
5085	3	1	1467
5532	2	1	1465
