2	522	4	50	51	53	58
3	402	3	52	53	55
9	460	1	55
16	286	1	51
17	35	2	52	58
18	318	2	50	55
19	91	1	52
20	70	1	59
31	254	2	51	56
33	25	2	53	55
44	85	1	58
46	63	1	56
48	257	1	51
50	385	1	51
52	57	1	53
53	219	2	52	55
54	733	4	50	51	55	59
55	104	1	56
57	33	1	58
60	231	3	52	55	59
61	98	1	56
62	89	1	56
63	91	1	53
67	827	5	50	51	53	55	56
69	271	2	52	52
71	218	2	50	58
73	344	3	50	55	56
74	65	2	51	56
75	182	2	53	55
79	87	1	59
87	54	1	50
89	39	1	59
93	42	1	52
94	240	3	52	53	55
96	113	1	51
103	237	2	52	53
107	71	1	53
110	43	1	58
115	225	2	52	53
117	36	1	52
118	60	1	55
122	100	2	56	58
132	187	2	50	55
149	63	1	58
155	49	1	51
156	205	4	51	52	53	55
163	16	1	58
167	516	4	51	52	53	58
169	194	2	53	55
172	79	1	58
174	118	1	52
176	640	5	50	51	52	53	55
177	53	1	59
178	55	1	59
179	121	1	51
180	221	1	50
181	147	2	52	53
183	160	1	52
193	215	3	51	56	59
195	21	1	59
202	306	1	52
204	244	1	52
205	241	3	52	52	55
207	14	1	52
218	84	1	52
219	42	1	52
225	185	2	50	58
229	118	1	51
230	248	3	52	53	55
236	95	1	51
240	128	2	53	55
246	21	1	59
247	233	1	56
252	193	1	59
258	112	1	58
261	105	2	52	53
264	224	1	55
272	63	1	59
276	69	1	50
282	12	1	56
285	237	2	52	53
291	260	3	51	53	58
293	151	1	51
294	72	2	53	55
296	135	1	55
299	113	1	56
314	31	1	53
318	211	3	52	53	55
319	45	1	55
320	52	1	50
321	104	1	50
328	122	1	50
330	26	1	50
335	232	1	51
343	101	1	50
348	173	2	52	55
353	61	1	51
359	233	3	50	56	58
366	34	1	51
374	249	1	51
380	42	1	58
384	205	2	52	55
392	34	1	52
393	119	1	53
395	34	1	53
397	159	1	50
402	165	1	51
416	106	2	55	58
418	223	1	59
422	36	1	52
424	83	2	55	56
426	110	1	59
437	26	1	56
439	37	1	51
441	80	1	52
450	166	2	52	53
453	83	1	50
454	79	1	53
460	155	1	59
461	27	1	56
471	59	1	50
481	56	1	58
490	261	1	50
493	75	2	52	55
500	15	1	52
504	26	1	53
522	291	2	52	55
524	56	1	52
529	709	2	52	55
534	102	1	51
537	231	1	52
544	101	1	52
545	70	1	55
557	69	1	56
559	87	1	59
564	50	1	52
592	32	1	56
594	125	1	50
595	120	1	55
597	193	1	56
599	69	2	51	58
610	34	1	51
612	55	1	50
616	40	1	58
621	23	1	51
625	32	1	55
627	148	3	51	52	56
628	47	1	53
635	84	1	58
637	17	1	50
643	68	1	52
645	227	1	51
655	50	1	58
656	103	1	58
665	31	1	53
667	16	1	55
668	49	1	53
690	96	1	51
692	70	1	50
707	212	1	53
710	84	2	50	59
715	250	1	53
718	187	1	55
721	216	2	56	58
726	27	1	50
733	173	2	53	55
734	50	1	50
751	166	2	51	56
752	214	4	52	52	53	55
766	132	1	51
769	124	1	50
771	101	1	58
785	71	1	50
786	56	1	51
796	12	1	52
797	35	1	52
801	104	1	50
814	171	1	50
819	19	1	52
823	115	1	58
825	90	1	50
829	34	1	56
844	317	4	52	52	53	55
861	115	2	50	58
864	50	2	55	56
867	120	1	52
870	28	1	59
884	150	1	51
892	38	2	52	53
893	12	1	52
900	67	1	56
907	12	1	55
909	31	1	56
925	46	1	58
926	33	1	58
927	42	1	55
930	39	1	51
936	52	1	52
938	13	1	50
941	145	2	53	58
942	92	2	52	53
943	38	1	56
947	56	1	56
950	15	1	51
956	60	1	51
970	28	1	56
982	22	1	58
983	184	1	51
991	20	1	50
992	68	1	51
998	101	1	51
1000	66	1	51
1001	73	1	51
1003	15	1	52
1009	20	1	53
1011	60	3	52	52	55
1018	42	1	51
1022	48	1	58
1024	32	1	52
1028	90	1	56
1031	32	1	52
1036	59	1	59
1041	49	1	50
1045	186	1	52
1050	29	1	55
1052	117	1	59
1057	20	1	56
1058	177	1	53
1064	4	1	59
1065	54	1	58
1069	138	1	55
1072	36	1	59
1075	120	2	53	55
1094	99	2	51	58
1096	95	1	50
1122	40	2	52	52
1124	70	1	53
1130	157	2	50	51
1148	78	1	58
1165	21	1	58
1181	13	1	56
1184	105	2	52	55
1189	121	1	50
1195	153	1	59
1198	42	1	58
1213	80	2	52	53
1223	27	1	51
1229	58	1	58
1236	16	1	50
1247	39	1	50
1256	59	1	59
1282	51	1	53
1316	14	1	51
1336	48	1	59
1347	18	1	53
1357	20	1	53
1374	51	1	58
1376	162	1	59
1384	7	1	58
1389	30	1	55
1414	282	2	55	56
1439	7	1	50
1464	27	1	59
1475	69	1	56
1497	7	1	53
1504	41	1	51
1519	120	2	50	51
1521	42	1	53
1531	41	1	58
1566	23	1	58
1573	59	1	50
1604	20	1	53
1630	15	1	53
1636	79	1	55
1653	56	1	52
1665	13	1	56
1683	13	1	58
1696	20	1	52
1703	17	1	59
1714	35	1	51
1742	90	1	58
1759	5	1	53
1762	57	1	50
1765	39	1	58
1796	48	1	52
1797	64	1	52
1800	12	1	50
1831	89	1	59
1846	48	1	56
1853	37	1	53
1884	164	1	53
1886	32	1	50
1894	6	1	51
1931	49	1	55
1937	53	1	51
1939	66	2	50	58
1945	57	1	53
1977	26	1	51
1993	45	1	58
2037	41	1	50
2058	37	1	55
2059	270	1	59
2063	31	1	51
2071	45	2	51	58
2078	45	1	51
2149	29	1	52
2153	6	1	51
2168	28	1	50
2176	3	1	59
2186	42	1	51
2206	22	1	50
2235	14	1	58
2302	55	1	56
2315	28	1	55
2325	8	1	59
2339	50	1	58
2348	47	1	51
2368	50	2	56	59
2432	6	1	59
2453	2	1	56
2455	8	1	58
2479	50	1	58
2517	18	1	55
2550	3	1	59
2561	16	1	59
2568	43	1	51
2598	4	1	58
2645	26	1	53
2651	23	1	51
2672	13	1	52
2700	12	1	58
2763	10	1	52
2772	29	1	52
2785	10	1	53
2793	27	1	56
2799	38	1	58
2851	14	1	56
2855	3	1	58
2856	13	1	59
2857	19	1	52
2862	35	1	59
2866	6	1	50
2871	19	1	51
2883	23	1	50
2884	33	1	59
2899	21	1	51
2926	16	1	50
2952	4	1	51
2983	1	1	51
3011	14	1	53
3016	8	1	52
3020	26	1	58
3038	19	1	51
3103	10	1	52
3120	13	1	51
3248	2	1	58
3279	5	1	50
3323	38	1	55
3350	8	1	56
3354	3	1	59
3362	5	1	51
3400	7	1	58
3643	6	1	59
3662	5	1	59
3666	1	1	51
3668	10	1	56
3701	1	1	58
3727	2	1	53
3796	7	1	53
3810	6	1	53
3884	9	1	50
3932	4	1	55
4481	3	1	50
4518	3	1	52
4600	7	1	55
4650	1	1	53
4671	3	1	50
4945	3	1	58
5129	2	1	58
5341	1	1	58
5391	1	1	50
5548	1	1	53
5575	1	1	56
5581	1	1	50
5832	1	1	56
5925	1	1	59
5970	1	1	53
6087	1	1	53
6182	1	1	50
