2	522	3	231	236	238
3	402	4	230	231	232	233
9	460	2	231	233
12	126	1	238
16	286	2	231	238
18	318	3	231	236	238
19	91	1	233
22	52	1	233
28	25	1	234
31	254	1	236
32	15	1	233
37	139	1	236
42	52	1	231
48	257	2	236	238
50	385	1	233
53	219	3	230	231	234
54	733	1	230
63	91	1	233
64	81	1	231
67	827	7	230	231	232	233	235	236	238
71	218	2	235	238
73	344	1	238
74	65	1	236
75	182	1	230
94	240	4	230	231	232	234
96	113	1	236
97	34	1	238
103	237	1	234
107	71	1	233
108	55	1	231
115	225	2	231	234
131	90	1	234
132	187	1	238
137	73	1	236
143	116	2	230	231
151	39	1	231
157	64	1	231
167	516	2	236	238
169	194	1	230
170	37	2	230	231
171	137	1	230
172	79	1	234
176	640	4	230	231	233	234
181	147	1	232
191	49	1	231
196	93	1	234
197	42	1	234
202	306	2	233	234
203	36	1	234
204	244	1	233
205	241	1	230
218	84	2	230	234
225	185	1	233
230	248	4	231	232	233	234
232	92	2	231	233
235	20	1	236
237	14	1	238
240	128	2	231	234
241	35	1	233
244	18	1	231
247	233	1	234
252	193	1	238
261	105	1	231
264	224	1	230
280	61	1	238
285	237	2	231	234
291	260	2	232	233
293	151	1	238
294	72	2	230	233
296	135	1	231
315	40	1	234
318	211	2	230	234
335	232	2	236	238
336	30	1	238
339	70	1	233
340	24	1	231
343	101	1	238
348	173	1	230
360	2	1	233
366	34	1	238
372	183	3	231	232	233
374	249	1	236
382	34	1	232
384	205	1	236
393	119	2	232	233
397	159	1	236
420	126	1	238
450	166	2	230	234
453	83	1	238
467	113	1	236
475	194	1	231
482	42	1	236
490	261	2	236	238
497	106	2	230	232
510	111	2	231	233
512	202	2	231	234
515	94	1	238
522	291	2	230	232
529	709	5	230	231	233	236	238
534	102	1	238
537	231	2	231	236
542	165	2	236	238
557	69	1	236
558	64	2	236	238
572	29	1	230
595	120	2	230	233
597	193	1	238
599	69	1	238
607	45	1	231
621	23	1	236
625	32	1	230
635	84	1	238
639	10	1	236
643	68	1	234
644	4	1	231
645	227	2	236	238
652	57	1	230
658	64	1	238
661	24	1	231
664	91	2	231	236
675	87	1	231
690	96	1	236
700	32	1	231
703	75	1	231
704	88	1	236
707	212	3	230	232	234
714	205	1	236
718	187	2	230	234
721	216	1	236
725	80	1	238
733	173	1	234
747	93	1	236
751	166	1	236
752	214	1	232
753	47	1	234
757	20	1	231
766	132	2	236	238
777	114	3	231	232	233
781	11	1	236
786	56	1	238
790	49	1	231
798	40	1	232
801	104	1	238
806	50	1	233
825	90	2	235	236
831	34	1	236
832	32	1	231
843	51	1	231
844	317	2	230	234
846	96	1	236
848	100	1	231
850	279	1	238
855	51	1	238
861	115	1	234
866	24	1	234
867	120	1	236
874	11	1	238
882	17	1	234
884	150	1	236
896	16	1	231
899	65	1	238
916	45	1	235
926	33	1	233
942	92	1	234
943	38	1	236
946	75	1	236
947	56	1	236
957	75	2	231	233
961	65	1	233
963	31	1	230
983	184	2	236	238
1000	66	2	236	238
1001	73	1	236
1003	15	1	231
1005	95	1	231
1021	21	1	231
1022	48	1	238
1045	186	1	234
1058	177	4	231	233	234	236
1068	3	1	231
1069	138	1	230
1070	77	2	231	233
1074	38	2	236	238
1075	120	2	230	234
1094	99	1	238
1108	92	1	238
1124	70	2	230	232
1129	83	1	236
1149	42	1	236
1175	42	1	238
1184	105	1	230
1189	121	1	235
1198	42	1	238
1213	80	1	232
1218	14	1	236
1242	42	1	234
1245	18	1	231
1262	38	1	233
1274	63	1	238
1280	57	2	231	233
1293	32	1	236
1303	83	2	236	238
1310	34	1	234
1323	21	1	231
1324	15	1	231
1326	30	1	231
1342	44	1	238
1372	12	1	238
1374	51	1	233
1409	15	1	235
1410	41	1	231
1417	41	1	236
1474	36	1	236
1493	40	1	231
1531	41	1	238
1545	2	1	230
1547	26	1	238
1555	4	1	232
1566	23	1	238
1568	6	1	232
1580	58	1	231
1582	74	1	231
1591	36	1	231
1604	20	1	234
1620	31	1	233
1636	79	1	230
1637	11	1	238
1664	37	1	238
1708	20	1	231
1728	97	1	233
1755	24	1	238
1764	4	1	233
1777	9	1	231
1797	64	1	231
1837	18	1	234
1855	122	2	231	233
1875	10	1	231
1884	164	1	234
1931	49	1	234
1976	26	1	238
1995	7	1	238
2044	29	1	238
2048	31	1	236
2059	270	1	238
2066	40	1	238
2092	49	2	232	233
2097	35	1	234
2100	20	1	231
2103	16	1	238
2127	32	1	236
2153	6	1	238
2163	51	1	236
2170	35	1	231
2222	20	1	231
2255	37	1	231
2291	29	1	236
2296	30	1	238
2306	17	1	236
2340	13	1	238
2368	50	1	238
2419	12	1	238
2427	2	1	231
2440	12	1	233
2470	26	1	233
2517	18	1	231
2546	33	1	236
2553	21	1	236
2589	8	1	233
2618	21	1	233
2623	19	1	236
2627	31	1	238
2666	4	1	230
2667	15	1	233
2688	29	1	238
2693	25	1	238
2694	9	2	232	233
2762	15	1	232
2784	18	1	231
2808	27	1	235
2845	25	1	238
2850	7	1	238
3008	13	1	234
3103	10	1	238
3104	13	1	238
3185	31	1	233
3187	30	1	231
3272	4	1	230
3372	4	1	234
3400	7	1	238
3459	6	1	232
3462	10	1	238
3638	6	1	236
3691	19	1	236
3729	1	1	232
3759	5	1	238
3857	10	1	233
3962	9	1	231
4037	12	1	231
4053	5	1	238
4142	2	1	230
4280	3	1	231
4618	4	1	232
4670	2	1	231
4673	3	1	230
4803	10	1	238
4838	1	1	234
5150	3	1	238
5302	1	1	236
5597	1	1	236
6139	1	1	238
