2	522	2	1027	1029
6	30	1	1024
12	126	1	1029
16	286	2	1022	1029
18	318	1	1027
22	52	1	1024
23	134	1	1024
31	254	2	1023	1024
34	16	1	1029
36	62	1	1028
48	257	2	1022	1029
49	124	2	1023	1028
50	385	3	1024	1027	1029
52	57	1	1024
54	733	3	1023	1027	1028
62	89	1	1028
65	159	2	1022	1028
67	827	6	1022	1023	1024	1027	1028	1029
69	271	3	1023	1024	1028
71	218	2	1027	1029
73	344	1	1029
79	87	1	1028
83	18	1	1022
94	240	1	1024
96	113	1	1028
103	237	1	1024
115	225	1	1024
122	100	2	1022	1029
123	59	2	1028	1029
130	2	1	1028
132	187	2	1028	1029
139	16	1	1024
143	116	1	1024
147	56	1	1024
149	63	1	1022
155	49	1	1024
156	205	1	1027
167	516	5	1022	1023	1024	1028	1029
169	194	1	1028
176	640	3	1022	1024	1028
179	121	2	1023	1026
180	221	2	1022	1029
182	53	1	1024
183	160	1	1024
184	42	1	1023
202	306	2	1023	1024
204	244	1	1023
205	241	2	1023	1024
218	84	1	1024
225	185	2	1023	1028
229	118	1	1029
236	95	1	1026
261	105	1	1024
283	25	2	1022	1027
285	237	1	1024
291	260	2	1027	1029
293	151	1	1024
298	69	2	1026	1029
299	113	1	1028
306	128	3	1024	1026	1028
309	30	1	1024
320	52	1	1029
328	122	1	1027
334	23	1	1022
335	232	2	1028	1029
352	7	1	1024
356	23	1	1027
359	233	1	1028
374	249	4	1022	1026	1028	1029
379	46	3	1023	1024	1029
384	205	3	1022	1023	1028
391	64	1	1029
402	165	2	1023	1024
407	48	1	1023
409	36	1	1022
416	106	2	1022	1023
451	209	2	1024	1027
453	83	2	1023	1027
456	54	1	1028
468	70	1	1024
475	194	1	1024
479	38	1	1023
480	31	1	1027
481	56	1	1023
490	261	2	1027	1028
492	134	1	1027
520	80	1	1024
521	2	1	1028
529	709	5	1023	1024	1027	1028	1029
543	12	1	1024
544	101	1	1023
556	69	1	1028
564	50	1	1024
574	51	1	1024
579	24	1	1024
586	93	1	1022
592	32	1	1027
594	125	3	1026	1027	1028
596	61	1	1022
597	193	1	1027
599	69	1	1027
627	148	2	1022	1023
628	47	1	1029
641	56	2	1024	1028
645	227	2	1027	1029
652	57	1	1024
657	49	2	1023	1024
664	91	1	1029
678	28	1	1024
683	7	1	1028
690	96	1	1028
694	90	2	1024	1028
695	143	2	1022	1024
701	107	1	1023
714	205	3	1022	1028	1029
715	250	1	1024
718	187	2	1024	1028
720	4	1	1024
721	216	3	1022	1024	1029
723	46	1	1028
738	85	1	1027
747	93	2	1022	1029
751	166	2	1028	1029
752	214	1	1024
766	132	2	1024	1029
771	101	1	1022
773	57	1	1024
780	8	1	1027
786	56	1	1028
823	115	2	1022	1029
825	90	1	1027
829	34	2	1023	1028
844	317	1	1024
850	279	2	1024	1027
867	120	2	1022	1029
872	70	1	1028
884	150	3	1022	1023	1028
894	39	1	1029
895	57	1	1023
900	67	1	1023
905	125	2	1024	1028
909	31	1	1024
941	145	2	1024	1026
943	38	1	1023
946	75	1	1029
947	56	1	1029
948	190	1	1027
976	75	1	1022
982	22	1	1027
983	184	1	1024
986	108	3	1023	1024	1028
1000	66	1	1029
1001	73	1	1024
1011	60	1	1024
1018	42	1	1023
1028	90	1	1023
1031	32	1	1023
1033	30	1	1028
1034	28	1	1022
1041	49	1	1029
1045	186	1	1024
1063	30	1	1022
1065	54	1	1022
1074	38	1	1028
1078	65	2	1024	1029
1094	99	2	1028	1029
1095	20	1	1023
1123	25	1	1024
1129	83	1	1029
1130	157	1	1029
1136	55	3	1023	1024	1029
1137	10	1	1022
1148	78	1	1029
1149	42	2	1022	1029
1156	82	1	1022
1158	20	1	1029
1168	37	1	1024
1176	64	1	1024
1179	54	1	1023
1187	18	1	1022
1189	121	1	1027
1198	42	1	1029
1224	81	1	1024
1287	72	1	1023
1321	63	2	1023	1024
1327	34	1	1022
1331	31	1	1024
1335	20	1	1022
1337	58	1	1027
1364	54	1	1028
1374	51	1	1023
1378	114	2	1024	1029
1389	30	1	1026
1394	6	1	1029
1414	282	2	1023	1024
1417	41	1	1022
1429	34	1	1024
1460	139	1	1028
1474	36	2	1023	1028
1475	69	2	1022	1028
1476	39	1	1029
1500	52	1	1024
1519	120	2	1022	1028
1527	51	1	1027
1528	17	1	1024
1546	32	1	1024
1547	26	1	1022
1552	27	1	1023
1569	28	1	1023
1572	57	1	1027
1582	74	1	1024
1622	33	1	1022
1629	73	1	1024
1660	21	1	1028
1663	3	1	1023
1683	13	1	1027
1689	8	1	1024
1707	22	1	1027
1710	13	1	1022
1713	5	1	1022
1715	9	1	1029
1736	69	1	1024
1776	59	1	1024
1790	9	1	1028
1814	16	1	1029
1817	59	1	1028
1819	4	1	1024
1824	17	1	1029
1831	89	1	1024
1862	28	1	1028
1925	40	1	1024
1931	49	2	1022	1029
1939	66	1	1027
2013	9	1	1029
2037	41	1	1027
2039	6	1	1024
2047	6	2	1023	1024
2059	270	1	1029
2062	33	1	1028
2096	22	1	1027
2098	14	1	1024
2122	22	1	1024
2127	32	1	1029
2135	17	1	1029
2168	28	1	1027
2192	26	1	1028
2218	5	1	1029
2240	20	1	1022
2247	22	1	1027
2257	20	1	1024
2258	17	1	1028
2266	38	1	1024
2291	29	1	1029
2302	55	1	1023
2379	20	2	1026	1028
2430	11	1	1027
2454	58	3	1022	1023	1028
2474	57	1	1029
2602	20	1	1029
2629	9	1	1027
2688	29	2	1022	1029
2739	11	1	1024
2748	32	1	1028
2752	18	1	1024
2758	2	1	1022
2808	27	1	1028
2827	7	1	1024
2989	26	1	1027
3126	15	1	1028
3246	8	1	1024
3250	13	1	1028
3276	20	1	1028
3426	10	1	1024
3497	18	1	1028
3509	9	1	1028
3562	6	1	1029
3680	1	1	1024
3762	6	1	1023
3780	1	1	1028
3804	3	1	1027
4874	1	1	1024
4945	3	1	1022
5007	2	1	1023
5260	1	1	1022
5601	1	1	1028
5985	2	1	1023
