2	522	4	1390	1394	1397	1398
3	402	1	1392
8	114	1	1390
9	460	3	1394	1397	1398
12	126	1	1398
16	286	1	1398
18	318	1	1394
31	254	1	1398
37	139	1	1398
42	52	1	1392
48	257	1	1398
50	385	1	1390
54	733	4	1390	1394	1397	1398
60	231	2	1397	1398
65	159	1	1390
67	827	2	1392	1398
73	344	2	1390	1397
96	113	1	1398
112	118	1	1397
121	192	2	1390	1397
132	187	1	1398
133	113	1	1397
156	205	2	1394	1398
162	75	2	1390	1394
167	516	1	1398
169	194	1	1398
176	640	2	1392	1397
179	121	1	1398
189	121	1	1392
193	215	1	1394
210	118	1	1390
229	118	1	1398
232	92	1	1392
247	233	1	1392
248	38	1	1394
258	112	2	1390	1397
264	224	1	1392
279	332	1	1397
286	88	1	1397
296	135	1	1392
299	113	1	1398
319	45	1	1390
323	39	1	1392
328	122	1	1394
331	47	1	1398
345	54	1	1390
355	9	1	1390
358	26	1	1394
359	233	1	1397
372	183	1	1392
373	88	1	1397
380	42	2	1394	1398
386	312	1	1398
397	159	2	1390	1397
400	38	1	1398
402	165	1	1398
416	106	1	1394
432	56	1	1397
447	2	1	1398
460	155	1	1390
467	113	1	1397
471	59	1	1397
481	56	1	1398
484	23	1	1397
490	261	1	1394
502	98	1	1390
512	202	1	1392
519	77	1	1398
522	291	2	1392	1398
529	709	2	1390	1392
537	231	1	1392
542	165	1	1398
556	69	1	1398
561	130	1	1397
576	117	1	1390
593	56	2	1390	1397
597	193	2	1394	1398
602	37	1	1394
655	50	1	1390
656	103	1	1398
661	24	1	1392
675	87	1	1392
690	96	1	1398
707	212	1	1392
714	205	2	1390	1394
718	187	1	1398
721	216	2	1394	1398
725	80	1	1390
736	16	1	1394
751	166	1	1398
771	101	1	1390
777	114	1	1392
790	49	1	1392
801	104	1	1390
823	115	2	1390	1394
825	90	1	1394
843	51	1	1392
848	100	1	1392
850	279	1	1394
852	37	1	1392
860	2	1	1394
867	120	1	1398
870	28	1	1398
884	150	1	1398
885	43	1	1398
895	57	1	1398
941	145	1	1398
946	75	1	1390
947	56	1	1398
949	14	1	1394
983	184	1	1398
993	36	1	1390
997	19	1	1398
1001	73	1	1398
1005	95	1	1392
1011	60	1	1392
1034	28	1	1394
1035	9	1	1394
1042	16	1	1392
1047	144	1	1398
1070	77	1	1392
1078	65	1	1394
1094	99	1	1398
1121	109	1	1390
1130	157	2	1390	1397
1148	78	2	1394	1398
1166	30	1	1398
1175	42	1	1394
1189	121	1	1394
1194	52	1	1398
1195	153	1	1398
1216	108	2	1390	1397
1232	48	1	1398
1248	42	1	1394
1251	27	1	1390
1278	14	1	1398
1337	58	1	1398
1342	44	1	1394
1360	64	1	1390
1385	42	1	1398
1389	30	1	1390
1391	21	1	1392
1409	15	1	1398
1433	107	1	1390
1460	139	1	1392
1480	29	1	1394
1493	40	1	1392
1507	33	1	1398
1516	20	1	1397
1519	120	1	1397
1638	37	1	1398
1651	22	1	1397
1692	54	1	1398
1701	42	1	1398
1729	76	1	1390
1742	90	2	1394	1398
1754	77	1	1398
1771	11	1	1390
1776	59	1	1390
1781	20	1	1390
1806	8	1	1398
1826	31	1	1398
1876	10	1	1390
1893	33	1	1397
1939	66	1	1394
1993	45	1	1398
2003	28	1	1394
2059	270	2	1390	1398
2100	20	1	1392
2112	35	1	1398
2172	26	1	1394
2339	50	1	1394
2348	47	1	1398
2387	12	1	1390
2437	13	1	1398
2454	58	1	1394
2474	57	1	1394
2479	50	1	1394
2517	18	1	1392
2568	43	1	1390
2627	31	1	1390
2700	12	1	1398
2731	16	1	1392
2748	32	1	1398
2804	8	1	1392
2829	4	1	1394
2851	14	1	1398
2866	6	1	1394
2875	22	1	1398
2890	3	1	1392
2989	26	1	1398
3058	5	1	1392
3072	6	1	1392
3104	13	1	1398
3157	9	1	1392
3164	5	1	1398
3281	3	1	1392
3497	18	1	1398
3575	14	1	1398
3709	2	1	1394
3793	2	1	1392
3904	6	1	1398
3962	9	1	1392
3985	11	1	1398
4073	1	1	1394
4211	1	1	1394
4222	5	1	1392
4318	7	1	1398
4601	4	1	1392
4787	3	1	1392
5411	2	1	1397
5574	1	1	1398
5619	1	1	1397
5761	1	1	1397
