2	522	1	205
3	402	2	203	207
9	460	1	203
16	286	1	200
18	318	1	203
31	254	1	205
37	139	2	203	203
49	124	1	200
50	385	1	201
53	219	3	201	203	207
54	733	2	205	209
55	104	2	200	205
59	236	1	201
64	81	1	207
67	827	2	200	205
69	271	4	200	203	205	207
94	240	1	207
97	34	1	200
103	237	1	201
110	43	1	205
115	225	2	201	203
123	59	1	205
129	5	1	200
131	90	1	201
133	113	1	209
147	56	1	203
167	516	4	200	201	203	205
169	194	1	200
170	37	1	207
176	640	2	200	201
179	121	1	205
180	221	1	203
181	147	1	207
183	160	1	201
200	79	1	201
202	306	5	200	201	203	203	205
204	244	4	200	201	205	207
205	241	2	200	201
206	29	1	207
208	1	1	209
218	84	1	203
229	118	1	201
240	128	1	203
252	193	3	200	201	203
264	224	1	203
285	237	1	203
286	88	1	203
293	151	1	200
296	135	1	203
299	113	1	205
315	40	1	203
318	211	1	201
319	45	1	203
335	232	2	200	205
336	30	1	203
353	61	1	205
358	26	1	207
377	2	1	205
381	88	1	201
384	205	1	205
395	34	1	201
401	34	1	205
402	165	1	203
405	58	2	200	201
432	56	1	201
433	45	1	203
450	166	1	203
451	209	2	200	201
465	79	1	205
475	194	1	201
490	261	1	200
496	30	1	205
508	72	2	201	203
512	202	1	203
516	36	1	201
520	80	1	205
522	291	2	201	203
529	709	4	200	201	203	205
532	91	1	200
533	26	1	200
534	102	1	200
537	231	1	205
542	165	1	200
544	101	1	205
558	64	1	201
567	59	1	205
574	51	1	200
575	37	1	207
576	117	1	203
594	125	1	203
596	61	1	200
597	193	1	205
627	148	2	203	203
643	68	2	203	207
651	41	2	200	205
694	90	2	200	205
697	100	2	201	203
701	107	3	200	201	205
707	212	3	201	203	207
715	250	1	205
718	187	2	200	201
721	216	2	200	205
733	173	2	203	207
752	214	1	205
773	57	1	203
779	58	1	200
798	40	1	205
801	104	1	200
804	49	1	205
806	50	1	203
814	171	2	203	203
844	317	3	200	201	203
846	96	2	201	203
850	279	1	203
872	70	1	201
882	17	1	201
887	11	1	203
900	67	1	200
903	77	1	200
916	45	2	203	203
920	47	2	200	201
927	42	1	203
939	4	1	201
940	14	1	200
941	145	1	203
942	92	2	203	207
943	38	1	201
986	108	1	205
993	36	1	201
1003	15	1	207
1011	60	2	203	203
1024	32	1	205
1028	90	1	205
1038	15	1	201
1045	186	2	203	205
1075	120	1	207
1087	58	1	200
1113	11	1	203
1123	25	1	205
1136	55	1	205
1145	16	1	200
1153	11	1	205
1175	42	1	200
1224	81	2	201	203
1233	59	1	200
1242	42	1	201
1252	88	1	205
1280	57	1	207
1344	47	2	201	203
1365	53	2	200	205
1373	3	1	201
1376	162	1	209
1414	282	2	200	205
1460	139	2	201	203
1507	33	1	205
1521	42	1	203
1531	41	1	205
1578	24	1	203
1630	15	1	207
1637	11	1	200
1638	37	1	201
1695	47	1	201
1732	25	2	200	201
1762	57	1	205
1766	13	1	201
1776	59	1	203
1797	64	1	207
1847	4	1	203
1861	5	1	205
1884	164	1	201
1925	40	1	205
1937	53	1	205
1980	9	1	201
2059	270	3	200	203	203
2066	40	1	201
2104	4	1	203
2127	32	1	201
2128	52	1	201
2143	9	1	200
2194	23	1	201
2212	68	1	201
2240	20	1	203
2249	8	1	201
2264	37	1	200
2314	24	1	203
2315	28	1	207
2391	13	1	203
2458	44	4	200	201	203	205
2474	57	1	203
2477	14	1	201
2513	1	1	203
2563	30	1	200
2566	10	1	203
2571	12	1	203
2664	13	1	207
2676	6	1	203
2749	26	2	203	203
2772	29	1	200
2797	1	1	203
2876	1	1	203
2894	2	1	205
2950	26	1	203
2973	3	1	203
3063	4	1	207
3070	1	1	203
3262	9	1	200
3406	7	1	200
3440	1	1	201
3462	10	1	200
3550	1	1	207
3585	6	1	203
3669	4	1	205
3751	14	1	200
3799	8	2	201	203
3845	3	1	205
3892	4	1	203
3954	3	1	209
4047	1	1	205
4366	2	1	203
4389	1	1	200
4619	2	1	205
4943	1	1	201
5003	2	1	209
5108	5	1	200
5408	4	1	205
5436	3	1	205
5946	1	1	203
