2	522	2	362	368
3	402	1	363
6	30	1	369
9	460	3	360	363	365
12	126	1	362
18	318	2	360	368
19	91	1	365
22	52	1	362
31	254	2	362	369
48	257	1	362
49	124	1	369
50	385	1	360
53	219	1	365
54	733	2	368	369
55	104	1	369
59	236	1	360
60	231	1	360
63	91	1	365
67	827	4	360	362	365	369
71	218	3	362	368	368
73	344	3	360	362	368
75	182	1	365
79	87	1	360
91	28	1	365
94	240	1	363
97	34	1	362
107	71	1	365
110	43	1	362
115	225	1	365
121	192	3	360	362	368
127	31	1	365
131	90	1	363
132	187	1	362
135	70	1	360
137	73	1	360
140	29	1	360
143	116	1	365
156	205	2	360	368
165	38	1	363
167	516	1	362
169	194	1	363
172	79	1	362
176	640	1	363
180	221	3	360	362	368
181	147	1	365
196	93	1	363
197	42	1	362
202	306	1	369
204	244	3	363	365	369
205	241	1	369
207	14	1	363
219	42	1	363
229	118	1	362
230	248	1	365
237	14	1	362
238	93	1	362
240	128	1	363
258	112	1	368
262	57	1	360
264	224	1	363
285	237	1	363
291	260	1	362
293	151	1	362
296	135	1	365
299	113	1	363
306	128	1	369
318	211	1	365
321	104	1	360
328	122	2	360	368
335	232	1	362
340	24	1	365
343	101	2	360	362
348	173	1	363
356	23	1	368
359	233	1	360
361	1	1	362
364	15	1	365
367	17	1	368
371	26	1	360
372	183	1	365
379	46	1	363
386	312	1	369
391	64	1	360
392	34	1	365
393	119	1	365
395	34	1	363
410	48	1	368
432	56	1	360
453	83	2	360	362
454	79	1	365
465	79	1	369
466	47	1	360
467	113	1	360
488	47	1	363
490	261	1	368
512	202	1	363
522	291	1	363
528	45	1	363
529	709	6	360	362	363	365	368	369
530	78	1	360
532	91	1	363
533	26	1	369
537	231	1	369
542	165	1	362
567	59	1	369
594	125	1	368
597	193	2	360	362
599	69	1	360
612	55	1	360
615	9	1	369
627	148	1	362
629	76	3	360	362	368
632	61	1	362
640	10	1	362
645	227	2	360	362
651	41	1	369
655	50	1	360
656	103	1	360
658	64	1	362
678	28	1	363
685	28	2	360	368
698	8	1	365
707	212	2	363	365
714	205	1	368
715	250	1	369
718	187	1	363
721	216	1	369
725	80	1	368
733	173	1	363
734	50	1	365
738	85	2	362	368
752	214	1	365
767	49	1	363
777	114	1	365
786	56	1	362
799	5	1	369
801	104	1	362
805	16	1	369
825	90	1	362
838	18	1	369
844	317	2	363	365
850	279	1	360
855	51	1	362
867	120	1	362
887	11	1	363
903	77	1	360
923	4	1	369
930	39	1	360
941	145	1	362
944	54	1	365
946	75	1	360
957	75	1	365
976	75	1	362
982	22	1	362
983	184	1	362
1022	48	1	362
1036	59	1	362
1058	177	1	365
1069	138	2	362	369
1070	77	1	365
1074	38	1	362
1101	36	1	369
1108	92	2	360	362
1120	18	1	360
1123	25	1	369
1130	157	2	360	362
1146	31	1	363
1147	23	1	369
1148	78	1	362
1177	54	1	363
1179	54	1	369
1184	105	1	365
1189	121	1	360
1198	42	1	362
1200	5	1	363
1232	48	1	362
1247	39	1	368
1257	18	1	362
1288	16	1	363
1303	83	1	362
1310	34	1	360
1313	63	1	365
1337	58	1	368
1342	44	1	362
1372	12	1	362
1374	51	1	362
1414	282	3	362	363	369
1429	34	1	363
1500	52	1	365
1507	33	1	369
1527	51	2	360	362
1530	15	1	362
1546	32	1	369
1552	27	1	369
1566	23	1	362
1638	37	1	362
1692	54	1	362
1712	17	1	360
1729	76	1	369
1742	90	2	360	369
1755	24	1	362
1762	57	1	360
1800	12	1	368
1821	27	1	360
1850	33	1	368
1916	75	1	360
1929	3	1	368
1939	66	1	360
1976	26	2	362	368
1995	7	1	360
2017	20	1	369
2044	29	1	368
2059	270	2	362	365
2066	40	1	362
2092	49	1	365
2096	22	1	360
2097	35	1	365
2103	16	2	360	362
2133	29	1	360
2135	17	1	362
2168	28	1	360
2170	35	1	363
2177	8	1	362
2296	30	1	362
2302	55	1	369
2341	6	1	368
2364	1	1	363
2381	49	1	369
2409	44	1	360
2414	7	1	365
2456	4	1	362
2470	26	1	365
2645	26	1	369
2671	17	1	369
2693	25	1	362
2718	6	1	362
2729	23	1	369
2850	7	1	362
2959	29	1	369
2994	5	1	369
3155	20	1	362
3298	4	1	363
3529	1	1	365
3585	6	1	363
3697	1	1	365
3709	2	1	368
3807	5	1	369
3989	16	1	363
4098	15	1	369
4114	4	1	363
4230	4	1	365
4425	4	1	365
4457	10	1	362
4820	2	1	369
5063	3	1	362
5588	1	1	365
