2	522	2	1456	1459
8	114	1	1458
9	460	1	1454
12	126	1	1459
50	385	1	1459
54	733	3	1454	1456	1458
59	236	2	1456	1458
65	159	2	1456	1458
67	827	3	1450	1450	1459
71	218	1	1459
73	344	2	1454	1458
108	55	1	1459
112	118	2	1450	1454
121	192	2	1454	1456
132	187	1	1450
149	63	1	1450
156	205	1	1450
176	640	3	1450	1454	1456
180	221	1	1456
198	33	1	1458
210	118	1	1458
238	93	3	1450	1450	1459
248	38	2	1450	1450
258	112	2	1454	1459
267	58	1	1459
279	332	3	1454	1456	1458
280	61	1	1456
319	45	1	1456
320	52	1	1459
328	122	3	1450	1450	1459
343	101	1	1459
359	233	2	1454	1456
373	88	1	1454
386	312	1	1458
397	159	3	1454	1456	1458
398	22	1	1458
418	223	1	1458
420	126	1	1458
453	83	1	1459
467	113	1	1454
480	31	2	1450	1450
492	134	1	1459
502	98	3	1450	1450	1456
515	94	2	1456	1459
529	709	1	1459
561	130	2	1454	1456
593	56	3	1454	1456	1458
594	125	1	1459
629	76	2	1450	1459
635	84	1	1458
645	227	1	1450
655	50	1	1456
656	103	1	1459
658	64	1	1459
663	44	1	1458
710	84	1	1454
714	205	1	1450
716	2	1	1450
717	2	1	1450
725	80	1	1456
734	50	1	1454
769	124	1	1456
775	14	1	1459
780	8	1	1459
785	71	1	1454
789	139	1	1458
823	115	1	1456
866	24	1	1456
903	77	2	1450	1459
916	45	1	1450
921	113	1	1456
928	29	2	1450	1450
946	75	1	1459
993	36	1	1456
1002	106	1	1456
1037	44	1	1459
1069	138	1	1450
1096	95	1	1454
1108	92	2	1450	1459
1120	18	1	1459
1121	109	2	1456	1458
1130	157	2	1454	1456
1175	42	2	1450	1450
1186	12	1	1459
1216	108	3	1456	1458	1459
1247	39	1	1456
1274	63	1	1450
1286	28	1	1459
1299	66	2	1450	1459
1327	34	1	1458
1364	54	1	1454
1420	51	1	1458
1434	13	1	1454
1457	25	1	1458
1512	23	1	1459
1516	20	1	1454
1520	35	1	1456
1556	24	1	1450
1572	57	1	1450
1573	59	1	1458
1707	22	1	1450
1712	17	1	1459
1729	76	1	1454
1743	55	1	1456
1762	57	3	1450	1450	1459
1808	47	1	1459
1926	3	1	1459
1927	56	2	1454	1458
1931	49	1	1450
1939	66	1	1459
1958	5	1	1456
1976	26	1	1454
2011	2	1	1450
2059	270	2	1456	1459
2128	52	1	1457
2133	29	2	1450	1459
2151	18	1	1456
2154	29	1	1454
2168	28	1	1459
2172	26	2	1450	1450
2340	13	1	1456
2342	13	2	1454	1456
2409	44	1	1459
2474	57	1	1459
2481	7	2	1450	1450
2533	14	1	1456
2549	9	1	1459
2634	14	1	1456
2650	18	1	1450
2731	16	1	1450
2786	6	1	1450
2808	27	1	1459
2815	27	1	1456
2900	1	1	1450
2952	4	1	1456
2954	2	1	1450
2991	19	1	1459
3027	11	2	1450	1459
3062	13	1	1456
3247	15	1	1450
3320	3	1	1456
3562	6	1	1450
3640	1	1	1456
3894	6	1	1456
3918	4	2	1450	1450
4184	1	1	1450
4185	3	1	1456
4291	1	1	1456
4709	5	1	1450
4937	5	1	1450
5337	1	1	1450
5378	1	1	1456
