2	522	3	520	525	528
3	402	4	521	523	527	528
9	460	4	520	521	525	527
12	126	1	525
16	286	2	520	525
18	318	3	525	525	528
31	254	3	520	525	525
37	139	1	525
40	133	2	521	527
41	71	2	521	527
42	52	2	521	527
48	257	1	525
49	124	1	525
50	385	3	520	521	527
52	57	1	527
53	219	2	523	528
54	733	1	525
60	231	1	525
62	89	1	527
64	81	1	521
65	159	1	525
67	827	6	520	521	523	525	525	527
69	271	2	520	525
75	182	2	521	527
91	28	1	520
94	240	2	520	528
97	34	2	525	525
103	237	1	525
108	55	1	525
111	30	1	521
113	15	1	521
115	225	3	520	527	528
118	60	1	528
119	32	1	520
122	100	1	525
131	90	1	528
132	187	1	528
143	116	1	520
147	56	1	520
153	49	1	521
154	4	1	521
156	205	2	525	528
157	64	2	521	527
162	75	1	528
165	38	1	521
167	516	4	520	523	525	528
169	194	3	520	523	525
171	137	3	520	521	525
174	118	1	528
176	640	5	520	521	523	525	528
179	121	1	525
180	221	1	525
181	147	1	527
182	53	1	520
183	160	2	525	528
189	121	1	521
193	215	1	525
196	93	1	528
200	79	2	520	525
202	306	3	520	525	528
204	244	1	525
205	241	3	520	523	525
206	29	1	520
219	42	1	520
226	42	1	528
229	118	1	525
230	248	3	521	523	527
236	95	1	525
238	93	3	520	525	525
240	128	3	521	523	528
247	233	3	525	527	528
248	38	1	520
252	193	2	525	528
256	137	2	521	527
260	98	2	525	525
261	105	2	523	528
264	224	2	523	528
267	58	1	520
276	69	2	525	528
278	49	1	525
279	332	2	525	528
285	237	3	520	521	528
287	23	1	521
291	260	1	527
293	151	2	525	525
294	72	1	523
296	135	2	521	528
306	128	2	520	525
309	30	1	525
314	31	1	523
315	40	1	523
318	211	2	520	523
323	39	1	527
331	47	1	525
335	232	1	520
343	101	1	528
348	173	2	523	528
353	61	1	525
359	233	1	525
362	45	1	525
366	34	2	520	525
372	183	1	521
374	249	1	525
379	46	1	525
381	88	2	520	525
384	205	1	520
393	119	1	523
400	38	1	525
402	165	1	525
405	58	1	520
416	106	1	521
424	83	1	525
432	56	1	527
433	45	1	520
435	71	1	528
441	80	1	521
449	14	1	527
450	166	1	521
451	209	1	525
458	18	1	521
460	155	1	520
461	27	1	525
462	26	1	521
465	79	1	525
468	70	1	525
475	194	2	520	525
490	261	3	520	525	525
492	134	2	525	528
497	106	1	521
512	202	2	520	528
514	27	1	521
516	36	1	520
518	31	1	528
520	80	1	525
522	291	2	523	528
524	56	4	520	523	525	525
526	2	1	527
529	709	7	520	521	523	525	525	527	528
532	91	2	520	525
533	26	2	520	525
534	102	2	525	525
537	231	3	521	525	525
541	6	1	525
542	165	1	525
546	39	1	523
549	12	1	528
555	72	2	521	525
567	59	1	525
572	29	1	528
574	51	2	520	525
576	117	1	525
579	24	1	520
596	61	3	520	525	525
597	193	1	525
601	23	1	521
602	37	1	528
621	23	1	525
627	148	1	525
643	68	1	528
651	41	1	525
652	57	1	521
658	64	2	525	528
664	91	1	527
665	31	1	521
675	87	2	521	527
678	28	1	520
688	133	1	521
690	96	1	525
694	90	1	525
695	143	2	525	528
697	100	1	520
699	43	1	525
700	32	1	525
701	107	2	520	525
703	75	2	521	527
704	88	1	525
707	212	2	520	528
715	250	2	520	525
718	187	2	520	525
732	45	1	528
733	173	2	523	528
740	85	1	527
752	214	3	520	525	528
753	47	1	521
766	132	2	525	525
767	49	1	528
771	101	1	528
777	114	1	521
779	58	1	525
786	56	1	525
789	139	1	528
790	49	1	523
793	36	1	525
800	36	1	521
801	104	3	520	525	525
806	50	1	528
809	10	1	521
813	39	1	527
814	171	1	521
816	37	1	521
818	40	2	520	521
843	51	1	527
844	317	4	520	523	525	528
846	96	1	520
848	100	1	521
850	279	1	528
852	37	1	521
854	39	2	525	525
855	51	2	525	525
861	115	1	525
864	50	1	525
866	24	1	525
884	150	2	525	528
885	43	1	521
905	125	1	520
912	41	1	521
915	10	1	521
920	47	2	520	525
933	25	1	520
934	101	1	528
936	52	1	523
941	145	1	525
943	38	1	528
944	54	1	521
945	49	1	521
957	75	1	521
959	20	1	520
961	65	1	523
986	108	1	525
990	46	1	528
991	20	1	525
998	101	1	525
999	21	1	528
1002	106	1	528
1005	95	1	527
1011	60	3	521	525	527
1014	10	1	527
1016	26	1	521
1036	59	2	525	528
1045	186	2	525	527
1047	144	1	528
1052	117	1	527
1058	177	2	523	528
1067	11	1	528
1069	138	1	521
1075	120	1	523
1087	58	2	525	528
1093	33	1	521
1113	11	1	525
1115	6	1	527
1122	40	1	520
1123	25	1	525
1133	39	1	527
1136	55	1	520
1146	31	1	520
1147	23	1	525
1151	47	1	521
1164	8	1	525
1175	42	2	525	525
1176	64	1	520
1177	54	1	520
1184	105	1	528
1194	52	2	525	527
1195	153	1	528
1198	42	1	525
1207	66	1	520
1224	81	1	520
1227	42	1	521
1229	58	1	525
1230	15	1	521
1242	42	1	528
1248	42	1	525
1252	88	2	521	525
1254	10	1	520
1269	41	1	528
1298	9	2	525	525
1307	22	1	528
1321	63	1	525
1326	30	1	527
1342	44	2	521	527
1347	18	1	523
1352	4	1	523
1365	53	1	525
1369	7	1	521
1371	12	1	525
1374	51	1	520
1378	114	1	528
1407	3	2	520	525
1410	41	2	520	525
1411	31	1	520
1414	282	1	525
1429	34	1	520
1430	12	1	520
1432	4	1	525
1436	30	1	521
1440	9	1	528
1460	139	2	520	523
1476	39	1	525
1477	39	1	525
1489	19	1	521
1493	40	2	521	527
1500	52	1	520
1527	51	1	528
1534	45	2	520	521
1537	7	1	521
1543	9	1	520
1562	4	1	525
1567	41	1	520
1569	28	1	521
1580	58	2	521	527
1581	13	1	521
1603	55	1	520
1604	20	1	528
1614	18	1	525
1620	31	2	521	525
1622	33	1	525
1629	73	1	520
1636	79	1	528
1637	11	1	525
1653	56	2	521	527
1684	53	1	528
1708	20	2	521	527
1728	97	1	525
1734	12	1	521
1743	55	1	525
1781	20	1	528
1796	48	1	520
1817	59	1	520
1819	4	1	520
1831	89	1	525
1833	40	1	520
1836	10	1	521
1855	122	2	521	527
1862	28	1	528
1884	164	2	521	528
1885	22	1	523
1890	26	1	521
1912	18	1	520
1925	40	2	520	525
1965	17	1	521
1973	27	2	520	525
1979	6	1	520
1980	9	1	520
2010	12	1	521
2031	21	1	520
2034	34	1	520
2059	270	1	525
2077	13	1	525
2153	6	1	525
2160	82	1	528
2178	1	1	521
2186	42	1	525
2212	68	1	525
2213	7	1	525
2222	20	1	525
2231	62	1	525
2237	21	1	527
2238	3	1	525
2266	38	2	525	528
2280	21	1	523
2287	13	1	527
2302	55	1	525
2347	9	1	521
2449	23	1	523
2458	44	2	520	525
2488	13	1	521
2523	7	1	527
2563	30	1	525
2597	7	1	520
2599	27	1	527
2600	6	1	528
2618	21	1	528
2620	25	1	528
2624	11	1	525
2627	31	1	525
2630	6	1	520
2658	2	1	527
2664	13	1	528
2667	15	1	525
2703	10	1	521
2767	23	1	527
2772	29	1	525
2784	18	1	521
2788	24	1	521
2808	27	1	525
2831	3	1	521
2835	1	1	525
2859	1	1	525
2937	2	1	520
2953	12	1	528
2967	7	1	525
2969	4	1	525
2996	7	1	528
3008	13	1	528
3010	7	1	528
3014	29	1	527
3023	1	1	528
3038	19	1	525
3054	13	1	528
3058	5	1	521
3079	6	1	520
3080	4	1	523
3134	11	1	528
3138	6	1	521
3155	20	1	525
3189	12	1	520
3304	11	1	520
3323	38	1	528
3361	5	1	523
3373	5	1	525
3385	4	1	525
3406	7	1	525
3472	1	1	520
3479	2	1	528
3580	11	1	520
3613	4	1	527
3614	5	1	527
3751	14	1	525
3792	2	1	521
3850	3	1	528
3851	1	1	527
3939	1	1	525
3955	5	1	525
3959	12	1	527
3962	9	2	521	527
3993	2	1	520
4016	5	1	525
4068	8	1	525
4189	2	1	527
4273	2	1	520
4587	2	1	525
4612	2	1	525
4767	1	1	520
4988	2	1	520
5150	3	1	525
5180	1	1	528
5329	3	1	528
5408	4	1	520
5467	1	1	525
5802	1	1	521
6127	1	1	528
6176	1	1	520
6230	1	1	521
