2	522	2	1600	1605
3	402	2	1601	1604
9	460	2	1600	1604
14	136	1	1609
16	286	1	1607
17	35	2	1600	1607
18	318	3	1600	1604	1605
20	70	1	1602
23	134	1	1604
31	254	1	1600
48	257	2	1600	1605
50	385	2	1605	1608
53	219	3	1601	1604	1608
54	733	1	1602
61	98	1	1605
62	89	1	1600
67	827	4	1600	1605	1607	1608
69	271	1	1601
71	218	2	1605	1607
74	65	1	1607
75	182	2	1604	1608
89	39	1	1609
94	240	1	1604
96	113	2	1600	1605
107	71	2	1601	1608
115	225	1	1604
117	36	1	1601
122	100	2	1605	1607
132	187	1	1604
141	95	1	1604
149	63	2	1605	1607
156	205	2	1600	1608
158	258	1	1602
167	516	6	1600	1601	1604	1605	1607	1608
169	194	1	1608
172	79	1	1607
176	640	4	1600	1601	1604	1608
177	53	1	1602
178	55	2	1602	1609
179	121	2	1600	1607
180	221	1	1600
181	147	2	1604	1608
183	160	1	1601
189	121	1	1604
193	215	1	1600
195	21	1	1602
204	244	2	1601	1604
213	56	1	1601
229	118	2	1600	1608
230	248	2	1601	1604
235	20	1	1607
236	95	2	1600	1607
238	93	2	1600	1607
243	42	1	1605
247	233	1	1604
256	137	1	1608
260	98	1	1604
261	105	1	1608
264	224	3	1601	1604	1608
276	69	1	1600
278	49	1	1600
283	25	1	1605
290	6	1	1604
291	260	2	1605	1608
293	151	2	1600	1605
314	31	1	1608
315	40	1	1601
318	211	3	1601	1604	1608
348	173	3	1601	1604	1608
359	233	1	1600
374	249	3	1600	1605	1607
379	46	1	1605
384	205	2	1604	1607
386	312	1	1604
391	64	1	1600
393	119	1	1608
397	159	1	1600
402	165	2	1600	1605
407	48	1	1607
426	110	1	1609
450	166	1	1604
456	54	2	1600	1607
464	11	1	1608
481	56	1	1607
488	47	2	1600	1607
490	261	1	1600
493	75	1	1604
497	106	1	1604
502	98	1	1607
512	202	1	1604
515	94	1	1602
519	77	1	1604
522	291	3	1601	1604	1608
523	35	1	1604
529	709	6	1600	1601	1604	1605	1607	1608
534	102	1	1607
537	231	1	1600
546	39	2	1604	1608
555	72	1	1604
557	69	2	1600	1607
559	87	1	1602
561	130	1	1600
564	50	1	1601
576	117	1	1609
578	12	1	1604
584	69	1	1602
595	120	1	1604
599	69	1	1607
621	23	2	1600	1607
625	32	1	1604
627	148	1	1600
643	68	2	1601	1604
645	227	3	1600	1605	1607
652	57	1	1604
654	17	1	1602
656	103	1	1607
664	91	2	1600	1605
668	49	1	1608
688	133	1	1600
695	143	1	1600
707	212	1	1604
714	205	1	1605
721	216	3	1600	1605	1607
733	173	2	1601	1608
734	50	1	1600
747	93	1	1600
751	166	3	1600	1605	1607
766	132	2	1600	1607
768	15	1	1604
770	58	1	1609
781	11	1	1600
786	56	1	1600
790	49	1	1608
796	12	1	1604
805	16	1	1601
806	50	1	1601
823	115	1	1605
825	90	1	1605
830	8	1	1607
831	34	1	1607
835	8	1	1605
840	79	1	1609
844	317	3	1601	1604	1608
850	279	1	1600
862	52	1	1601
867	120	1	1605
884	150	2	1605	1607
894	39	1	1605
895	57	1	1600
920	47	1	1605
921	113	1	1602
925	46	1	1600
941	145	2	1600	1607
946	75	1	1600
947	56	1	1607
948	190	1	1600
950	15	1	1600
983	184	3	1600	1605	1607
986	108	1	1607
992	68	1	1602
998	101	1	1609
1000	66	2	1600	1605
1001	73	1	1600
1012	71	1	1602
1022	48	1	1607
1037	44	1	1605
1045	186	1	1601
1050	29	1	1600
1058	177	2	1604	1608
1069	138	3	1600	1605	1607
1075	120	2	1604	1608
1082	34	1	1607
1124	70	1	1608
1128	48	1	1602
1136	55	1	1607
1149	42	2	1605	1607
1151	47	2	1604	1608
1156	82	1	1605
1159	31	1	1601
1172	21	1	1604
1184	105	1	1608
1195	153	2	1600	1602
1197	24	1	1604
1198	42	1	1607
1199	17	1	1600
1242	42	1	1604
1252	88	2	1600	1607
1262	38	1	1605
1269	41	2	1600	1604
1303	83	1	1600
1376	162	2	1602	1609
1378	114	2	1600	1605
1382	10	1	1607
1389	30	1	1609
1417	41	1	1600
1423	24	1	1604
1451	2	1	1600
1468	38	1	1602
1474	36	1	1607
1475	69	1	1607
1480	29	2	1605	1607
1504	41	1	1605
1519	120	3	1600	1605	1607
1526	32	1	1605
1534	45	1	1608
1590	7	1	1607
1615	7	1	1600
1618	14	1	1607
1622	33	1	1607
1636	79	1	1604
1649	6	1	1607
1653	56	1	1601
1668	13	1	1605
1693	9	1	1604
1703	17	1	1602
1710	13	1	1607
1714	35	1	1607
1726	27	1	1609
1751	26	1	1604
1754	77	2	1602	1609
1765	39	1	1600
1766	13	1	1604
1797	64	1	1609
1812	39	1	1602
1837	18	1	1608
1877	5	1	1604
1884	164	1	1609
1930	14	1	1608
1942	12	1	1607
1977	26	1	1600
1989	12	1	1601
2003	28	1	1605
2015	51	1	1604
2045	21	1	1602
2046	105	1	1609
2059	270	1	1609
2063	31	2	1605	1607
2066	40	1	1600
2069	11	1	1605
2118	1	1	1604
2183	3	1	1600
2195	8	1	1607
2231	62	1	1600
2244	18	1	1605
2280	21	1	1608
2292	4	1	1600
2306	17	1	1600
2315	28	2	1604	1608
2351	15	1	1608
2352	19	1	1600
2357	9	1	1609
2369	2	1	1601
2442	6	1	1607
2454	58	1	1607
2469	45	1	1601
2546	33	2	1600	1607
2555	19	1	1609
2620	25	1	1600
2641	25	1	1600
2645	26	1	1601
2706	33	3	1600	1605	1607
2856	13	1	1609
2869	10	1	1600
2881	16	1	1604
2911	7	1	1604
2926	16	1	1607
2950	26	1	1600
2986	5	1	1604
3016	8	1	1604
3038	19	1	1600
3228	9	1	1604
3274	4	1	1607
3433	18	1	1604
3516	2	1	1602
3591	4	1	1600
3621	3	1	1607
3691	19	1	1607
3726	1	1	1607
3745	4	1	1604
3752	3	1	1602
3976	1	1	1604
3985	11	1	1600
4034	3	1	1602
4046	1	1	1604
4080	3	1	1607
4091	3	1	1607
4177	7	1	1604
4239	3	1	1608
4292	1	1	1604
4298	3	1	1604
4547	6	1	1601
4582	1	1	1600
4599	1	1	1607
4744	3	1	1608
4803	10	1	1605
5046	1	1	1601
5155	1	1	1604
5187	4	1	1607
5309	1	1	1601
5463	1	1	1607
5487	1	1	1604
6071	1	1	1604
