2	522	4	410	414	416	416
5	41	1	412
8	114	2	410	416
9	460	4	410	411	414	416
12	126	1	414
14	136	1	412
16	286	1	414
18	318	3	414	416	416
29	22	1	414
36	62	1	411
37	139	1	414
46	63	1	414
48	257	5	410	411	414	416	416
49	124	1	411
54	733	5	410	411	413	416	416
57	33	2	410	416
59	236	3	412	414	419
60	231	1	412
62	89	2	411	414
65	159	1	410
66	71	1	416
67	827	3	411	414	416
69	271	1	416
71	218	2	414	416
72	17	1	411
73	344	4	410	411	411	416
85	34	1	419
96	113	2	411	414
103	237	3	410	413	416
110	43	1	411
112	118	3	410	411	413
121	192	2	410	416
123	59	1	411
132	187	1	414
135	70	1	413
137	73	1	414
141	95	1	412
149	63	2	411	411
150	16	1	411
156	205	2	410	416
158	258	1	412
162	75	1	410
167	516	3	411	414	416
169	194	1	411
176	640	3	413	416	416
179	121	1	414
180	221	2	411	416
184	42	1	416
193	215	4	410	412	416	419
194	40	1	419
202	306	1	416
205	241	1	416
225	185	3	410	414	416
226	42	1	414
229	118	1	414
236	95	1	411
252	193	1	412
258	112	2	410	416
259	28	1	414
260	98	1	410
262	57	1	410
276	69	1	414
279	332	3	411	412	413
280	61	1	410
283	25	1	414
291	260	3	410	414	416
299	113	1	416
303	42	1	412
320	52	1	416
321	104	1	410
328	122	2	410	416
331	47	1	414
335	232	2	411	416
336	30	1	411
341	50	1	412
359	233	2	410	413
373	88	4	410	411	413	416
374	249	2	411	414
386	312	3	410	411	412
397	159	2	411	413
400	38	1	411
402	165	1	416
409	36	1	410
412	82	2	413	414
416	106	1	417
418	223	3	410	412	419
424	83	1	417
428	52	1	412
432	56	1	410
439	37	1	417
451	209	1	412
460	155	1	419
467	113	1	411
480	31	1	410
481	56	1	411
484	23	1	414
490	261	3	411	412	414
491	74	1	410
492	134	2	411	414
496	30	1	416
502	98	1	411
514	27	1	410
529	709	2	414	416
537	231	1	416
544	101	1	416
556	69	1	411
557	69	2	411	414
561	130	1	419
577	29	1	412
586	93	1	410
594	125	2	414	416
597	193	1	416
612	55	1	416
627	148	1	414
634	18	1	416
645	227	1	414
649	30	1	416
655	50	1	410
656	103	1	410
657	49	2	411	416
664	91	1	411
666	34	1	414
670	126	2	412	419
688	133	1	412
690	96	3	410	411	414
692	70	1	414
699	43	1	416
704	88	1	412
710	84	2	410	416
714	205	1	412
715	250	1	416
721	216	2	414	416
722	15	1	410
725	80	2	410	414
728	31	1	410
736	16	1	410
738	85	1	412
740	85	2	412	419
747	93	1	414
751	166	1	411
760	41	1	412
766	132	1	414
770	58	1	412
773	57	1	416
775	14	1	412
786	56	1	411
789	139	1	410
801	104	1	410
814	171	1	412
823	115	1	414
824	85	3	410	412	419
829	34	1	411
838	18	1	410
850	279	2	411	416
854	39	1	411
859	26	1	412
861	115	2	410	414
867	120	1	414
878	39	1	410
884	150	2	410	414
894	39	1	411
895	57	1	411
897	17	1	410
905	125	2	411	416
921	113	2	412	416
941	145	1	414
946	75	1	411
947	56	1	416
948	190	2	410	414
949	14	1	410
956	60	2	411	416
970	28	1	411
975	82	1	410
978	41	1	412
983	184	2	411	414
986	108	1	416
1000	66	1	414
1018	42	1	411
1028	90	1	414
1030	17	1	416
1037	44	2	410	416
1041	49	1	411
1047	144	3	412	414	419
1052	117	1	412
1069	138	1	414
1094	99	2	411	414
1096	95	2	410	411
1128	48	1	419
1130	157	2	410	416
1149	42	1	414
1166	30	1	416
1168	37	1	410
1171	22	1	412
1189	121	4	410	411	413	416
1194	52	1	411
1195	153	1	412
1209	24	1	411
1229	58	1	410
1232	48	1	411
1256	59	1	410
1287	72	1	416
1297	52	1	412
1322	36	1	414
1336	48	1	412
1346	87	1	416
1350	30	1	414
1360	64	3	411	412	417
1364	54	1	411
1365	53	1	416
1378	114	2	410	416
1385	42	1	414
1414	282	2	411	416
1417	41	1	411
1423	24	1	416
1424	57	1	419
1454	26	1	416
1464	27	1	419
1480	29	1	414
1488	3	1	416
1504	41	1	414
1507	33	1	411
1516	20	1	411
1519	120	3	413	414	416
1552	27	1	416
1556	24	1	413
1567	41	1	416
1571	110	1	419
1572	57	2	411	412
1603	55	2	412	414
1636	79	1	417
1638	37	1	414
1664	37	1	416
1685	67	1	410
1695	47	1	414
1697	5	1	412
1729	76	3	410	411	416
1742	90	3	410	411	414
1768	4	1	414
1775	18	1	416
1784	28	1	412
1788	12	1	410
1790	9	1	411
1813	19	1	412
1820	9	1	411
1839	29	1	416
1850	33	1	416
1884	164	2	412	414
1893	33	1	411
1916	75	1	414
1920	16	1	412
1922	21	1	414
1984	19	1	412
1993	45	1	416
2017	20	1	416
2037	41	1	410
2048	31	1	410
2059	270	1	414
2063	31	1	414
2078	45	1	411
2108	52	1	419
2127	32	1	414
2129	9	1	410
2131	44	1	410
2160	82	1	412
2183	3	1	414
2186	42	1	419
2188	68	1	410
2190	3	1	411
2206	22	1	416
2219	24	2	412	419
2231	62	1	419
2242	27	1	410
2243	6	1	419
2301	39	2	414	419
2339	50	2	411	419
2368	50	1	412
2375	22	1	410
2377	9	2	412	414
2479	50	1	414
2493	3	1	414
2553	21	1	410
2618	21	1	411
2623	19	2	410	416
2627	31	1	413
2632	9	1	411
2633	5	1	410
2678	4	1	412
2685	13	1	412
2712	6	1	412
2735	28	1	412
2787	16	1	416
2799	38	2	410	416
2826	7	1	411
2842	15	1	411
2871	19	1	414
2899	21	1	414
2934	10	1	412
2943	7	1	411
2963	9	1	411
3230	16	1	411
3247	15	1	414
3328	5	1	410
3390	6	1	411
3439	4	1	417
3496	3	1	413
3497	18	1	411
3575	14	1	411
3668	10	1	411
3691	19	1	414
3855	6	1	419
3983	12	1	414
4253	2	1	411
4262	4	1	411
4285	3	1	411
4353	1	1	416
4493	1	1	414
4716	2	1	413
4765	2	1	410
5042	2	1	411
5048	6	1	410
5071	2	1	414
5164	1	1	411
5270	1	1	417
5371	2	1	411
