2	522	2	148	149
3	402	2	143	144
5	41	1	145
6	30	1	143
9	460	1	149
10	30	1	142
14	136	1	142
16	286	2	143	148
18	318	1	149
19	91	1	143
20	70	1	142
21	4	1	142
22	52	1	144
23	134	1	140
32	15	1	143
44	85	1	146
50	385	4	140	143	144	148
53	219	3	143	144	148
54	733	4	145	146	148	149
59	236	3	140	145	149
60	231	1	145
63	91	1	144
64	81	2	143	144
67	827	4	140	143	143	144
69	271	2	140	144
71	218	1	149
73	344	2	144	149
75	182	3	143	143	144
77	63	1	145
79	87	1	145
87	54	1	145
94	240	1	144
103	237	3	140	143	148
106	27	1	143
107	71	1	143
112	118	1	149
115	225	3	140	143	144
131	90	1	148
132	187	1	144
139	16	1	140
141	95	2	142	145
143	116	1	144
145	64	2	142	146
147	56	1	148
156	205	1	144
157	64	1	143
158	258	3	142	145	148
167	516	2	140	148
169	194	1	140
170	37	1	144
171	137	3	143	144	148
174	118	1	143
176	640	7	140	143	143	144	145	146	148
180	221	3	145	146	149
181	147	1	143
183	160	2	140	148
191	49	1	148
193	215	1	146
195	21	1	145
202	306	2	140	148
204	244	3	143	144	148
205	241	1	140
213	56	1	145
218	84	1	140
225	185	2	146	148
230	248	3	143	143	144
232	92	2	143	144
240	128	1	144
246	21	1	145
247	233	1	143
252	193	2	143	144
256	137	2	143	144
258	112	1	146
259	28	1	145
260	98	1	148
261	105	1	140
262	57	1	149
264	224	2	143	144
272	63	1	145
279	332	1	145
282	12	1	148
285	237	2	140	144
291	260	1	143
294	72	2	143	144
306	128	1	140
314	31	1	144
318	211	4	143	143	144	148
319	45	2	140	149
331	47	1	143
332	31	1	145
339	70	2	143	144
341	50	1	145
345	54	1	142
348	173	3	143	143	144
353	61	1	143
359	233	2	145	149
370	13	1	140
372	183	1	143
373	88	1	149
381	88	1	148
382	34	1	144
384	205	1	144
386	312	2	145	146
393	119	1	144
397	159	2	143	148
402	165	1	140
403	54	1	143
411	16	1	149
416	106	1	144
418	223	1	146
420	126	1	145
426	110	2	142	145
428	52	1	142
433	45	1	140
441	80	2	143	144
442	25	1	143
444	28	1	148
448	41	1	143
450	166	3	143	143	144
451	209	2	140	145
454	79	1	143
455	29	1	140
460	155	1	148
466	47	1	145
467	113	1	149
468	70	1	140
471	59	1	146
475	194	1	140
491	74	1	145
492	134	1	140
493	75	1	143
497	106	2	143	144
508	72	1	143
512	202	1	143
515	94	1	142
519	77	1	145
520	80	1	140
522	291	3	143	144	148
529	709	4	140	143	143	144
530	78	1	145
539	55	1	140
544	101	1	140
545	70	1	143
546	39	1	143
547	33	1	143
559	87	1	142
561	130	2	145	146
568	25	1	148
569	13	1	145
576	117	1	145
577	29	1	145
584	69	1	142
598	18	1	145
599	69	1	148
632	61	1	145
641	56	2	140	148
645	227	2	145	148
647	29	1	148
652	57	2	140	143
665	31	1	144
666	34	1	145
670	126	1	145
688	133	1	145
697	100	1	140
699	43	1	143
701	107	1	148
703	75	1	144
704	88	3	145	148	148
707	212	2	143	143
710	84	1	145
714	205	1	145
715	250	2	140	143
718	187	2	140	148
738	85	2	145	146
740	85	1	143
752	214	3	140	143	143
764	51	2	145	146
766	132	1	140
767	49	1	143
770	58	1	142
772	37	2	142	145
773	57	1	143
775	14	1	145
777	114	1	143
779	58	1	148
789	139	1	148
793	36	1	144
801	104	1	146
803	10	1	144
805	16	1	144
814	171	1	145
816	37	1	143
823	115	1	148
832	32	3	143	143	144
840	79	1	145
842	137	1	146
844	317	5	140	143	143	144	148
848	100	1	143
850	279	2	148	149
852	37	1	143
859	26	1	142
862	52	1	148
864	50	1	148
865	3	1	140
891	23	1	145
892	38	1	144
899	65	1	140
904	6	1	140
905	125	1	148
916	45	1	145
919	53	1	145
920	47	1	140
921	113	1	142
942	92	4	143	143	144	148
944	54	1	143
945	49	2	143	144
948	190	1	148
957	75	1	143
975	82	1	149
986	108	1	145
992	68	1	145
998	101	1	145
1001	73	1	140
1002	106	1	145
1005	95	1	143
1024	32	1	140
1032	33	1	145
1045	186	2	140	143
1047	144	2	145	146
1054	19	1	140
1058	177	3	143	143	144
1069	138	1	140
1070	77	2	143	144
1072	36	1	145
1084	7	1	142
1087	58	1	140
1091	16	1	144
1101	36	1	140
1118	15	1	140
1126	17	1	142
1129	83	2	142	145
1130	157	2	145	146
1154	10	1	144
1171	22	1	145
1176	64	1	140
1183	25	1	143
1184	105	2	143	144
1186	12	1	146
1188	36	1	140
1189	121	1	149
1195	153	1	142
1213	80	1	144
1224	81	1	140
1229	58	1	149
1232	48	1	145
1252	88	1	140
1274	63	1	148
1280	57	2	143	144
1281	15	2	143	144
1282	51	1	144
1297	52	1	145
1299	66	1	148
1300	40	1	144
1303	83	1	143
1313	63	2	143	144
1321	63	1	140
1323	21	1	143
1324	15	1	144
1326	30	1	143
1331	31	1	140
1337	58	1	145
1341	21	1	145
1344	47	1	140
1347	18	1	144
1368	147	1	145
1369	7	1	143
1374	51	1	144
1377	13	1	145
1378	114	1	140
1389	30	1	145
1399	39	1	145
1406	4	1	145
1411	31	1	140
1424	57	1	146
1426	44	1	144
1428	10	1	143
1429	34	1	140
1445	25	1	145
1460	139	1	148
1468	38	1	142
1485	9	1	143
1500	52	2	140	148
1502	11	1	144
1504	41	1	145
1505	30	1	143
1512	23	1	145
1516	20	1	149
1536	15	1	145
1540	32	1	145
1541	26	1	143
1546	32	1	140
1567	41	2	143	144
1569	28	1	148
1571	110	1	145
1573	59	1	145
1580	58	1	143
1581	13	1	144
1585	7	1	149
1599	1	1	144
1603	55	1	145
1643	24	1	145
1662	47	1	148
1664	37	1	148
1669	7	1	145
1679	15	1	140
1697	5	1	145
1711	25	1	148
1716	37	2	143	144
1728	97	1	140
1729	76	1	149
1732	25	1	143
1736	69	1	140
1743	55	1	145
1754	77	1	145
1767	20	1	145
1772	4	1	145
1776	59	2	145	146
1796	48	1	143
1801	69	1	145
1811	21	1	143
1812	39	1	145
1813	19	1	145
1851	13	1	148
1854	32	1	142
1855	122	1	143
1879	44	1	145
1884	164	1	145
1893	33	1	145
1900	16	1	143
1925	40	1	140
1927	56	1	145
1956	23	1	145
1977	26	1	140
1984	19	1	146
2015	51	1	143
2026	23	1	145
2031	21	1	140
2036	10	1	143
2046	105	1	142
2059	270	3	140	142	145
2073	5	1	145
2110	5	1	148
2122	22	1	144
2149	29	1	145
2154	29	1	145
2160	82	1	145
2170	35	1	143
2186	42	1	145
2194	23	1	148
2206	22	1	144
2212	68	1	143
2239	27	1	146
2255	37	2	145	146
2260	8	1	143
2268	4	1	144
2277	29	1	145
2288	20	2	145	146
2347	9	1	144
2391	13	1	143
2398	1	1	144
2426	7	1	146
2470	26	1	140
2473	14	1	140
2488	13	1	143
2546	33	1	143
2556	29	1	148
2578	1	1	144
2625	15	1	140
2638	1	1	144
2664	13	1	143
2683	11	1	146
2735	28	1	145
2752	18	1	140
2844	10	1	145
2884	33	2	144	148
2892	4	1	145
2940	2	1	144
3005	2	1	140
3009	26	1	142
3065	12	1	144
3069	15	1	144
3072	6	1	143
3272	4	1	143
3283	1	1	144
3297	1	1	144
3306	7	1	149
3344	7	1	143
3352	5	1	142
3485	3	1	149
3500	7	2	143	143
3502	6	1	140
3567	2	2	143	143
3840	5	1	145
3886	3	1	144
3987	10	1	142
3992	6	1	145
4013	3	1	144
4024	20	1	145
4101	8	1	143
4140	3	1	144
4234	1	1	144
4244	4	2	143	143
4299	1	1	144
4420	2	1	144
4515	1	1	144
4577	2	1	144
4579	2	1	144
4701	2	1	144
4735	2	1	148
4770	1	1	144
4846	2	1	148
4883	2	1	144
4996	2	1	143
5004	1	1	144
5087	6	1	140
5242	1	1	144
5284	1	1	144
5304	1	1	144
5336	1	1	144
5454	1	1	144
5456	1	1	144
5541	1	1	144
5646	1	1	140
5656	1	1	144
5719	1	1	140
5851	1	1	143
6200	1	1	145
6202	1	1	144
6256	1	1	144
