2	522	2	247	249
3	402	4	240	240	242	244
9	460	1	249
16	286	1	240
18	318	1	249
19	91	1	240
20	70	1	246
23	134	1	249
26	18	2	240	242
32	15	1	242
40	133	1	244
41	71	1	244
44	85	1	249
48	257	2	244	249
50	385	2	242	244
53	219	1	240
54	733	4	245	246	247	249
55	104	1	240
57	33	1	249
59	236	1	249
60	231	1	249
63	91	2	240	242
64	81	1	242
66	71	1	244
67	827	4	240	242	244	247
71	218	1	249
73	344	1	249
85	34	1	247
94	240	2	240	240
103	237	4	240	240	242	249
112	118	1	249
115	225	2	240	240
118	60	1	240
120	19	1	242
121	192	1	249
122	100	1	242
132	187	2	240	244
141	95	1	246
143	116	1	242
145	64	1	246
151	39	1	244
156	205	1	249
158	258	2	245	246
165	38	1	240
167	516	2	240	240
169	194	2	240	240
170	37	1	240
174	118	1	244
176	640	1	240
181	147	3	240	242	244
184	42	1	247
189	121	1	242
193	215	3	240	245	249
196	93	1	240
202	306	1	240
204	244	2	240	240
205	241	2	240	240
215	8	1	246
225	185	1	247
230	248	2	240	244
232	92	1	242
239	10	1	240
241	35	1	242
242	18	1	242
243	42	2	242	244
248	38	1	249
250	19	2	240	240
256	137	1	244
258	112	1	249
260	98	1	240
264	224	1	240
285	237	2	240	240
291	260	1	244
296	135	2	240	242
302	22	1	249
306	128	1	247
314	31	1	240
315	40	1	240
317	9	1	244
318	211	3	240	242	244
323	39	1	242
328	122	1	249
333	32	1	246
335	232	1	247
339	70	2	240	244
341	50	1	249
345	54	1	246
346	1	1	245
348	173	3	240	240	242
364	15	1	242
372	183	1	244
373	88	1	249
374	249	1	247
384	205	1	247
386	312	1	240
393	119	2	240	242
418	223	1	249
420	126	1	249
426	110	1	246
430	13	1	240
432	56	1	249
450	166	1	240
454	79	1	240
455	29	2	240	242
460	155	1	249
462	26	1	244
467	113	1	249
475	194	1	244
490	261	2	240	249
492	134	2	240	247
497	106	2	240	244
510	111	1	244
522	291	3	240	240	244
529	709	3	240	247	249
537	231	1	244
545	70	2	240	242
546	39	1	240
549	12	1	240
556	69	1	247
558	64	1	240
559	87	1	246
572	29	1	240
584	69	1	246
594	125	1	247
595	120	2	240	244
625	32	1	240
637	17	1	240
644	4	1	242
647	29	1	240
652	57	1	240
664	91	1	242
665	31	1	240
668	49	1	240
695	143	1	247
697	100	1	240
700	32	1	240
702	3	1	242
703	75	1	242
707	212	3	240	240	244
710	84	1	249
715	250	2	240	240
718	187	2	240	240
721	216	1	247
722	15	1	249
723	46	1	247
730	17	1	245
733	173	2	240	240
745	11	1	240
749	62	2	240	240
751	166	1	247
752	214	1	240
766	132	1	240
768	15	1	240
770	58	1	246
773	57	1	242
777	114	2	242	244
778	47	1	244
814	171	2	240	240
824	85	1	249
840	79	1	245
842	137	1	249
844	317	2	240	240
848	100	1	244
850	279	1	249
863	27	1	247
864	50	1	242
872	70	1	247
884	150	1	249
907	12	1	240
913	13	1	242
936	52	2	240	244
944	54	1	244
947	56	2	240	247
957	75	1	242
975	82	1	249
998	101	1	249
1017	20	1	247
1031	32	1	240
1036	59	1	247
1049	26	1	249
1058	177	2	240	242
1075	120	2	240	242
1088	8	1	244
1096	95	1	249
1103	34	1	249
1115	6	1	242
1129	83	1	249
1145	16	1	242
1146	31	1	240
1184	105	2	240	242
1188	36	1	242
1189	121	1	249
1195	153	1	246
1213	80	1	240
1242	42	1	240
1244	10	1	244
1256	59	1	245
1262	38	1	242
1264	22	1	244
1280	57	1	242
1282	51	1	240
1357	20	1	240
1364	54	1	247
1376	162	2	245	246
1386	24	1	240
1409	15	1	247
1414	282	1	247
1419	30	1	244
1429	34	1	240
1432	4	1	240
1460	139	1	240
1468	38	1	246
1475	69	1	247
1524	76	1	246
1529	33	1	247
1555	4	1	242
1556	24	1	249
1580	58	1	242
1620	31	1	242
1629	73	1	242
1630	15	1	240
1657	33	1	242
1660	21	1	247
1678	12	1	240
1719	42	1	240
1736	69	1	242
1742	90	1	249
1754	77	1	245
1775	18	1	247
1794	5	1	240
1796	48	1	240
1797	64	2	242	246
1805	2	1	242
1810	10	1	240
1812	39	1	245
1831	89	2	245	246
1833	40	1	240
1835	11	1	242
1853	37	1	242
1864	18	1	249
1868	1	1	240
1879	44	2	245	246
1885	22	1	240
1937	53	1	240
1945	57	1	240
2015	51	1	242
2034	34	1	240
2046	105	1	245
2059	270	1	246
2092	49	1	242
2128	52	1	247
2129	9	1	249
2212	68	1	246
2254	18	1	244
2263	15	1	244
2293	4	1	240
2310	13	1	240
2350	8	1	240
2357	9	1	245
2368	50	1	247
2376	5	1	246
2418	6	1	244
2449	23	1	240
2524	4	1	240
2527	28	1	244
2556	29	1	240
2568	43	1	249
2623	19	1	249
2643	5	1	240
2667	15	1	242
2675	17	1	244
2694	9	1	242
2720	19	1	244
2742	6	1	240
2754	3	1	242
2799	38	1	249
2834	6	1	247
2862	35	1	246
2888	5	1	247
2960	4	1	244
2984	1	1	240
3006	9	1	240
3014	29	1	244
3034	12	1	246
3063	4	1	240
3083	4	1	249
3168	23	1	247
3194	6	1	247
3216	6	1	242
3222	10	1	244
3347	6	1	240
3379	11	1	240
3392	16	1	240
3448	6	1	247
3500	7	1	240
3507	5	1	244
3509	9	1	247
3607	6	1	240
3636	3	1	242
3673	2	1	244
3743	1	1	245
3784	1	1	249
3816	1	1	244
4029	5	1	242
4092	2	1	242
4348	2	1	249
4676	1	1	242
4732	2	1	240
4739	3	1	242
4749	1	1	242
4760	3	1	244
4863	3	1	240
4914	3	1	240
5146	4	1	246
5196	2	1	244
5272	2	1	249
5321	1	1	244
5345	1	1	242
5408	4	1	240
5513	2	1	246
5622	1	1	244
5705	1	1	244
5744	1	1	240
5785	3	1	249
5936	1	1	240
5953	1	1	242
5966	1	1	240
