2	522	2	1910	1912
3	402	1	1912
8	114	1	1910
9	460	1	1910
16	286	2	1911	1912
20	70	1	1915
22	52	1	1911
23	134	1	1912
40	133	1	1919
44	85	1	1918
48	257	1	1919
50	385	3	1910	1912	1919
53	219	1	1912
54	733	3	1910	1913	1915
59	236	3	1910	1915	1918
61	98	1	1913
63	91	1	1912
65	159	1	1910
67	827	2	1911	1919
69	271	1	1911
71	218	1	1910
79	87	1	1915
94	240	1	1911
115	225	3	1911	1912	1912
131	90	1	1919
132	187	1	1912
133	113	2	1913	1918
143	116	1	1912
147	56	1	1911
158	258	2	1910	1913
162	75	1	1910
167	516	2	1911	1912
169	194	1	1911
171	137	1	1912
176	640	4	1910	1911	1912	1919
180	221	1	1913
186	2	1	1912
189	121	2	1912	1919
193	215	3	1913	1915	1918
196	93	2	1911	1912
202	306	1	1911
205	241	1	1911
206	29	1	1912
210	118	1	1910
213	56	1	1913
225	185	1	1910
247	233	1	1912
254	20	1	1915
258	112	1	1910
261	105	1	1911
275	16	1	1912
279	332	4	1910	1912	1913	1918
281	15	1	1918
285	237	1	1911
296	135	1	1912
306	128	1	1912
318	211	1	1911
348	173	1	1912
359	233	2	1910	1913
370	13	1	1911
372	183	1	1912
381	88	1	1911
386	312	1	1910
397	159	1	1910
418	223	1	1918
420	126	1	1910
435	71	1	1911
451	209	3	1910	1913	1918
471	59	1	1910
475	194	1	1911
491	74	1	1910
510	111	1	1919
512	202	2	1912	1912
516	36	1	1912
520	80	1	1912
529	709	2	1910	1911
530	78	1	1910
539	55	1	1912
561	130	2	1910	1913
579	24	1	1912
593	56	1	1910
597	193	1	1911
619	31	1	1910
626	28	2	1912	1912
632	61	1	1910
635	84	1	1910
652	57	1	1911
670	126	3	1910	1913	1918
686	9	1	1919
688	133	3	1913	1915	1918
690	96	1	1912
695	143	1	1912
697	100	2	1911	1912
700	32	1	1919
704	88	1	1910
710	84	1	1910
728	31	1	1910
740	85	1	1913
752	214	1	1911
764	51	1	1910
769	124	2	1912	1915
775	14	1	1918
778	47	1	1919
779	58	1	1913
785	71	1	1910
789	139	1	1910
791	13	1	1912
801	104	1	1913
814	171	3	1912	1915	1918
824	85	1	1918
832	32	1	1912
844	317	1	1911
850	279	3	1911	1912	1913
857	9	1	1911
861	115	1	1910
905	125	2	1911	1912
919	53	2	1910	1918
934	101	1	1912
936	52	1	1912
946	75	2	1910	1913
948	190	1	1910
978	41	1	1910
998	101	1	1918
1002	106	1	1910
1013	8	1	1915
1034	28	1	1913
1080	23	1	1911
1088	8	1	1919
1096	95	1	1910
1101	36	1	1912
1121	109	1	1910
1128	48	2	1915	1918
1176	64	1	1911
1195	153	1	1910
1216	108	1	1910
1224	81	2	1911	1912
1227	42	1	1919
1238	23	1	1911
1252	88	1	1911
1256	59	1	1918
1293	32	1	1915
1307	22	1	1912
1332	7	1	1912
1334	5	1	1912
1336	48	1	1915
1355	16	1	1919
1358	8	1	1912
1368	147	1	1910
1376	162	1	1915
1414	282	1	1912
1420	51	1	1910
1433	107	1	1912
1460	139	1	1911
1493	40	1	1919
1494	12	1	1912
1504	41	1	1913
1511	9	1	1911
1520	35	1	1918
1524	76	1	1918
1526	32	1	1918
1540	32	1	1913
1567	41	1	1912
1571	110	2	1910	1918
1572	57	1	1918
1573	59	1	1910
1575	53	1	1910
1603	55	1	1915
1629	73	1	1911
1643	24	1	1913
1685	67	1	1910
1695	47	1	1911
1726	27	1	1915
1736	69	1	1911
1743	55	1	1913
1754	77	2	1915	1918
1776	59	1	1912
1801	69	1	1918
1817	59	2	1911	1912
1840	13	2	1912	1912
1854	32	1	1915
1884	164	1	1912
1899	7	2	1912	1912
1909	3	1	1910
1916	75	1	1910
1989	12	2	1912	1912
2058	37	1	1910
2059	270	2	1912	1915
2070	1	1	1912
2075	48	1	1912
2092	49	1	1912
2097	35	1	1912
2203	23	1	1912
2212	68	1	1912
2217	3	2	1912	1913
2219	24	1	1918
2257	20	1	1911
2277	29	1	1918
2302	55	1	1912
2309	2	1	1915
2353	40	1	1913
2368	50	1	1918
2418	6	1	1919
2424	28	2	1915	1918
2458	44	2	1912	1912
2464	7	1	1912
2466	2	1	1918
2530	13	1	1912
2571	12	2	1912	1912
2597	7	1	1912
2630	6	1	1912
2654	17	1	1910
2725	3	1	1912
2739	11	1	1912
2827	7	1	1912
2872	13	1	1919
2913	1	1	1911
2932	8	1	1912
2985	1	1	1912
2993	15	1	1912
3059	18	1	1910
3079	6	1	1912
3116	3	1	1912
3149	3	1	1919
3219	6	1	1918
3233	9	1	1913
3303	9	1	1910
3314	3	1	1912
3411	1	1	1912
3674	10	1	1910
3712	8	1	1912
3892	4	1	1912
3931	3	1	1912
3982	7	1	1912
4120	2	1	1915
4300	1	1	1912
4632	4	1	1912
4640	8	1	1912
4832	2	1	1911
5013	1	1	1919
5430	1	1	1919
5533	1	1	1918
5553	2	1	1913
5564	2	1	1912
5632	1	1	1912
5867	1	1	1913
