2	522	4	271	271	274	276
3	402	1	271
8	114	1	274
9	460	2	271	277
12	126	1	277
14	136	1	273
18	318	2	274	277
20	70	1	273
23	134	2	271	271
31	254	1	277
46	63	1	275
49	124	1	271
50	385	2	271	276
52	57	1	277
54	733	3	273	274	277
59	236	1	277
60	231	2	273	277
67	827	3	271	276	277
69	271	2	276	277
71	218	1	274
73	344	1	274
91	28	1	277
94	240	3	271	276	277
112	118	1	277
134	18	1	271
145	64	1	273
149	63	1	275
158	258	1	273
160	11	1	276
167	516	3	275	276	277
170	37	1	271
171	137	1	277
176	640	3	271	275	276
177	53	2	271	273
178	55	1	273
179	121	1	277
183	160	1	277
184	42	1	277
189	121	1	271
202	306	3	271	276	277
204	244	1	277
205	241	2	276	277
210	118	1	274
218	84	2	276	277
226	42	1	276
229	118	1	275
232	92	1	271
247	233	1	271
258	112	1	274
260	98	1	277
264	224	2	271	271
267	58	1	277
270	3	1	271
272	63	1	273
275	16	1	276
277	37	1	271
279	332	4	271	271	271	277
284	18	1	271
285	237	1	276
286	88	1	273
291	260	1	274
293	151	1	276
297	6	1	275
299	113	1	277
303	42	1	271
319	45	2	274	277
335	232	1	277
348	173	2	271	271
355	9	1	274
359	233	1	274
366	34	1	275
372	183	1	271
374	249	1	275
386	312	1	277
395	34	2	271	271
397	159	1	274
401	34	1	277
402	165	2	276	277
403	54	1	271
405	58	1	277
418	223	1	274
426	110	1	273
428	52	1	277
433	45	3	271	276	277
435	71	2	271	271
451	209	3	271	276	277
460	155	1	274
465	79	1	277
472	21	1	277
474	3	1	276
475	194	1	277
489	19	1	277
492	134	2	271	271
500	15	1	277
502	98	1	277
510	111	1	271
519	77	1	271
529	709	2	276	277
530	78	1	274
532	91	1	277
537	231	1	271
539	55	1	276
542	165	1	277
544	101	1	277
555	72	1	277
556	69	1	275
559	87	1	273
568	25	1	271
576	117	1	274
579	24	1	277
580	36	1	271
586	93	2	276	277
595	120	2	271	277
597	193	2	276	277
598	18	1	273
614	4	1	277
627	148	1	277
635	84	1	274
652	57	1	276
654	17	1	273
657	49	1	276
676	1	1	271
688	133	1	277
692	70	1	274
694	90	1	277
695	143	2	276	277
697	100	1	276
699	43	1	271
701	107	1	277
703	75	1	271
704	88	1	277
714	205	2	271	277
715	250	1	277
718	187	2	276	277
723	46	1	275
733	173	1	271
740	85	1	271
757	20	1	271
760	41	1	273
766	132	1	277
771	101	1	274
772	37	1	273
789	139	3	271	271	276
814	171	1	274
844	317	2	276	277
846	96	1	277
848	100	1	271
850	279	2	271	276
853	19	1	271
861	115	2	276	277
864	50	1	271
872	70	1	277
886	4	1	277
896	16	1	271
905	125	1	276
921	113	1	273
930	39	1	277
934	101	1	271
936	52	1	271
941	145	1	271
944	54	1	271
946	75	1	274
948	190	1	277
983	184	1	276
986	108	1	277
992	68	1	273
998	101	1	273
1005	95	1	271
1021	21	1	271
1033	30	1	271
1045	186	1	276
1069	138	1	277
1087	58	2	271	271
1121	109	1	274
1122	40	1	277
1128	48	1	273
1156	82	1	277
1176	64	1	276
1177	54	2	276	277
1190	29	1	271
1195	153	1	273
1216	108	1	274
1224	81	1	276
1251	27	1	274
1252	88	1	277
1282	51	1	271
1300	40	3	271	271	276
1307	22	1	277
1321	63	2	276	277
1326	30	1	271
1344	47	1	276
1357	20	1	271
1360	64	1	274
1365	53	1	271
1366	7	1	271
1368	147	1	274
1371	12	1	277
1376	162	1	273
1378	114	1	277
1392	16	1	273
1423	24	1	277
1433	107	1	274
1436	30	1	271
1460	139	1	276
1463	29	1	271
1468	38	1	273
1476	39	1	277
1490	4	1	271
1500	52	1	271
1515	25	1	277
1527	51	1	277
1569	28	1	277
1572	57	1	277
1573	59	1	274
1584	12	1	274
1620	31	1	277
1629	73	1	271
1636	79	1	271
1653	56	1	271
1657	33	1	271
1695	47	1	277
1701	42	1	271
1707	22	1	277
1728	97	1	277
1736	69	1	276
1812	39	1	273
1893	33	1	274
1916	75	1	277
1931	49	1	271
1937	53	1	271
2045	21	1	273
2059	270	2	273	274
2111	28	1	277
2128	52	1	277
2149	29	1	277
2170	35	1	271
2179	20	1	273
2230	13	1	271
2240	20	1	275
2326	33	2	271	277
2348	47	1	275
2362	15	1	275
2381	49	1	271
2493	3	1	271
2525	18	1	277
2568	43	1	274
2576	15	1	275
2624	11	1	277
2680	2	2	271	271
2759	2	1	271
2772	29	1	277
2828	11	1	271
2862	35	1	273
2891	5	1	271
2906	31	1	271
2908	19	1	277
3008	13	2	271	271
3093	5	1	271
3201	14	1	276
3211	15	1	277
3250	13	1	276
3305	13	1	275
3322	3	1	277
3438	2	1	274
3576	2	1	271
3693	1	1	271
3700	2	1	271
3706	1	1	274
3790	5	1	271
3874	9	1	277
4030	1	1	274
4034	3	1	273
4066	5	1	274
4288	1	1	271
4322	1	1	271
4477	2	1	271
4503	3	1	271
4649	1	1	271
4706	3	1	271
4913	1	1	273
4932	1	1	271
4947	1	1	271
5233	2	1	271
5599	1	1	275
5651	1	1	271
5778	1	1	271
5943	1	1	276
6105	1	1	271
6240	1	1	274
6254	1	1	271
