2	522	3	280	283	284
3	402	2	287	288
6	30	1	284
9	460	1	283
12	126	1	280
16	286	2	280	285
18	318	2	283	287
19	91	2	284	285
23	134	2	284	285
31	254	1	283
37	139	1	283
40	133	2	287	288
41	71	2	287	288
44	85	2	280	282
48	257	2	280	283
50	385	4	280	284	285	287
54	733	1	282
57	33	1	280
59	236	2	280	282
62	89	1	287
64	81	1	288
67	827	6	280	283	284	285	287	288
71	218	1	280
73	344	1	280
75	182	2	287	288
79	87	1	282
85	34	1	280
94	240	2	285	288
96	113	1	283
108	55	1	284
112	118	1	280
115	225	2	284	285
118	60	1	288
121	192	1	280
123	59	1	280
124	13	1	280
126	41	1	280
131	90	1	288
132	187	1	283
135	70	1	282
137	73	1	280
143	116	1	285
147	56	1	285
153	49	1	287
156	205	1	283
158	258	1	282
167	516	4	280	283	284	285
169	194	1	284
176	640	2	283	285
178	55	1	282
179	121	2	283	285
181	147	1	287
183	160	2	284	285
189	121	1	287
193	215	2	282	283
196	93	2	284	285
202	306	2	284	285
205	241	1	285
225	185	1	280
229	118	1	283
230	248	1	288
236	95	1	283
238	93	1	280
242	18	1	287
243	42	2	280	287
247	233	1	284
248	38	1	280
252	193	2	280	282
256	137	1	288
258	112	1	280
261	105	1	284
262	57	1	283
267	58	1	285
275	16	1	283
276	69	1	285
277	37	1	284
279	332	1	280
281	15	1	282
285	237	2	287	288
287	23	1	288
291	260	1	288
293	151	2	283	284
318	211	2	285	287
321	104	1	280
335	232	1	283
337	15	1	285
339	70	1	287
343	101	1	280
370	13	1	284
372	183	2	287	288
374	249	1	283
384	205	2	284	287
386	312	1	287
388	35	1	284
405	58	1	285
407	48	1	280
416	106	1	283
418	223	1	282
420	126	1	280
426	110	1	282
428	52	1	282
433	45	1	284
451	209	1	282
453	83	1	280
460	155	2	282	288
475	194	1	285
481	56	1	283
488	47	1	283
490	261	2	280	283
508	72	1	284
510	111	1	287
512	202	2	285	288
520	80	1	285
522	291	1	287
529	709	4	280	283	285	288
534	102	2	280	283
535	11	1	280
537	231	2	283	288
557	69	1	283
558	64	1	283
579	24	1	285
584	69	1	282
586	93	1	284
595	120	1	288
596	61	2	280	284
597	193	1	283
599	69	1	280
610	34	1	284
621	23	1	280
627	148	1	280
629	76	1	280
645	227	1	283
649	30	1	283
688	133	1	282
690	96	1	283
694	90	2	284	285
695	143	1	280
697	100	1	285
703	75	1	288
704	88	1	280
707	212	1	287
721	216	1	283
747	93	1	283
751	166	1	283
752	214	1	285
766	132	1	283
777	114	1	288
778	47	1	288
779	58	1	280
785	71	1	280
786	56	1	280
791	13	1	285
814	171	1	282
816	37	1	288
825	90	1	280
831	34	1	283
836	27	1	287
844	317	1	285
846	96	3	284	285	287
848	100	2	287	288
850	279	3	280	283	284
854	39	1	284
857	9	1	284
861	115	1	283
867	120	1	280
872	70	1	287
879	19	1	288
884	150	2	280	283
894	39	1	287
905	125	1	285
919	53	1	284
926	33	1	287
934	101	1	285
941	145	1	283
948	190	2	280	284
959	20	1	285
976	75	1	280
983	184	2	280	283
986	108	1	283
993	36	1	285
1000	66	1	283
1022	48	1	280
1033	30	1	284
1058	177	1	287
1069	138	1	287
1093	33	2	287	288
1094	99	1	283
1108	92	1	280
1118	15	1	285
1122	40	1	284
1129	83	1	280
1130	157	1	280
1136	55	1	285
1151	47	1	287
1156	82	1	285
1167	11	1	284
1168	37	1	284
1176	64	1	285
1186	12	1	280
1190	29	1	287
1198	42	1	280
1224	81	2	284	285
1230	15	1	284
1243	44	1	282
1260	12	1	280
1269	41	1	285
1278	14	1	287
1284	46	1	280
1286	28	1	280
1299	66	1	280
1303	83	2	280	283
1324	15	1	288
1336	48	1	282
1340	7	1	282
1344	47	1	285
1374	51	1	285
1376	162	1	282
1378	114	1	283
1385	42	1	283
1414	282	1	285
1419	30	1	287
1426	44	1	284
1429	34	1	285
1430	12	1	285
1433	107	1	283
1452	25	1	280
1460	139	3	284	285	287
1464	27	2	282	284
1493	40	1	287
1500	52	1	285
1502	11	1	287
1504	41	1	283
1519	120	1	280
1534	45	1	288
1541	26	1	280
1543	9	1	285
1615	7	1	287
1664	37	1	280
1668	13	1	280
1710	13	1	280
1716	37	1	287
1719	42	1	287
1729	76	1	288
1736	69	1	285
1788	12	1	280
1817	59	1	285
1833	40	1	285
1872	24	1	284
1882	4	1	282
1890	26	1	288
1916	75	1	283
1922	21	1	283
1938	19	1	284
1939	66	1	280
2004	22	1	287
2013	9	1	283
2015	51	1	287
2044	29	1	280
2059	270	2	280	283
2066	40	1	280
2071	45	1	280
2075	48	1	287
2078	45	1	283
2109	3	1	284
2127	32	1	280
2177	8	1	280
2180	12	1	287
2186	42	1	283
2195	8	1	283
2200	10	1	284
2203	23	1	285
2223	2	1	288
2231	62	1	282
2257	20	2	284	285
2283	7	1	287
2296	30	1	280
2368	50	1	282
2377	9	1	283
2459	10	1	283
2467	4	1	280
2470	26	1	284
2474	57	1	283
2479	50	2	280	283
2527	28	1	287
2546	33	1	287
2597	7	1	284
2599	27	1	288
2627	31	2	280	283
2683	11	1	280
2688	29	1	280
2706	33	1	283
2709	20	1	280
2777	3	1	285
2788	24	1	287
2823	8	1	288
2845	25	1	280
2869	10	1	283
2955	19	1	285
3069	15	1	287
3075	1	1	284
3077	5	1	282
3204	4	1	284
3428	9	1	282
3684	3	1	285
3691	19	1	283
3705	4	1	283
3880	9	1	287
3956	3	1	282
3983	12	1	283
4341	1	1	288
4530	1	1	280
4906	1	1	280
5546	1	1	285
5776	1	1	287
