8	114	1	1647
9	460	2	1647	1648
11	20	1	1648
18	318	1	1648
20	70	1	1644
50	385	1	1647
54	733	3	1643	1644	1647
73	344	1	1647
112	118	1	1648
158	258	2	1644	1647
176	640	1	1647
180	221	1	1648
198	33	1	1647
210	118	1	1648
279	332	2	1647	1648
359	233	2	1647	1648
386	312	1	1643
397	159	2	1647	1648
398	22	1	1643
411	16	1	1648
426	110	1	1644
467	113	1	1648
472	21	1	1647
559	87	1	1644
561	130	1	1647
584	69	1	1644
632	61	1	1647
654	17	1	1644
655	50	1	1647
710	84	1	1647
714	205	2	1643	1648
878	39	1	1647
921	113	1	1644
948	190	1	1648
975	82	1	1647
990	46	1	1648
995	28	1	1648
1056	8	1	1648
1086	16	1	1647
1121	109	1	1647
1128	48	1	1644
1140	19	1	1647
1216	108	1	1647
1251	27	1	1648
1261	54	1	1643
1297	52	1	1643
1368	147	1	1643
1376	162	1	1644
1397	8	1	1648
1399	39	1	1643
1421	2	1	1647
1468	38	1	1644
1469	13	1	1648
1519	120	1	1648
1573	59	1	1647
1646	10	1	1647
1706	10	1	1648
1729	76	1	1648
1775	18	1	1648
1812	39	1	1644
1893	33	1	1648
2131	44	1	1647
2186	42	1	1643
2353	40	1	1643
2562	7	1	1647
2712	6	1	1648
2822	13	1	1648
2862	35	1	1644
