2	522	4	30	31	37	39
3	402	3	33	33	35
8	114	1	39
16	286	2	31	37
18	318	2	31	37
19	91	1	35
23	134	2	33	36
26	18	1	35
30	3	1	31
31	254	1	36
32	15	1	33
34	16	1	35
36	62	1	37
37	139	1	31
38	1	1	39
42	52	1	33
46	63	1	34
48	257	3	30	34	36
49	124	2	31	37
50	385	1	35
53	219	2	33	35
54	733	4	30	31	37	39
55	104	1	37
57	33	1	30
59	236	1	39
60	231	1	31
61	98	1	39
62	89	3	33	35	37
66	71	1	31
67	827	7	31	31	33	34	35	36	37
69	271	3	31	35	37
71	218	1	31
75	182	2	33	35
94	240	2	33	33
96	113	1	37
97	34	1	31
108	55	1	33
111	30	1	37
115	225	1	33
121	192	1	30
122	100	2	31	37
123	59	1	37
126	41	1	31
127	31	1	35
131	90	1	35
132	187	2	31	37
155	49	1	31
156	205	3	30	33	37
157	64	1	33
158	258	1	35
167	516	4	31	33	36	37
169	194	1	37
171	137	1	33
176	640	4	30	31	33	33
179	121	3	31	36	37
181	147	2	33	35
184	42	1	31
189	121	1	33
193	215	1	30
197	42	1	33
198	33	1	39
200	79	1	31
202	306	1	31
204	244	1	31
205	241	1	31
210	118	1	39
212	2	1	30
225	185	1	39
226	42	1	31
229	118	1	37
230	248	2	33	35
231	25	1	33
232	92	1	33
236	95	2	36	37
240	128	1	35
241	35	1	33
247	233	1	31
250	19	1	31
261	105	3	33	33	35
264	224	2	33	35
278	49	1	31
279	332	2	31	31
280	61	1	30
285	237	2	33	35
291	260	3	30	33	35
293	151	2	31	37
294	72	1	33
296	135	1	33
298	69	1	36
299	113	3	31	36	37
302	22	2	30	34
305	13	1	31
306	128	1	37
309	30	1	31
318	211	2	33	35
321	104	1	39
323	39	1	33
325	7	1	37
328	122	1	30
335	232	2	31	37
339	70	1	33
341	50	1	31
348	173	2	33	33
359	233	1	39
366	34	1	36
369	21	1	31
372	183	1	33
373	88	1	30
374	249	3	34	36	37
382	34	1	35
384	205	1	36
386	312	1	39
393	119	1	35
400	38	2	36	37
402	165	1	37
403	54	2	33	33
416	106	2	30	31
424	83	1	31
441	80	1	33
442	25	1	33
450	166	3	33	33	35
451	209	1	31
460	155	1	31
468	70	1	33
473	3	1	34
475	194	1	33
479	38	1	31
482	42	1	31
490	261	2	30	37
492	134	1	35
493	75	1	33
497	106	1	33
502	98	1	39
508	72	2	36	37
510	111	1	33
512	202	1	33
519	77	1	35
522	291	2	33	35
529	709	3	31	33	37
534	102	2	31	37
535	11	1	31
537	231	2	33	36
542	165	1	37
546	39	1	35
556	69	1	37
557	69	1	37
568	25	1	31
572	29	1	33
579	24	1	31
592	32	1	30
595	120	1	33
596	61	1	31
597	193	3	31	31	37
607	45	1	33
627	148	2	36	37
629	76	1	31
633	13	1	39
645	227	2	36	37
646	15	1	37
647	29	1	33
649	30	1	31
657	49	2	31	37
658	64	1	39
661	24	1	33
664	91	1	37
665	31	1	35
666	34	1	39
667	16	2	33	33
675	87	1	33
685	28	1	30
690	96	1	37
694	90	1	37
695	143	1	37
701	107	1	31
707	212	2	33	35
710	84	1	30
721	216	2	36	37
723	46	1	36
733	173	2	33	35
738	85	1	30
747	93	1	37
751	166	1	37
752	214	2	31	35
756	8	1	33
767	49	1	33
769	124	2	30	37
777	114	1	33
786	56	1	37
789	139	2	33	39
814	171	1	35
818	40	1	33
823	115	1	34
829	34	1	37
832	32	1	33
842	137	1	30
843	51	1	33
844	317	1	35
846	96	1	31
848	100	1	33
850	279	1	30
854	39	1	37
866	24	1	37
867	120	3	31	31	37
871	5	1	35
880	14	1	36
884	150	1	37
885	43	1	31
895	57	1	37
899	65	1	31
904	6	1	37
912	41	1	35
919	53	1	39
934	101	1	37
936	52	1	33
941	145	1	35
942	92	2	33	33
948	190	2	37	39
952	7	2	31	31
957	75	1	33
961	65	1	35
970	28	1	37
975	82	2	30	39
983	184	1	37
986	108	2	31	37
990	46	1	31
993	36	1	31
1000	66	1	31
1005	95	1	33
1008	8	1	31
1028	90	2	31	37
1049	26	1	30
1052	117	1	39
1070	77	1	35
1075	120	1	33
1078	65	1	36
1087	58	1	33
1090	2	1	31
1093	33	1	35
1094	99	2	31	37
1095	20	1	37
1116	26	1	31
1118	15	1	31
1124	70	2	33	35
1129	83	1	31
1136	55	1	31
1146	31	1	33
1156	82	1	37
1182	16	1	31
1184	105	1	33
1189	121	1	30
1190	29	1	35
1204	7	1	36
1209	24	1	37
1213	80	1	33
1216	108	1	37
1221	7	1	37
1222	6	1	31
1224	81	1	35
1229	58	1	31
1233	59	1	31
1248	42	1	31
1252	88	1	31
1260	12	1	37
1262	38	1	34
1280	57	2	33	33
1283	31	1	37
1284	46	1	31
1288	16	1	31
1292	15	1	31
1299	66	1	39
1303	83	1	37
1310	34	1	30
1313	63	1	35
1321	63	1	31
1326	30	1	33
1331	31	1	31
1335	20	1	30
1336	48	1	35
1342	44	1	37
1358	8	1	31
1364	54	1	37
1365	53	1	31
1367	21	1	31
1368	147	1	39
1372	12	1	31
1374	51	1	31
1378	114	1	30
1386	24	1	31
1392	16	1	33
1410	41	1	33
1414	282	1	37
1420	51	1	39
1426	44	1	33
1433	107	1	39
1438	8	1	30
1460	139	2	33	37
1464	27	1	30
1465	4	1	30
1475	69	1	37
1483	15	1	39
1491	3	1	33
1507	33	1	37
1521	42	1	35
1533	10	1	31
1534	45	1	33
1540	32	1	39
1546	32	1	37
1571	110	1	39
1575	53	1	39
1584	12	1	31
1589	6	1	31
1598	12	1	39
1605	5	1	34
1615	7	1	37
1636	79	1	37
1660	21	1	37
1668	13	2	31	37
1676	4	1	33
1687	5	1	30
1695	47	1	30
1705	27	1	34
1718	3	1	31
1742	90	1	39
1753	40	1	37
1762	57	1	30
1776	59	3	30	31	37
1797	64	1	35
1803	10	1	35
1820	9	1	37
1837	18	2	33	33
1850	33	1	30
1853	37	1	35
1855	122	1	33
1872	24	1	31
1885	22	1	35
1916	75	1	31
1922	21	1	37
1933	2	1	35
1964	2	1	31
2000	13	1	31
2005	7	1	31
2017	20	1	37
2023	12	1	37
2038	3	1	30
2042	3	1	31
2056	2	2	33	33
2058	37	1	33
2059	270	2	30	31
2066	40	2	31	34
2069	11	1	34
2075	48	1	35
2127	32	1	31
2160	82	2	31	37
2170	35	2	33	35
2177	8	1	31
2206	22	1	31
2222	20	1	33
2266	38	1	31
2291	29	1	31
2306	17	1	34
2315	28	1	33
2328	13	1	35
2353	40	1	39
2396	2	1	36
2458	44	1	31
2459	10	1	36
2470	26	1	31
2475	2	1	35
2502	9	1	31
2532	9	1	37
2562	7	1	31
2568	43	1	33
2571	12	1	31
2577	5	1	31
2589	8	1	33
2595	15	2	33	35
2623	19	1	30
2632	9	1	37
2639	1	1	31
2641	25	1	30
2651	23	1	37
2700	12	1	36
2706	33	1	37
2727	12	1	33
2748	32	1	37
2789	6	1	33
2799	38	1	36
2809	3	1	31
2842	15	1	37
2869	10	1	37
2883	23	2	30	35
2899	21	1	37
2930	2	1	31
2993	15	1	31
3043	1	1	31
3046	2	1	35
3054	13	1	35
3120	13	1	36
3124	11	1	36
3128	22	1	30
3168	23	1	31
3187	30	1	35
3190	10	1	31
3224	4	1	36
3242	6	2	31	31
3448	6	1	37
3463	2	1	34
3467	17	1	36
3497	18	1	37
3504	2	1	35
3627	2	1	31
3634	2	1	31
3650	3	1	35
3667	4	1	35
3773	2	1	31
3786	6	1	35
3896	4	1	33
3907	4	1	31
3958	1	1	34
3962	9	1	33
3995	2	1	31
4006	3	1	31
4101	8	1	33
4127	1	1	31
4141	1	1	34
4161	9	1	31
4170	3	1	31
4183	2	1	31
4200	1	1	37
4229	2	1	31
4255	1	1	36
4312	6	1	31
4347	1	1	31
4357	1	1	36
4402	5	1	33
4510	1	1	37
4517	1	1	37
4521	1	1	31
4543	4	1	39
4604	2	1	31
4739	3	1	33
4782	4	1	35
4884	3	1	31
4887	4	1	31
5050	4	1	31
5147	1	1	34
5170	1	1	34
5200	5	1	31
5269	1	1	33
5295	2	1	31
5374	1	1	31
5418	1	1	33
5480	1	1	31
5563	2	1	31
5591	2	1	35
5627	1	1	31
5823	1	1	33
5895	1	1	33
5961	1	1	31
6146	1	1	31
