2	522	4	630	632	633	635
3	402	2	634	636
5	41	2	632	638
8	114	1	633
9	460	4	630	632	632	635
10	30	1	638
12	126	4	630	632	635	639
14	136	1	638
16	286	4	630	632	635	639
18	318	5	633	634	635	638	639
19	91	2	636	639
23	134	1	639
26	18	1	636
31	254	1	635
33	25	2	634	636
39	6	1	633
44	85	1	632
47	5	1	635
48	257	2	632	635
50	385	3	632	633	634
53	219	1	634
54	733	5	633	634	638	638	639
55	104	1	634
59	236	3	630	638	638
60	231	2	635	638
61	98	2	632	635
67	827	5	630	632	635	636	639
69	271	1	639
71	218	5	630	632	632	633	635
73	344	5	630	632	632	633	635
75	182	1	634
77	63	2	632	632
85	34	3	635	636	638
87	54	1	632
89	39	1	638
94	240	2	634	636
100	35	2	632	635
103	237	1	639
110	43	1	635
121	192	2	630	635
122	100	3	632	635	639
133	113	1	636
135	70	2	638	638
137	73	1	630
140	29	1	630
156	205	1	630
158	258	3	632	638	638
162	75	1	633
167	516	3	632	635	639
170	37	1	636
171	137	1	639
172	79	2	632	635
174	118	1	636
176	640	5	632	634	635	638	639
177	53	1	638
178	55	1	638
180	221	2	635	639
183	160	1	639
193	215	1	638
194	40	1	638
197	42	2	634	635
200	79	1	639
204	244	1	639
205	241	1	639
225	185	3	632	633	635
230	248	1	634
232	92	1	636
238	93	1	635
240	128	1	634
251	11	1	636
252	193	4	630	632	634	638
258	112	1	635
260	98	2	630	636
262	57	1	635
263	17	1	634
264	224	1	636
272	63	1	638
276	69	1	635
278	49	2	634	636
279	332	4	634	635	636	638
280	61	1	635
283	25	1	635
290	6	2	634	636
291	260	1	635
293	151	2	632	635
294	72	1	634
302	22	1	630
305	13	1	639
314	31	1	636
318	211	2	634	636
319	45	1	634
328	122	1	630
331	47	2	632	635
335	232	1	639
343	101	3	630	632	635
348	173	1	634
349	48	1	632
356	23	2	632	638
358	26	1	636
359	233	2	633	638
381	88	1	639
383	13	1	632
384	205	1	636
386	312	2	635	638
391	64	1	635
393	119	1	636
397	159	1	635
399	17	2	638	638
403	54	1	636
405	58	1	639
410	48	1	632
412	82	2	638	638
418	223	3	633	638	638
420	126	1	635
421	42	1	636
422	36	1	635
424	83	1	639
450	166	2	632	634
451	209	5	633	634	638	638	639
453	83	2	630	632
460	155	1	630
461	27	1	639
466	47	1	638
467	113	1	632
468	70	1	636
475	194	1	639
484	23	2	635	635
489	19	1	639
490	261	2	630	635
491	74	1	632
492	134	1	639
493	75	1	634
497	106	1	634
502	98	1	635
508	72	1	636
515	94	1	635
519	77	1	632
522	291	1	634
529	709	6	630	634	635	638	638	639
530	78	2	635	638
537	231	1	639
542	165	3	632	635	639
544	101	1	639
545	70	1	636
555	72	1	636
558	64	1	635
561	130	1	638
567	59	1	639
570	10	1	638
574	51	1	639
576	117	1	638
584	69	1	638
590	11	1	639
594	125	1	630
597	193	1	630
610	34	1	636
612	55	1	636
616	40	1	635
620	17	2	630	632
627	148	1	636
629	76	2	630	635
631	8	2	630	632
632	61	1	633
633	13	1	638
637	17	1	638
641	56	1	639
645	227	3	630	632	635
652	57	1	639
656	103	1	630
663	44	1	638
666	34	1	635
667	16	1	634
670	126	2	638	638
673	9	1	634
688	133	2	638	639
692	70	2	635	636
699	43	2	634	639
701	107	1	639
704	88	1	638
714	205	3	632	633	638
715	250	1	639
718	187	1	639
721	216	1	632
725	80	4	630	632	632	633
728	31	1	632
732	45	1	630
733	173	2	634	636
738	85	2	635	638
740	85	2	633	638
747	93	1	635
752	214	1	639
760	41	2	632	638
765	20	2	633	635
769	124	1	635
770	58	1	638
771	101	1	630
779	58	2	632	639
782	31	1	632
785	71	1	635
786	56	1	635
789	139	1	632
801	104	2	630	635
814	171	3	632	633	636
823	115	1	633
825	90	2	632	635
842	137	2	632	632
844	317	2	634	639
850	279	3	630	632	635
861	115	2	632	639
862	52	1	634
866	24	1	630
867	120	1	635
872	70	1	639
878	39	1	635
884	150	2	630	635
891	23	1	632
903	77	1	630
907	12	1	636
909	31	1	639
919	53	1	638
920	47	1	639
921	113	3	630	632	638
926	33	1	639
934	101	1	634
938	13	1	632
941	145	2	635	636
948	190	3	634	635	635
961	65	2	634	636
963	31	1	634
976	75	1	635
983	184	1	635
986	108	1	639
992	68	1	635
1002	106	4	630	632	632	635
1012	71	2	638	638
1022	48	1	635
1034	28	1	632
1036	59	1	635
1045	186	1	639
1047	144	1	638
1050	29	1	634
1052	117	1	638
1054	19	1	639
1055	33	1	630
1065	54	1	632
1069	138	1	635
1074	38	1	635
1075	120	1	634
1082	34	1	638
1083	4	1	638
1096	95	1	630
1107	15	1	638
1108	92	1	630
1113	11	1	636
1116	26	2	636	638
1124	70	1	636
1129	83	1	632
1130	157	2	630	635
1131	47	1	635
1138	6	1	633
1145	16	1	639
1148	78	1	632
1156	82	1	639
1165	21	1	632
1170	8	1	630
1184	105	2	634	636
1188	36	3	635	635	636
1189	121	1	630
1194	52	1	636
1223	27	2	632	635
1232	48	1	632
1236	16	2	638	638
1242	42	1	636
1248	42	2	635	635
1252	88	1	639
1256	59	1	638
1261	54	1	638
1267	5	1	639
1274	63	1	635
1284	46	1	635
1286	28	1	632
1287	72	1	635
1297	52	2	635	638
1300	40	1	639
1303	83	1	635
1307	22	1	636
1316	14	1	630
1321	63	1	639
1336	48	1	638
1337	58	1	635
1341	21	1	638
1342	44	1	635
1343	8	1	635
1346	87	2	632	632
1360	64	1	633
1365	53	1	639
1368	147	2	632	633
1371	12	1	639
1377	13	1	638
1386	24	1	636
1399	39	1	638
1400	19	1	632
1414	282	3	633	636	639
1417	41	2	635	639
1420	51	1	632
1424	57	1	633
1429	34	1	639
1433	107	3	632	633	635
1435	1	1	636
1452	25	1	635
1454	26	1	630
1456	19	2	630	632
1457	25	1	638
1460	139	1	639
1519	120	1	635
1520	35	3	630	638	638
1524	76	2	630	632
1526	32	1	638
1527	51	2	635	636
1531	41	1	635
1547	26	1	635
1550	16	1	635
1566	23	1	635
1571	110	3	632	632	638
1572	57	1	632
1575	53	1	632
1577	14	1	638
1602	7	1	638
1614	18	1	635
1623	24	2	630	632
1627	26	1	638
1629	73	1	634
1638	37	1	635
1649	6	1	633
1685	67	1	633
1686	18	1	639
1697	5	1	638
1706	10	1	633
1707	22	1	630
1712	17	1	630
1714	35	1	635
1728	97	2	636	639
1737	5	1	632
1744	14	1	638
1750	2	1	636
1753	40	1	632
1755	24	1	635
1762	57	1	635
1765	39	1	635
1776	59	1	633
1784	28	1	638
1796	48	1	636
1808	47	1	630
1824	17	1	632
1837	18	1	636
1839	29	1	630
1865	16	1	633
1884	164	2	632	632
1893	33	1	635
1895	24	1	636
1905	34	1	638
1916	75	1	633
1920	16	1	638
1925	40	1	639
1931	49	2	633	636
1937	53	1	639
1939	66	1	630
1971	19	2	638	638
1976	26	1	632
2000	13	1	634
2003	28	1	635
2026	23	1	638
2029	10	1	638
2044	29	1	630
2053	37	1	638
2058	37	2	634	636
2059	270	5	630	633	635	636	638
2066	40	1	630
2096	22	1	630
2101	26	1	634
2103	16	1	635
2108	52	1	632
2111	28	1	635
2131	44	1	633
2133	29	1	630
2144	30	1	633
2146	8	1	635
2151	18	1	630
2154	29	1	638
2158	5	1	634
2160	82	2	632	638
2163	51	1	638
2177	8	1	635
2200	10	1	639
2201	2	1	633
2206	22	1	632
2212	68	1	632
2213	7	1	639
2231	62	1	632
2240	20	1	639
2242	27	1	632
2255	37	1	635
2273	5	1	633
2280	21	1	636
2302	55	1	639
2339	50	1	636
2340	13	1	630
2342	13	1	630
2368	50	1	635
2409	44	1	630
2454	58	1	635
2481	7	1	630
2561	16	1	638
2568	43	1	633
2607	2	1	630
2620	25	1	638
2624	11	1	639
2627	31	1	630
2649	10	1	636
2688	29	1	632
2786	6	1	630
2845	25	1	635
2881	16	1	636
2891	5	1	636
2926	16	1	632
2932	8	1	636
2943	7	1	633
2993	15	1	639
3009	26	2	638	638
3073	8	1	638
3128	22	1	636
3135	20	1	639
3150	2	1	634
3160	5	1	636
3221	2	1	636
3349	16	1	638
3400	7	1	635
3601	9	1	638
3643	6	1	638
3667	4	1	636
3668	10	1	635
3696	2	1	638
3756	6	1	636
3793	2	1	634
3794	8	1	633
3835	6	1	636
3943	7	1	634
4042	7	1	638
4068	8	1	639
4103	1	1	636
4267	14	1	630
4392	2	1	636
4417	2	1	634
4679	1	1	630
4696	2	1	639
4700	1	1	632
4741	3	1	638
4796	1	1	630
4803	10	1	632
4887	4	1	632
5134	1	1	630
5229	1	1	630
5257	1	1	633
5636	2	1	630
6125	1	1	636
6166	1	1	630
