2	522	4	1060	1060	1065	1069
3	402	2	1063	1067
9	460	2	1065	1069
12	126	3	1060	1060	1069
16	286	5	1062	1065	1067	1069	1069
17	35	2	1069	1069
19	91	2	1062	1063
22	52	1	1069
31	254	4	1060	1060	1069	1069
37	139	2	1060	1069
44	85	2	1065	1069
48	257	4	1060	1060	1065	1069
49	124	1	1060
50	385	3	1065	1067	1069
53	219	2	1062	1067
54	733	1	1060
55	104	1	1063
62	89	1	1065
64	81	1	1067
66	71	1	1069
67	827	7	1060	1060	1060	1065	1067	1069	1069
69	271	2	1062	1069
71	218	2	1065	1069
73	344	4	1060	1060	1065	1069
75	182	1	1067
94	240	3	1063	1067	1069
97	34	1	1067
100	35	1	1065
103	237	1	1063
115	225	1	1069
117	36	1	1069
118	60	2	1062	1063
119	32	1	1069
121	192	2	1060	1069
122	100	1	1063
123	59	2	1060	1060
131	90	1	1069
137	73	2	1062	1065
140	29	1	1065
147	56	1	1069
149	63	3	1060	1060	1069
155	49	1	1069
156	205	2	1060	1067
163	16	1	1069
165	38	1	1063
167	516	7	1060	1060	1060	1062	1063	1069	1069
169	194	2	1067	1069
170	37	1	1063
172	79	1	1065
176	640	4	1060	1067	1069	1069
179	121	1	1069
181	147	1	1067
182	53	1	1063
183	160	1	1069
191	49	1	1063
193	215	1	1063
196	93	2	1062	1063
197	42	1	1069
202	306	3	1062	1063	1069
204	244	2	1062	1063
205	241	2	1067	1069
229	118	2	1060	1067
236	95	1	1060
237	14	1	1069
238	93	1	1065
240	128	1	1063
247	233	1	1067
252	193	1	1067
258	112	1	1065
261	105	1	1067
262	57	1	1065
264	224	3	1062	1063	1067
267	58	2	1065	1069
277	37	1	1065
278	49	1	1069
285	237	3	1062	1063	1069
291	260	1	1069
294	72	1	1067
298	69	1	1063
302	22	1	1065
306	128	2	1063	1069
314	31	1	1067
315	40	2	1063	1067
320	52	1	1065
323	39	1	1063
328	122	1	1065
335	232	3	1060	1060	1069
339	70	1	1067
343	101	3	1067	1069	1069
348	173	2	1063	1067
349	48	1	1062
358	26	1	1069
359	233	1	1065
362	45	1	1065
374	249	4	1060	1060	1060	1069
379	46	1	1060
380	42	2	1069	1069
381	88	1	1069
384	205	3	1067	1069	1069
391	64	2	1063	1069
393	119	1	1067
402	165	1	1069
403	54	1	1067
407	48	1	1065
409	36	1	1065
416	106	3	1060	1060	1060
421	42	1	1065
422	36	1	1065
435	71	2	1062	1067
449	14	1	1062
475	194	2	1063	1069
480	31	1	1069
481	56	2	1060	1060
488	47	1	1060
490	261	2	1060	1065
492	134	1	1065
494	29	1	1065
508	72	1	1069
514	27	1	1069
515	94	1	1063
518	31	1	1069
522	291	3	1062	1067	1069
528	45	2	1065	1067
529	709	6	1060	1062	1063	1067	1069	1069
534	102	1	1069
557	69	1	1069
558	64	1	1069
560	6	1	1062
574	51	1	1063
580	36	1	1069
586	93	3	1065	1069	1069
589	3	1	1067
594	125	1	1060
596	61	1	1069
597	193	2	1060	1060
612	55	2	1065	1069
616	40	1	1065
627	148	2	1065	1069
629	76	2	1060	1065
641	56	1	1069
645	227	3	1060	1065	1069
655	50	1	1065
656	103	1	1069
664	91	1	1069
690	96	2	1060	1069
695	143	1	1065
697	100	1	1069
701	107	1	1069
707	212	1	1069
714	205	1	1069
715	250	1	1069
718	187	1	1069
721	216	3	1060	1060	1069
732	45	1	1063
733	173	2	1063	1067
734	50	3	1060	1060	1069
747	93	2	1060	1060
751	166	3	1060	1060	1069
752	214	2	1063	1069
766	132	3	1067	1069	1069
769	124	1	1069
771	101	1	1065
786	56	1	1069
789	139	3	1062	1065	1067
800	36	1	1060
813	39	1	1067
814	171	2	1065	1069
819	19	1	1067
823	115	2	1060	1069
825	90	1	1065
833	17	1	1063
842	137	1	1065
844	317	3	1062	1063	1069
846	96	1	1063
850	279	1	1065
855	51	1	1067
861	115	1	1069
862	52	1	1062
867	120	5	1060	1060	1060	1062	1069
881	56	1	1062
882	17	1	1062
884	150	1	1060
894	39	1	1060
899	65	3	1060	1060	1060
903	77	1	1065
904	6	1	1065
909	31	2	1062	1069
916	45	1	1065
920	47	2	1069	1069
927	42	1	1065
928	29	2	1060	1065
931	10	1	1062
938	13	1	1065
941	145	3	1060	1060	1069
943	38	1	1069
947	56	1	1060
956	60	1	1060
959	20	1	1069
963	31	1	1065
976	75	1	1065
982	22	1	1065
983	184	3	1060	1065	1069
995	28	1	1065
1008	8	1	1060
1011	60	2	1063	1069
1018	42	1	1060
1022	48	2	1060	1069
1034	28	1	1065
1040	26	1	1065
1041	49	1	1069
1042	16	1	1067
1047	144	1	1065
1058	177	1	1067
1061	5	1	1062
1065	54	2	1065	1069
1069	138	1	1060
1075	120	1	1063
1094	99	1	1069
1096	95	1	1060
1105	2	1	1060
1129	83	2	1060	1065
1131	47	2	1065	1069
1146	31	1	1063
1148	78	1	1065
1149	42	2	1060	1069
1156	82	3	1065	1069	1069
1163	10	1	1065
1176	64	1	1069
1177	54	1	1063
1184	105	2	1063	1067
1189	121	1	1065
1194	52	1	1060
1197	24	1	1062
1198	42	1	1069
1209	24	1	1060
1223	27	2	1065	1069
1232	48	1	1065
1242	42	2	1062	1069
1260	12	3	1060	1060	1060
1267	5	1	1065
1274	63	1	1069
1283	31	2	1065	1069
1293	32	1	1065
1296	12	1	1069
1300	40	2	1063	1067
1303	83	2	1069	1069
1310	34	1	1063
1322	36	1	1062
1331	31	3	1060	1060	1060
1343	8	1	1065
1350	30	1	1060
1364	54	1	1060
1378	114	1	1065
1384	7	1	1065
1385	42	1	1060
1391	21	1	1063
1409	15	1	1060
1410	41	1	1069
1411	31	1	1062
1414	282	2	1062	1069
1423	24	1	1060
1426	44	1	1069
1429	34	1	1063
1457	25	1	1065
1460	139	2	1062	1069
1475	69	2	1060	1069
1480	29	2	1060	1065
1504	41	2	1060	1060
1519	120	4	1060	1060	1065	1069
1542	16	1	1065
1546	32	1	1060
1547	26	1	1069
1566	23	1	1060
1582	74	1	1069
1583	8	1	1069
1591	36	1	1062
1604	20	1	1063
1605	5	1	1065
1629	73	1	1063
1636	79	1	1069
1646	10	1	1065
1662	47	1	1069
1670	4	2	1060	1060
1671	2	2	1060	1060
1680	1	1	1067
1683	13	1	1065
1684	53	1	1062
1692	54	2	1060	1065
1695	47	2	1069	1069
1705	27	2	1060	1065
1732	25	1	1069
1736	69	1	1063
1755	24	1	1060
1765	39	3	1060	1069	1069
1781	20	1	1062
1787	24	1	1065
1798	15	1	1060
1808	47	1	1065
1837	18	1	1067
1862	28	1	1067
1884	164	1	1069
1922	21	1	1060
1931	49	2	1060	1069
1934	11	1	1065
1941	5	1	1065
1977	26	1	1069
1994	3	1	1062
2048	31	1	1065
2058	37	1	1067
2059	270	1	1065
2063	31	1	1060
2066	40	1	1069
2125	14	1	1069
2127	32	2	1060	1069
2133	29	1	1065
2146	8	1	1065
2194	23	1	1069
2231	62	1	1067
2244	18	1	1069
2255	37	1	1062
2301	39	1	1069
2302	55	1	1069
2306	17	1	1069
2338	2	1	1062
2339	50	1	1065
2399	6	1	1062
2409	44	1	1065
2419	12	1	1069
2442	6	1	1069
2455	8	1	1065
2458	44	1	1067
2479	50	1	1060
2481	7	1	1065
2546	33	1	1069
2602	20	1	1060
2631	10	1	1060
2688	29	1	1065
2700	12	1	1069
2748	32	1	1060
2749	26	1	1069
2752	18	1	1065
2764	7	1	1069
2767	23	1	1063
2941	8	1	1069
2953	12	1	1062
2972	14	1	1069
2990	19	1	1065
3003	3	1	1065
3128	22	3	1065	1069	1069
3134	11	1	1069
3160	5	1	1067
3172	1	1	1069
3211	15	1	1069
3240	12	1	1069
3247	15	1	1060
3319	4	1	1069
3342	3	1	1067
3390	6	1	1060
3391	4	1	1060
3396	1	1	1069
3407	1	1	1060
3479	2	1	1062
3577	9	1	1063
3691	19	1	1069
3724	3	1	1065
3838	3	1	1060
3910	1	1	1060
3915	4	1	1067
3989	16	1	1063
4002	1	1	1069
4262	4	1	1060
4276	8	1	1062
4400	6	1	1069
4414	3	1	1062
4423	2	1	1069
4447	1	1	1060
4730	1	1	1067
4805	2	1	1067
4851	1	1	1060
5171	1	1	1062
5297	1	1	1062
5318	1	1	1069
5392	1	1	1060
5518	1	1	1065
5659	1	1	1062
