2	522	3	1771	1775	1777
3	402	2	1770	1777
5	41	1	1778
8	114	1	1772
9	460	6	1770	1772	1774	1775	1777	1778
11	20	1	1772
12	126	1	1775
14	136	1	1772
16	286	2	1771	1775
18	318	1	1775
19	91	1	1777
31	254	1	1775
37	139	1	1775
48	257	2	1771	1775
50	385	1	1771
53	219	1	1777
54	733	2	1772	1776
59	236	2	1775	1778
60	231	1	1776
61	98	1	1775
62	89	1	1775
63	91	2	1770	1777
65	159	2	1775	1778
67	827	4	1770	1771	1775	1777
69	271	1	1777
71	218	4	1771	1772	1775	1778
73	344	3	1771	1772	1775
86	4	1	1775
87	54	1	1772
93	42	1	1777
97	34	1	1775
100	35	1	1775
107	71	2	1770	1777
112	118	1	1775
115	225	1	1770
121	192	3	1771	1775	1778
126	41	1	1776
131	90	1	1770
132	187	1	1771
141	95	1	1776
143	116	1	1770
145	64	2	1772	1776
158	258	1	1772
162	75	1	1772
163	16	1	1771
167	516	2	1771	1775
172	79	1	1775
176	640	2	1775	1777
177	53	1	1772
180	221	2	1771	1775
187	25	1	1772
193	215	1	1772
194	40	1	1778
204	244	2	1770	1777
210	118	1	1778
225	185	3	1772	1775	1778
229	118	1	1775
230	248	2	1770	1777
238	93	2	1771	1775
240	128	1	1770
258	112	1	1771
260	98	1	1775
262	57	1	1775
264	224	2	1770	1777
276	69	1	1775
279	332	3	1772	1776	1778
286	88	2	1772	1776
291	260	3	1775	1777	1778
293	151	2	1771	1775
296	135	1	1770
318	211	2	1770	1777
320	52	1	1771
321	104	1	1774
330	26	1	1775
331	47	1	1775
335	232	1	1775
336	30	1	1771
343	101	2	1771	1775
345	54	1	1775
359	233	2	1772	1778
364	15	1	1770
367	17	1	1774
371	26	1	1774
372	183	1	1777
373	88	2	1772	1778
382	34	2	1770	1777
384	205	2	1771	1777
386	312	2	1775	1778
393	119	2	1770	1777
395	34	1	1777
397	159	3	1772	1775	1778
410	48	1	1772
412	82	1	1778
420	126	1	1776
421	42	1	1776
426	110	1	1772
437	26	1	1771
441	80	2	1770	1777
449	14	1	1770
450	166	1	1772
453	83	2	1771	1775
454	79	1	1777
456	54	1	1775
467	113	1	1772
471	59	1	1775
480	31	1	1771
490	261	1	1775
491	74	2	1775	1778
502	98	1	1772
512	202	1	1770
529	709	3	1770	1775	1777
530	78	2	1775	1778
558	64	1	1771
559	87	1	1772
561	130	1	1776
576	117	1	1776
597	193	1	1771
599	69	1	1771
612	55	1	1771
616	40	1	1775
627	148	1	1775
628	47	1	1775
629	76	1	1775
632	61	1	1775
635	84	1	1771
645	227	2	1771	1775
656	103	1	1778
658	64	2	1772	1775
666	34	1	1778
670	126	1	1776
682	26	1	1772
685	28	1	1771
688	133	1	1775
690	96	1	1775
692	70	1	1775
695	143	1	1771
698	8	2	1770	1777
704	88	1	1775
707	212	1	1777
714	205	2	1771	1778
721	216	1	1775
725	80	2	1772	1775
727	23	1	1772
732	45	1	1775
747	93	1	1775
766	132	1	1771
769	124	1	1775
771	101	1	1772
777	114	2	1770	1777
782	31	1	1775
786	56	1	1771
789	139	2	1776	1778
800	36	2	1772	1775
801	104	1	1775
814	171	2	1776	1778
825	90	2	1771	1775
844	317	2	1770	1777
850	279	1	1771
867	120	1	1771
878	39	1	1772
884	150	2	1771	1775
921	113	2	1772	1772
927	42	2	1776	1778
936	52	1	1770
941	145	1	1775
946	75	1	1775
948	190	1	1775
976	75	2	1771	1775
983	184	2	1771	1775
992	68	1	1778
996	15	1	1775
998	101	1	1772
1000	66	1	1771
1022	48	2	1771	1775
1036	59	1	1775
1055	33	1	1775
1058	177	2	1770	1777
1086	16	1	1778
1096	95	1	1778
1108	92	2	1771	1775
1111	25	1	1771
1121	109	1	1772
1124	70	1	1777
1130	157	1	1775
1131	47	1	1771
1148	78	1	1775
1151	47	1	1777
1168	37	1	1772
1184	105	2	1770	1777
1189	121	1	1778
1195	153	1	1776
1198	42	1	1775
1229	58	1	1775
1251	27	1	1778
1274	63	1	1775
1280	57	1	1770
1283	31	1	1778
1286	28	1	1775
1287	72	1	1775
1299	66	1	1778
1300	40	1	1770
1303	83	1	1775
1310	34	1	1775
1313	63	1	1770
1337	58	1	1775
1341	21	1	1776
1342	44	1	1775
1362	5	1	1774
1364	54	1	1778
1368	147	2	1772	1778
1374	51	1	1775
1378	114	1	1771
1385	42	1	1775
1386	24	1	1770
1395	10	1	1771
1426	44	1	1770
1433	107	1	1772
1452	25	1	1775
1454	26	1	1775
1483	15	1	1776
1500	52	1	1770
1504	41	1	1776
1512	23	1	1772
1518	12	1	1772
1519	120	2	1771	1775
1524	76	1	1772
1530	15	1	1775
1531	41	1	1771
1547	26	1	1775
1550	16	1	1775
1566	23	1	1775
1568	6	1	1777
1571	110	1	1776
1575	53	1	1772
1603	55	1	1776
1614	18	1	1775
1618	14	1	1775
1638	37	1	1775
1657	33	1	1777
1685	67	1	1772
1705	27	1	1775
1714	35	1	1775
1716	37	2	1770	1777
1729	76	1	1775
1742	90	2	1772	1775
1755	24	2	1771	1775
1769	16	1	1777
1773	1	1	1774
1788	12	1	1775
1812	39	1	1772
1939	66	2	1771	1775
1976	26	1	1775
1993	45	1	1774
2027	12	1	1772
2059	270	4	1770	1772	1775	1776
2066	40	1	1775
2092	49	2	1770	1777
2097	35	1	1770
2108	52	1	1772
2115	7	1	1772
2135	17	1	1775
2160	82	1	1778
2165	10	1	1777
2197	2	1	1778
2225	19	1	1770
2239	27	1	1775
2296	30	2	1771	1775
2314	24	1	1776
2339	50	1	1772
2368	50	1	1775
2375	22	1	1775
2454	58	2	1771	1775
2461	6	1	1771
2470	26	2	1770	1777
2487	5	1	1776
2516	4	1	1776
2627	31	1	1775
2642	6	1	1770
2667	15	1	1770
2674	10	1	1777
2688	29	1	1771
2693	25	1	1775
2749	26	1	1776
2799	38	1	1771
2845	25	1	1775
3009	26	1	1776
3010	7	1	1776
3037	11	1	1772
3071	4	1	1777
3193	6	1	1776
3311	4	1	1775
3400	7	1	1775
3900	1	1	1772
4031	6	1	1770
4057	4	1	1772
4088	1	1	1774
4100	2	1	1772
4230	4	1	1770
4929	1	1	1770
4949	2	1	1775
6096	1	1	1776
