2	522	1	751
3	402	3	750	754	756
9	460	2	750	751
12	126	1	751
16	286	1	751
18	318	1	750
22	52	1	751
23	134	1	752
31	254	1	752
37	139	2	752	753
40	133	3	754	756	758
41	71	2	754	756
46	63	1	751
48	257	4	751	754	756	758
49	124	1	752
50	385	4	750	751	754	756
52	57	1	756
53	219	3	750	753	754
54	733	2	750	752
55	104	1	752
60	231	1	750
65	159	1	751
67	827	7	750	751	752	754	755	756	758
69	271	1	752
71	218	1	751
75	182	1	754
91	28	1	756
95	15	1	750
96	113	1	751
103	237	2	750	756
106	27	1	754
110	43	1	751
111	30	1	751
113	15	1	758
149	63	1	751
150	16	1	751
153	49	1	754
157	64	1	750
167	516	2	751	752
171	137	1	752
176	640	4	750	752	753	754
179	121	1	752
180	221	1	751
181	147	1	753
184	42	1	752
194	40	1	759
200	79	1	752
202	306	2	752	753
203	36	1	750
204	244	2	750	752
205	241	2	750	752
225	185	1	750
230	248	2	750	756
240	128	1	755
244	18	1	754
252	193	1	754
254	20	1	759
256	137	3	754	756	758
260	98	1	750
264	224	2	750	753
279	332	1	759
280	61	1	750
285	237	1	753
286	88	1	759
291	260	1	755
294	72	1	750
296	135	2	754	756
309	30	1	752
318	211	1	750
335	232	1	752
339	70	1	754
340	24	1	750
348	173	4	750	753	754	755
349	48	1	750
353	61	1	752
372	183	2	754	756
384	205	2	751	753
391	64	1	751
392	34	1	750
402	165	1	752
403	54	1	756
405	58	1	752
422	36	1	750
442	25	1	754
451	209	1	752
453	83	1	751
454	79	2	754	756
460	155	1	752
461	27	1	752
464	11	1	750
465	79	1	752
475	194	1	752
486	41	1	756
493	75	1	750
497	106	1	756
502	98	1	752
505	5	1	758
507	8	1	756
510	111	3	754	756	758
512	202	3	752	753	758
516	36	3	750	754	756
520	80	1	752
522	291	3	750	753	755
527	2	1	754
529	709	5	750	751	752	756	758
532	91	1	752
542	165	2	751	752
545	70	1	750
567	59	1	752
574	51	1	752
595	120	1	750
596	61	1	751
607	45	1	758
627	148	1	751
629	76	1	751
642	7	1	756
643	68	1	753
645	227	1	751
651	41	1	752
664	91	1	750
670	126	1	759
673	9	1	754
690	96	1	751
694	90	1	752
695	143	2	750	753
700	32	1	752
701	107	1	752
706	6	1	752
715	250	2	750	752
718	187	1	752
721	216	1	751
733	173	2	753	755
749	62	1	750
753	47	1	754
757	20	2	754	758
766	132	2	750	752
767	49	1	750
768	15	1	750
773	57	1	753
779	58	2	751	752
786	56	1	751
793	36	1	752
800	36	1	752
818	40	2	753	758
836	27	1	754
844	317	2	750	753
848	100	1	754
850	279	1	751
852	37	1	754
862	52	1	754
866	24	1	750
867	120	1	751
881	56	1	750
894	39	1	758
900	67	1	752
912	41	1	750
931	10	1	750
936	52	1	756
941	145	2	751	755
948	190	1	751
957	75	1	754
961	65	1	755
976	75	1	751
986	108	1	752
999	21	1	753
1000	66	1	751
1011	60	1	752
1022	48	1	751
1045	186	1	752
1052	117	1	759
1058	177	1	753
1067	11	1	750
1069	138	1	751
1075	120	3	750	753	755
1080	23	2	756	758
1087	58	1	750
1091	16	1	750
1093	33	1	754
1108	92	1	751
1124	70	3	750	753	755
1136	55	1	752
1147	23	1	752
1149	42	1	751
1151	47	1	750
1168	37	1	754
1184	105	2	750	753
1190	29	1	754
1207	66	1	753
1213	80	1	758
1224	81	1	755
1227	42	1	754
1229	58	1	751
1233	59	1	752
1243	44	1	759
1264	22	1	756
1280	57	1	750
1281	15	1	758
1287	72	1	751
1303	83	1	751
1320	2	1	754
1321	63	1	752
1322	36	1	750
1323	21	1	754
1324	15	1	754
1328	5	1	756
1331	31	1	752
1357	20	1	753
1359	8	1	756
1365	53	1	752
1367	21	1	751
1410	41	1	752
1414	282	1	752
1419	30	3	754	756	758
1452	25	1	751
1460	139	2	756	758
1485	9	1	756
1505	30	3	754	756	758
1511	9	1	752
1513	1	1	756
1521	42	1	753
1527	51	1	756
1534	45	1	752
1561	45	2	756	758
1567	41	1	752
1604	20	1	753
1620	31	1	754
1636	79	1	750
1638	37	1	756
1684	53	1	750
1696	20	1	756
1708	20	1	758
1729	76	1	754
1739	16	1	750
1781	20	1	750
1796	48	1	754
1826	31	1	752
1853	37	1	755
1855	122	2	754	756
1884	164	1	750
1916	75	1	750
1925	40	1	752
1937	53	1	752
1945	57	1	750
1994	3	1	750
2026	23	1	759
2039	6	1	752
2059	270	2	750	752
2075	48	1	756
2097	35	1	753
2101	26	1	750
2105	16	1	753
2112	35	1	754
2122	22	1	750
2127	32	1	752
2155	8	1	752
2203	23	1	752
2206	22	1	753
2242	27	1	751
2244	18	1	751
2254	18	1	756
2263	15	1	758
2287	13	1	754
2296	30	1	751
2315	28	1	750
2347	9	1	756
2374	1	1	753
2381	49	1	752
2399	6	1	750
2424	28	1	759
2473	14	1	752
2479	50	1	751
2540	3	1	751
2559	5	2	754	756
2563	30	1	752
2621	7	1	750
2645	26	1	752
2693	25	1	751
2720	19	1	754
2747	3	1	750
2772	29	1	752
2785	10	1	753
2804	8	1	756
2845	25	1	751
2857	19	1	750
2860	3	1	752
2953	12	1	750
3057	5	1	752
3069	15	1	756
3118	3	1	752
3196	7	1	754
3227	7	1	753
3246	8	1	752
3270	2	1	753
3272	4	1	750
3323	38	1	752
3433	18	1	750
3519	9	1	752
3647	10	1	750
3681	4	1	752
3768	3	1	756
3932	4	1	750
3948	2	1	750
4129	3	1	753
4142	2	1	750
4178	3	1	754
4190	1	1	755
4254	1	1	750
4258	3	1	756
4371	3	1	756
4414	3	1	750
4600	7	1	750
4673	3	1	750
5221	1	1	750
5346	1	1	754
5591	2	1	750
5621	2	1	756
5887	1	1	754
6002	1	1	750
6207	1	1	754
