2	522	5	290	292	293	298	299
3	402	2	295	296
8	114	1	292
9	460	2	290	293
12	126	1	293
16	286	4	290	293	298	299
18	318	5	290	292	293	296	299
31	254	3	290	293	299
36	62	1	293
37	139	2	293	298
44	85	1	292
46	63	1	293
48	257	2	292	293
49	124	1	299
50	385	1	298
53	219	2	295	296
54	733	4	292	293	298	299
55	104	1	299
59	236	1	292
60	231	2	296	298
61	98	1	299
62	89	1	299
63	91	1	295
65	159	1	298
66	71	2	296	299
67	827	6	290	293	295	298	298	299
69	271	3	290	298	299
71	218	1	292
73	344	1	292
74	65	2	293	298
94	240	1	296
96	113	3	293	298	299
97	34	1	293
103	237	2	293	296
107	71	1	295
112	118	1	292
113	15	1	299
115	225	1	296
118	60	1	296
120	19	1	290
121	192	2	292	293
122	100	1	298
123	59	2	298	299
131	90	1	296
132	187	4	290	293	296	298
139	16	1	290
147	56	1	290
151	39	1	296
155	49	3	293	298	299
156	205	4	292	293	298	299
160	11	1	290
167	516	5	290	293	295	296	299
169	194	4	293	295	298	299
170	37	1	295
176	640	3	295	296	299
179	121	1	299
180	221	4	290	292	295	296
182	53	1	296
183	160	2	290	296
196	93	1	296
200	79	2	290	293
202	306	1	290
204	244	2	295	296
205	241	1	290
218	84	1	290
223	6	1	296
229	118	1	293
230	248	1	295
236	95	1	298
238	93	2	292	293
240	128	2	295	296
243	42	1	293
252	193	1	290
260	98	2	293	296
261	105	2	295	296
264	224	1	295
275	16	2	290	293
279	332	1	292
285	237	2	290	296
286	88	1	293
291	260	1	292
293	151	2	298	299
294	72	1	295
297	6	1	299
298	69	2	298	299
299	113	2	293	298
306	128	2	298	299
307	1	1	296
314	31	1	295
318	211	1	295
321	104	1	292
328	122	1	292
330	26	1	293
331	47	1	298
335	232	3	293	298	299
339	70	1	295
343	101	1	298
348	173	1	296
353	61	2	293	296
358	26	1	295
359	233	1	292
362	45	2	293	299
366	34	1	293
374	249	3	293	298	299
379	46	1	299
381	88	1	296
384	205	3	290	293	299
393	119	1	295
397	159	1	298
401	34	1	299
402	165	4	290	293	298	299
412	82	1	292
416	106	1	299
418	223	1	292
420	126	1	292
424	83	1	299
433	45	1	290
435	71	1	290
436	24	1	296
439	37	1	298
448	41	1	295
450	166	1	295
451	209	3	290	292	296
455	29	1	296
460	155	2	290	293
461	27	1	299
465	79	2	296	299
467	113	1	292
468	70	1	299
471	59	1	292
479	38	1	299
480	31	1	292
481	56	2	292	293
488	47	1	296
490	261	4	292	293	298	299
492	134	1	295
494	29	1	292
511	13	1	293
512	202	1	296
514	27	1	296
515	94	1	292
522	291	2	295	296
524	56	2	293	299
529	709	4	290	295	296	299
532	91	1	296
533	26	1	293
534	102	2	293	299
539	55	1	290
542	165	3	293	298	299
555	72	1	299
556	69	3	293	298	299
557	69	2	293	298
574	51	1	296
575	37	1	296
580	36	1	293
596	61	1	293
597	193	2	298	299
602	37	1	293
616	40	1	292
623	6	1	293
625	32	1	295
641	56	1	296
646	15	1	293
647	29	1	295
652	57	1	290
657	49	1	293
658	64	1	299
664	91	1	293
685	28	1	292
690	96	1	299
694	90	1	290
697	100	2	290	296
701	107	1	299
710	84	1	292
714	205	2	292	299
715	250	1	290
718	187	2	290	296
721	216	3	293	298	299
723	46	1	299
725	80	1	292
728	31	1	292
738	85	2	292	293
741	9	1	299
747	93	1	298
749	62	1	296
751	166	3	293	298	299
757	20	1	295
765	20	1	292
766	132	2	295	299
771	101	1	292
782	31	1	293
786	56	1	293
790	49	1	295
793	36	1	290
801	104	2	293	299
825	90	1	292
844	317	3	290	295	296
846	96	1	296
850	279	1	292
854	39	3	293	298	299
855	51	1	293
862	52	1	296
863	27	1	299
864	50	1	299
872	70	3	293	298	299
884	150	3	293	298	299
885	43	1	293
894	39	1	298
895	57	3	293	298	299
900	67	1	299
905	125	4	290	293	296	299
927	42	1	292
933	25	1	296
936	52	1	295
942	92	1	296
945	49	2	290	296
948	190	2	296	298
956	60	3	293	298	299
961	65	1	295
970	28	2	293	299
975	82	1	292
976	75	1	298
983	184	2	290	293
986	108	1	293
992	68	1	292
1000	66	1	293
1001	73	2	290	296
1018	42	1	293
1028	90	2	298	299
1037	44	1	292
1038	15	1	296
1040	26	1	299
1049	26	1	292
1054	19	1	290
1058	177	1	295
1074	38	1	293
1078	65	2	293	299
1087	58	1	299
1094	99	2	293	298
1096	95	1	292
1103	34	1	292
1124	70	1	295
1130	157	2	292	293
1136	55	1	299
1146	31	1	295
1175	42	1	293
1176	64	1	290
1186	12	1	292
1189	121	1	292
1191	2	1	293
1194	52	1	293
1209	24	2	298	299
1224	81	1	290
1242	42	1	296
1248	42	3	296	298	299
1256	59	1	292
1262	38	1	292
1274	63	1	299
1298	9	1	293
1303	83	2	290	293
1310	34	1	296
1321	63	1	290
1322	36	1	296
1344	47	2	290	296
1364	54	1	298
1367	21	1	299
1372	12	1	293
1378	114	1	292
1385	42	2	293	298
1409	15	1	299
1410	41	1	296
1414	282	2	296	299
1417	41	1	298
1454	26	1	293
1460	139	2	290	296
1474	36	2	293	299
1475	69	1	299
1500	52	1	290
1507	33	1	293
1521	42	1	295
1526	32	1	299
1529	33	1	299
1546	32	1	298
1570	5	1	293
1572	57	1	292
1603	55	1	290
1621	7	1	299
1622	33	1	293
1636	79	1	299
1637	11	1	293
1638	37	1	293
1660	21	1	299
1662	47	1	296
1692	54	1	298
1696	20	1	296
1710	13	1	299
1719	42	1	296
1728	97	1	290
1763	9	1	290
1790	9	1	298
1796	48	1	296
1820	9	1	299
1874	24	1	296
1912	18	1	296
1945	57	1	295
2031	21	1	290
2034	34	2	290	296
2048	31	1	292
2059	270	1	296
2071	45	1	290
2082	26	1	290
2090	22	1	296
2122	22	1	296
2125	14	1	299
2128	52	1	299
2164	3	1	299
2169	8	1	299
2192	26	1	298
2212	68	1	296
2227	3	1	296
2348	47	1	293
2362	15	1	293
2368	50	2	290	293
2449	23	1	295
2546	33	1	299
2570	1	1	299
2576	15	1	293
2615	3	1	293
2621	7	1	293
2642	6	1	295
2651	23	1	298
2706	33	1	298
2714	4	1	292
2729	23	1	299
2748	32	1	293
2834	6	1	299
2863	12	1	299
2875	22	1	293
2899	21	1	299
2906	31	1	296
2908	19	1	299
2942	1	1	290
2950	26	1	299
2955	19	1	290
3038	19	2	293	299
3085	7	1	293
3113	3	1	298
3126	15	1	298
3145	3	1	290
3181	3	1	293
3192	12	1	299
3276	20	1	299
3292	4	1	296
3295	11	1	293
3304	11	1	290
3339	3	1	296
3373	5	1	293
3392	16	1	295
3397	8	1	296
3462	10	1	293
3497	18	1	296
3670	11	1	293
3813	6	1	290
3946	3	1	290
3985	11	1	293
4009	7	1	298
4010	1	1	296
4110	1	1	296
4207	1	1	293
4318	7	1	293
4329	1	1	296
4765	2	1	292
4933	5	1	296
5437	2	1	299
5709	1	1	296
5864	1	1	296
5973	2	1	296
6104	1	1	296
