2	522	1	1799
3	402	3	1792	1794	1795
9	460	3	1792	1795	1799
16	286	2	1792	1795
18	318	1	1799
23	134	1	1792
26	18	1	1792
40	133	1	1792
41	71	1	1792
50	385	1	1792
53	219	2	1794	1795
54	733	1	1799
55	104	1	1794
62	89	1	1792
64	81	1	1792
67	827	5	1792	1794	1795	1795	1798
73	344	2	1794	1799
75	182	1	1796
83	18	1	1794
85	34	1	1799
93	42	1	1794
94	240	1	1795
103	237	1	1792
112	118	1	1799
121	192	2	1792	1799
127	31	1	1792
141	95	1	1794
156	205	1	1794
167	516	2	1795	1795
169	194	2	1794	1795
174	118	1	1792
176	640	3	1792	1794	1795
180	221	1	1799
181	147	2	1794	1795
200	79	1	1795
204	244	1	1795
205	241	2	1794	1795
229	118	1	1794
230	248	3	1792	1794	1795
232	92	1	1794
256	137	1	1792
260	98	1	1794
264	224	1	1795
279	332	2	1792	1799
294	72	1	1795
296	135	1	1794
318	211	2	1794	1795
328	122	1	1799
335	232	1	1795
348	173	1	1794
359	233	1	1799
372	183	1	1792
374	249	1	1795
375	2	1	1795
384	205	1	1794
386	312	2	1794	1799
393	119	1	1794
405	58	1	1792
416	106	1	1799
430	13	1	1795
450	166	2	1792	1794
451	209	1	1799
467	113	1	1799
493	75	2	1794	1795
522	291	2	1794	1795
529	709	4	1792	1794	1795	1799
544	101	1	1795
574	51	1	1794
595	120	3	1792	1794	1795
665	31	1	1795
667	16	1	1794
675	87	1	1792
690	96	1	1795
695	143	1	1795
703	75	1	1792
715	250	1	1795
725	80	1	1799
728	31	1	1799
733	173	2	1794	1795
743	9	2	1795	1795
766	132	1	1795
778	47	1	1792
820	36	1	1792
833	17	1	1792
844	317	2	1794	1795
850	279	1	1799
853	19	1	1792
861	115	1	1799
927	42	1	1799
934	101	1	1794
957	75	1	1792
980	24	1	1799
995	28	1	1799
1005	95	1	1792
1024	32	1	1795
1033	30	1	1792
1045	186	1	1792
1058	177	2	1794	1795
1065	54	1	1799
1075	120	1	1794
1087	58	2	1795	1795
1096	95	1	1799
1130	157	1	1799
1133	39	1	1792
1151	47	1	1795
1159	31	1	1794
1184	105	1	1795
1188	36	1	1792
1194	52	1	1792
1203	3	1	1792
1204	7	1	1798
1281	15	1	1794
1283	31	1	1799
1346	87	1	1794
1368	147	1	1799
1386	24	1	1794
1438	8	1	1799
1465	4	1	1792
1497	7	1	1794
1519	120	1	1799
1527	51	1	1795
1573	59	1	1799
1611	2	1	1794
1708	20	1	1792
1716	37	1	1792
1729	76	1	1796
1793	6	1	1794
1837	18	1	1794
1850	33	1	1799
1855	122	1	1792
1884	164	1	1792
1890	26	1	1792
1899	7	1	1794
1931	49	2	1794	1795
1945	57	1	1794
2010	12	1	1792
2015	51	1	1795
2048	31	1	1799
2058	37	1	1794
2081	6	2	1795	1795
2128	52	2	1794	1795
2208	4	1	1792
2229	1	1	1795
2280	21	2	1794	1795
2351	15	1	1792
2396	2	1	1798
2501	3	1	1794
2512	8	1	1794
2542	14	1	1792
2731	16	1	1795
2804	8	1	1792
2857	19	1	1794
2864	30	1	1795
3042	1	1	1795
3114	10	1	1792
3308	2	1	1792
3315	5	1	1794
3595	9	1	1792
3683	1	1	1792
3690	6	1	1792
3770	5	1	1795
3879	6	1	1795
3924	7	1	1792
3938	5	1	1792
3975	1	1	1794
4964	2	1	1795
5136	1	1	1792
5152	4	1	1794
5644	1	1	1795
5676	1	1	1794
5703	1	1	1794
5801	1	1	1792
5829	2	1	1795
6011	1	1	1794
