2	522	1	1677
3	402	3	1675	1678	1679
9	460	2	1674	1679
16	286	1	1679
18	318	1	1674
20	70	1	1673
24	8	1	1679
40	133	2	1675	1679
41	71	1	1679
42	52	1	1675
48	257	1	1674
50	385	2	1677	1679
53	219	1	1678
54	733	2	1673	1674
57	33	1	1674
59	236	1	1674
65	159	1	1677
67	827	2	1671	1679
73	344	1	1674
75	182	1	1675
103	237	1	1678
107	71	1	1678
115	225	1	1679
120	19	1	1679
121	192	2	1674	1677
127	31	1	1679
171	137	1	1679
174	118	1	1679
176	640	3	1675	1677	1678
178	55	1	1673
181	147	1	1678
183	160	1	1678
189	121	1	1675
190	8	1	1675
193	215	1	1673
204	244	1	1678
210	118	1	1677
219	42	1	1678
223	6	1	1678
230	248	2	1678	1679
238	93	1	1674
242	18	1	1679
244	18	1	1675
247	233	1	1675
252	193	1	1677
258	112	1	1677
260	98	1	1679
264	224	1	1678
276	69	1	1677
279	332	1	1677
280	61	1	1674
296	135	1	1678
318	211	1	1678
320	52	1	1674
328	122	1	1674
333	32	1	1673
339	70	1	1679
356	23	1	1678
359	233	1	1677
367	17	1	1674
372	183	2	1675	1679
386	312	1	1677
403	54	1	1675
418	223	2	1673	1677
420	126	1	1677
422	36	1	1678
436	24	1	1679
450	166	1	1678
458	18	1	1679
460	155	2	1673	1674
462	26	1	1679
475	194	1	1679
481	56	1	1674
486	41	1	1675
490	261	1	1674
491	74	1	1677
497	106	1	1675
506	5	1	1679
508	72	1	1675
510	111	2	1675	1679
514	27	1	1679
516	36	2	1675	1679
519	77	1	1675
522	291	1	1678
528	45	1	1679
529	709	2	1674	1678
530	78	1	1677
537	231	2	1675	1679
545	70	1	1679
592	32	1	1674
595	120	1	1679
599	69	1	1674
626	28	1	1678
634	18	1	1678
635	84	1	1677
637	17	1	1679
643	68	1	1678
661	24	1	1679
675	87	1	1679
682	26	1	1677
685	28	1	1674
688	133	1	1673
692	70	1	1679
703	75	1	1679
707	212	2	1675	1679
738	85	1	1674
752	214	1	1678
764	51	1	1677
767	49	1	1678
769	124	1	1674
770	58	1	1673
777	114	1	1679
813	39	1	1679
814	171	1	1679
817	10	1	1675
836	27	1	1675
842	137	1	1677
844	317	1	1678
848	100	1	1675
850	279	1	1674
867	120	1	1678
894	39	1	1679
912	41	1	1679
913	13	1	1675
921	113	1	1673
931	10	2	1675	1679
936	52	1	1678
948	190	1	1679
957	75	1	1679
975	82	1	1674
1012	71	2	1673	1677
1016	26	1	1679
1049	26	1	1674
1052	117	1	1673
1058	177	1	1675
1069	138	1	1679
1075	120	1	1678
1098	12	1	1673
1103	34	1	1674
1115	6	1	1679
1128	48	1	1673
1130	157	1	1674
1131	47	1	1673
1133	39	1	1679
1142	1	1	1678
1155	6	1	1679
1182	16	1	1678
1184	105	1	1678
1187	18	1	1677
1188	36	1	1679
1189	121	1	1674
1190	29	1	1675
1236	16	1	1677
1247	39	1	1674
1270	15	1	1677
1277	13	1	1679
1293	32	1	1673
1307	22	1	1679
1327	34	1	1675
1335	20	1	1674
1336	48	2	1677	1678
1346	87	1	1677
1368	147	1	1677
1376	162	1	1673
1414	282	1	1675
1419	30	1	1675
1420	51	1	1677
1489	19	1	1679
1524	76	1	1674
1536	15	1	1677
1540	32	1	1677
1541	26	1	1674
1556	24	1	1674
1571	110	1	1677
1575	53	1	1677
1603	55	1	1677
1620	31	1	1675
1636	79	2	1675	1679
1658	6	1	1673
1670	4	1	1671
1672	5	1	1673
1678	12	1	1675
1703	17	1	1673
1726	27	1	1673
1728	97	1	1678
1736	69	1	1679
1754	77	1	1673
1787	24	1	1678
1825	5	1	1679
1831	89	1	1673
1855	122	1	1679
1952	15	1	1675
2008	3	1	1674
2015	51	2	1675	1679
2052	1	1	1675
2059	270	1	1674
2080	7	1	1677
2105	16	1	1678
2160	82	1	1677
2170	35	1	1678
2188	68	2	1674	1677
2255	37	1	1678
2263	15	1	1675
2345	4	1	1679
2377	9	1	1673
2390	12	1	1675
2454	58	1	1679
2469	45	1	1678
2537	7	1	1675
2555	19	1	1673
2566	10	1	1678
2623	19	1	1674
2649	10	1	1679
2672	13	1	1678
2757	1	1	1675
2788	24	1	1679
2919	3	1	1679
2922	8	1	1679
3069	15	1	1679
3161	1	1	1671
3198	7	1	1674
3254	1	1	1671
3473	9	1	1677
3674	10	1	1677
3769	19	1	1675
3827	3	1	1674
3880	9	1	1675
4297	1	1	1678
4298	3	1	1675
4390	4	1	1674
4412	3	1	1678
4484	1	1	1671
4685	7	1	1678
5054	1	1	1677
5146	4	1	1674
5153	1	1	1675
5210	3	1	1679
5666	1	1	1677
5827	1	1	1671
6154	1	1	1675
