3	402	2	1885	1889
8	114	2	1881	1881
9	460	3	1881	1881	1885
11	20	1	1881
18	318	2	1881	1881
23	134	1	1885
28	25	1	1889
31	254	1	1880
33	25	1	1889
46	63	2	1880	1885
47	5	1	1885
50	385	2	1880	1889
53	219	1	1885
54	733	3	1881	1881	1887
59	236	2	1887	1887
65	159	1	1881
67	827	2	1880	1889
69	271	1	1885
71	218	2	1881	1881
73	344	1	1880
75	182	1	1889
78	7	1	1887
87	54	1	1887
103	237	2	1881	1881
112	118	1	1881
127	31	1	1889
133	113	1	1887
149	63	1	1881
157	64	1	1889
162	75	3	1881	1881	1881
167	516	1	1885
174	118	1	1889
176	640	3	1880	1881	1885
177	53	2	1887	1887
181	147	1	1885
183	160	1	1885
189	121	1	1889
210	118	1	1881
225	185	3	1881	1881	1881
229	118	1	1880
230	248	1	1885
236	95	1	1880
256	137	1	1889
258	112	1	1887
262	57	1	1881
264	224	1	1885
279	332	1	1881
285	237	1	1885
286	88	1	1885
291	260	2	1881	1881
315	40	1	1885
318	211	1	1885
328	122	2	1881	1881
341	50	2	1881	1881
348	173	1	1889
353	61	1	1880
359	233	1	1881
372	183	1	1889
373	88	1	1881
374	249	1	1880
384	205	1	1880
386	312	2	1881	1887
397	159	2	1881	1881
403	54	1	1889
410	48	1	1881
416	106	1	1881
418	223	1	1887
419	6	1	1887
422	36	1	1881
432	56	1	1881
435	71	1	1880
436	24	1	1885
450	166	2	1885	1889
454	79	1	1889
475	194	1	1889
492	134	1	1881
512	202	1	1885
518	31	1	1885
522	291	1	1885
529	709	3	1880	1885	1889
546	39	1	1885
577	29	2	1887	1887
597	193	1	1880
626	28	1	1885
627	148	1	1880
643	68	1	1885
645	227	1	1880
656	103	2	1881	1881
666	34	1	1880
670	126	1	1887
675	87	1	1889
695	143	1	1880
704	88	1	1887
710	84	1	1881
714	205	2	1881	1887
715	250	1	1885
721	216	1	1880
726	27	1	1881
734	50	2	1880	1881
749	62	1	1885
751	166	1	1880
767	49	1	1885
771	101	1	1887
777	114	1	1889
813	39	1	1885
820	36	1	1885
823	115	1	1881
844	317	1	1885
850	279	1	1881
861	115	1	1885
895	57	1	1880
897	17	2	1881	1881
903	77	1	1881
921	113	2	1887	1887
932	22	1	1885
944	54	1	1889
948	190	3	1881	1881	1885
978	41	1	1887
983	184	1	1885
990	46	1	1881
992	68	1	1887
996	15	1	1881
998	101	2	1887	1887
1001	73	1	1889
1005	95	1	1889
1045	186	1	1885
1058	177	1	1889
1070	77	1	1889
1075	120	1	1885
1086	16	1	1881
1096	95	3	1881	1881	1881
1128	48	1	1887
1151	47	1	1885
1159	31	1	1885
1168	37	1	1881
1184	105	1	1885
1189	121	2	1881	1881
1216	108	1	1881
1229	58	1	1881
1230	15	1	1885
1242	42	1	1885
1293	32	1	1887
1299	66	1	1881
1322	36	1	1885
1348	19	1	1889
1360	64	1	1887
1364	54	1	1881
1366	7	1	1880
1368	147	2	1881	1881
1378	114	1	1881
1391	21	1	1889
1414	282	1	1887
1415	22	1	1887
1433	107	1	1881
1493	40	1	1889
1505	30	1	1889
1521	42	1	1885
1524	76	1	1887
1527	51	1	1885
1534	45	1	1889
1571	110	2	1887	1887
1641	5	1	1885
1658	6	1	1885
1685	67	2	1881	1881
1719	42	1	1885
1728	97	1	1880
1729	76	2	1881	1881
1762	57	1	1881
1788	12	1	1881
1801	69	1	1881
1813	19	2	1887	1887
1855	122	1	1889
1876	10	1	1881
1884	164	1	1885
1886	32	1	1881
1894	6	1	1880
1993	45	1	1881
2044	29	1	1889
2046	105	1	1882
2098	14	1	1889
2131	44	1	1881
2136	12	1	1881
2188	68	1	1881
2223	2	1	1880
2239	27	1	1887
2242	27	1	1881
2259	10	2	1881	1881
2315	28	1	1885
2348	47	1	1880
2353	40	1	1887
2424	28	1	1887
2433	15	1	1887
2469	45	1	1885
2515	1	1	1880
2517	18	1	1885
2529	5	1	1881
2553	21	1	1881
2576	15	1	1880
2623	19	1	1881
2627	31	1	1881
2660	2	1	1885
2683	11	1	1885
2748	32	1	1880
2771	1	1	1882
2787	16	2	1881	1881
2808	27	1	1880
2931	2	1	1885
3085	7	1	1885
3099	3	1	1885
3155	20	2	1881	1881
3183	6	1	1881
3264	4	1	1885
3624	6	1	1887
3824	3	1	1880
4032	1	1	1885
4249	3	1	1880
4264	1	1	1885
4373	2	1	1889
4495	1	1	1882
4753	2	1	1887
4902	1	1	1885
4919	1	1	1885
5184	3	1	1887
5479	2	1	1885
5669	1	1	1889
6009	1	1	1885
6027	1	1	1885
6060	1	1	1885
