2	522	4	1430	1431	1432	1438
9	460	4	1431	1432	1434	1438
12	126	1	1431
16	286	2	1430	1432
18	318	1	1431
31	254	2	1430	1432
46	63	1	1431
48	257	1	1431
50	385	1	1430
54	733	1	1434
59	236	2	1431	1438
60	231	1	1434
61	98	1	1438
62	89	1	1431
65	159	2	1431	1438
67	827	1	1431
69	271	1	1432
71	218	1	1431
73	344	2	1431	1434
85	34	2	1431	1438
94	240	1	1432
103	237	2	1430	1432
112	118	1	1434
115	225	1	1432
121	192	2	1434	1438
131	90	2	1430	1431
132	187	1	1432
133	113	2	1432	1434
143	116	1	1432
163	16	1	1431
167	516	2	1431	1432
172	79	1	1431
176	640	3	1431	1432	1434
180	221	2	1431	1434
182	53	1	1432
183	160	1	1432
191	49	2	1430	1432
196	93	1	1430
200	79	1	1432
202	306	1	1432
204	244	1	1432
205	241	1	1432
210	118	1	1438
225	185	2	1431	1438
240	128	1	1432
243	42	1	1431
247	233	1	1430
251	11	1	1432
258	112	1	1431
260	98	1	1431
262	57	1	1431
279	332	2	1434	1438
291	260	2	1431	1434
318	211	1	1432
320	52	1	1431
321	104	1	1431
323	39	2	1430	1432
333	32	1	1438
343	101	1	1431
359	233	2	1434	1438
362	45	1	1431
371	26	1	1431
373	88	1	1434
386	312	3	1431	1434	1438
391	64	1	1431
397	159	1	1434
409	36	1	1431
412	82	2	1431	1438
418	223	1	1438
420	126	1	1431
432	56	1	1434
437	26	1	1431
444	28	2	1430	1432
453	83	1	1431
456	54	1	1431
467	113	1	1434
477	4	1	1438
484	23	1	1438
488	47	1	1431
490	261	1	1438
494	29	1	1431
522	291	2	1430	1432
529	709	2	1431	1432
530	78	2	1431	1438
532	91	1	1432
542	165	1	1431
558	64	1	1431
561	130	2	1434	1438
593	56	1	1434
594	125	1	1431
597	193	1	1431
599	69	1	1431
627	148	1	1430
628	47	1	1431
635	84	1	1438
641	56	1	1432
645	227	2	1431	1438
658	64	1	1431
670	126	1	1438
680	45	1	1438
688	133	2	1431	1438
690	96	1	1431
692	70	1	1431
694	90	1	1432
695	143	1	1431
701	107	1	1432
710	84	1	1434
721	216	1	1431
726	27	1	1431
733	173	1	1430
734	50	1	1431
736	16	1	1431
738	85	1	1431
747	93	1	1431
752	214	1	1432
769	124	2	1431	1438
785	71	2	1431	1434
786	56	1	1431
800	36	1	1431
825	90	1	1431
828	15	1	1432
842	137	1	1431
844	317	1	1432
846	96	2	1430	1432
850	279	2	1431	1434
861	115	2	1431	1438
874	11	1	1431
881	56	2	1431	1434
884	150	2	1431	1432
899	65	2	1430	1432
916	45	1	1430
919	53	1	1438
921	113	1	1438
941	145	1	1431
946	75	2	1431	1438
948	190	2	1431	1438
976	75	2	1431	1434
1003	15	1	1430
1017	20	1	1430
1022	48	1	1431
1033	30	1	1430
1036	59	1	1431
1041	49	1	1431
1080	23	1	1430
1108	92	1	1431
1118	15	1	1430
1130	157	1	1434
1148	78	1	1431
1149	42	1	1431
1189	121	1	1434
1216	108	1	1431
1218	14	1	1430
1247	39	1	1434
1286	28	1	1431
1303	83	1	1431
1327	34	1	1431
1335	20	1	1431
1336	48	1	1431
1346	87	1	1438
1378	114	1	1431
1385	42	1	1431
1399	39	1	1438
1414	282	1	1432
1424	57	1	1438
1429	34	1	1430
1437	4	1	1438
1452	25	1	1431
1454	26	1	1434
1460	139	1	1432
1471	7	1	1430
1480	29	1	1431
1500	52	1	1432
1515	25	1	1438
1516	20	1	1434
1519	120	1	1431
1531	41	1	1438
1540	32	1	1438
1571	110	1	1438
1582	74	1	1430
1591	36	1	1430
1629	73	1	1432
1662	47	2	1430	1432
1668	13	1	1431
1691	7	1	1434
1695	47	1	1431
1736	69	1	1430
1797	64	1	1430
1846	48	1	1430
1878	6	1	1438
1905	34	1	1438
1920	16	1	1438
1939	66	1	1431
1993	45	1	1431
2000	13	1	1430
2042	3	1	1430
2053	37	1	1438
2066	40	1	1430
2111	28	1	1438
2149	29	1	1438
2160	82	1	1438
2194	23	1	1432
2206	22	1	1430
2256	1	1	1432
2296	30	1	1431
2314	24	1	1434
2339	50	1	1431
2350	8	1	1430
2386	5	1	1430
2454	58	1	1431
2478	10	1	1431
2562	7	1	1434
2693	25	1	1431
2706	33	1	1431
2845	25	1	1431
2874	4	1	1438
2883	23	1	1431
2926	16	1	1431
3059	18	1	1438
3119	3	1	1430
3154	2	1	1432
3319	4	1	1431
3485	3	1	1434
3515	7	1	1430
3538	1	1	1431
3620	2	1	1432
3716	1	1	1430
4524	2	1	1432
4656	1	1	1430
5064	2	1	1430
5148	1	1	1430
6250	1	1	1438
6253	1	1	1430
