2	522	1	666
3	402	5	660	661	664	665	665
9	460	2	664	669
10	30	1	663
12	126	1	666
14	136	2	663	663
16	286	3	664	666	669
18	318	2	664	666
19	91	1	660
31	254	2	666	669
37	139	1	664
40	133	2	660	665
41	71	1	661
42	52	1	661
48	257	1	666
50	385	2	660	665
53	219	2	665	668
54	733	2	663	669
55	104	1	669
61	98	1	666
62	89	2	665	666
63	91	1	665
64	81	1	664
67	827	7	660	661	664	665	665	666	669
73	344	1	666
75	182	1	665
77	63	1	669
89	39	1	663
93	42	1	665
94	240	1	665
100	35	1	666
103	237	1	664
106	27	1	665
107	71	1	668
115	225	2	660	665
120	19	1	664
121	192	1	666
123	59	1	669
134	18	2	665	665
140	29	1	666
143	116	1	664
145	64	1	663
158	258	1	663
165	38	1	665
167	516	1	669
172	79	1	666
176	640	1	668
177	53	1	663
178	55	1	663
181	147	1	665
183	160	1	664
189	121	3	661	665	668
195	21	1	663
202	306	1	669
203	36	1	664
204	244	1	669
205	241	1	669
219	42	1	664
229	118	1	666
230	248	2	664	665
231	25	1	665
232	92	2	664	665
238	93	1	666
240	128	1	664
242	18	1	660
247	233	2	661	669
256	137	2	660	665
264	224	1	664
278	49	1	664
285	237	1	665
291	260	4	660	664	666	668
296	135	1	664
302	22	1	666
319	45	1	660
323	39	1	660
328	122	1	666
335	232	1	669
343	101	1	666
348	173	1	664
372	183	3	660	661	665
386	312	1	664
393	119	3	660	664	665
395	34	1	665
397	159	1	666
403	54	2	660	665
426	110	1	663
441	80	2	660	661
442	25	1	664
450	166	3	661	665	665
453	83	1	666
456	54	1	666
479	38	1	669
488	47	1	665
490	261	1	666
496	30	1	669
497	106	1	664
499	36	1	665
510	111	1	665
512	202	2	664	665
522	291	4	661	665	665	668
528	45	1	669
529	709	4	660	664	666	669
537	231	2	664	665
542	165	1	669
544	101	1	669
545	70	1	664
547	33	2	661	665
559	87	1	663
568	25	1	669
584	69	1	663
586	93	1	669
594	125	1	666
595	120	1	664
597	193	2	666	669
607	45	1	661
628	47	1	666
635	84	1	666
645	227	1	666
655	50	1	666
659	1	1	660
661	24	1	660
662	2	1	663
667	16	1	668
675	87	2	660	665
707	212	1	665
715	250	3	661	665	665
718	187	1	669
721	216	1	669
733	173	1	665
734	50	2	660	669
740	85	2	660	664
742	1	1	664
765	20	1	666
769	124	2	664	666
777	114	2	661	664
778	47	2	664	665
782	31	1	666
786	56	1	666
787	14	1	660
789	139	2	660	665
797	35	1	660
800	36	1	664
816	37	2	660	665
820	36	1	665
825	90	1	666
843	51	1	664
844	317	1	665
848	100	2	660	661
850	279	2	666	669
852	37	1	665
853	19	1	664
870	28	1	663
921	113	1	663
928	29	1	666
942	92	1	665
957	75	1	661
961	65	1	665
976	75	1	666
983	184	1	666
992	68	1	663
1005	95	2	660	665
1012	71	1	663
1030	17	1	669
1045	186	3	660	665	669
1058	177	1	664
1069	138	1	665
1070	77	1	664
1087	58	1	664
1097	5	1	663
1108	92	1	660
1124	70	1	665
1130	157	1	666
1133	39	1	665
1135	14	1	669
1156	82	1	664
1163	10	1	666
1165	21	1	663
1189	121	1	666
1192	8	1	663
1195	153	1	663
1213	80	1	665
1224	81	1	665
1238	23	1	661
1263	9	1	660
1280	57	2	664	668
1282	51	2	665	665
1283	31	1	666
1287	72	1	666
1303	83	1	666
1334	5	1	664
1346	87	1	669
1348	19	1	661
1350	30	1	666
1376	162	1	663
1414	282	1	669
1433	107	1	665
1468	38	2	663	663
1475	69	1	669
1477	39	1	664
1480	29	1	666
1493	40	2	661	665
1531	41	1	666
1561	45	1	661
1580	58	1	661
1608	4	1	668
1630	15	1	665
1635	19	2	660	665
1657	33	1	669
1669	7	1	663
1684	53	1	664
1707	22	1	666
1740	30	1	663
1743	55	1	669
1753	40	1	666
1756	6	1	669
1762	57	1	669
1769	16	1	664
1782	26	1	663
1793	6	1	668
1808	47	1	669
1846	48	1	663
1855	122	2	661	664
1856	15	1	661
1875	10	1	661
1884	164	1	663
1931	49	1	660
1939	66	1	666
2025	16	1	666
2048	31	1	666
2075	48	1	661
2092	49	1	664
2100	20	1	664
2133	29	1	666
2160	82	1	669
2170	35	3	661	665	665
2188	68	1	666
2200	10	1	664
2222	20	1	664
2275	8	1	669
2320	3	1	661
2474	57	1	666
2478	10	1	666
2568	43	1	661
2574	5	1	660
2581	5	1	663
2601	12	1	663
2651	23	1	664
2674	10	1	660
2688	29	1	666
2784	18	1	664
2789	6	1	661
2922	8	1	664
2926	16	1	669
3014	29	1	665
3071	4	1	665
3185	31	1	664
3214	1	1	660
3295	11	1	669
3381	13	1	660
3612	3	1	666
3698	4	1	669
3845	3	1	669
3951	9	1	664
3962	9	1	661
4116	1	1	665
4258	3	1	661
4269	3	1	664
4371	3	1	664
4422	1	1	661
4516	3	1	660
4583	2	1	665
4677	4	1	661
4747	1	1	660
4795	2	1	660
4809	1	1	669
4858	2	1	665
5022	1	1	664
5058	2	1	665
5115	1	1	663
5452	1	1	664
5628	1	1	663
5837	1	1	668
