2	522	1	1279
9	460	1	1279
10	30	1	1272
14	136	2	1272	1275
16	286	1	1279
18	318	2	1278	1279
19	91	1	1278
20	70	1	1272
22	52	1	1278
23	134	2	1273	1278
37	139	1	1278
41	71	1	1277
46	63	2	1278	1279
48	257	1	1279
50	385	3	1271	1277	1278
54	733	1	1272
59	236	2	1271	1279
60	231	1	1279
66	71	1	1278
67	827	3	1277	1278	1279
69	271	1	1278
71	218	2	1271	1279
77	63	1	1272
79	87	1	1271
83	18	1	1273
89	39	1	1275
96	113	1	1279
103	237	1	1278
118	60	1	1278
132	187	1	1279
141	95	2	1271	1272
142	23	1	1275
145	64	1	1275
158	258	3	1271	1272	1275
167	516	2	1278	1279
176	640	2	1271	1278
177	53	1	1272
178	55	1	1272
181	147	1	1273
183	160	1	1278
193	215	1	1271
202	306	1	1278
205	241	1	1278
210	118	1	1271
218	84	1	1278
225	185	1	1271
247	233	1	1278
252	193	2	1271	1278
254	20	1	1272
256	137	1	1277
267	58	1	1279
272	63	1	1272
273	12	1	1272
283	25	1	1279
285	237	1	1278
286	88	1	1272
291	260	1	1279
293	151	1	1278
299	113	1	1278
306	128	1	1278
341	50	1	1271
356	23	1	1271
359	233	1	1271
372	183	1	1277
374	249	1	1279
384	205	1	1278
402	165	1	1278
418	223	1	1271
420	126	1	1271
426	110	1	1272
433	45	1	1278
439	37	1	1279
455	29	1	1278
471	59	1	1271
475	194	1	1278
490	261	1	1279
505	5	1	1277
508	72	1	1278
512	202	1	1278
515	94	1	1272
520	80	1	1278
524	56	1	1273
529	709	2	1278	1279
532	91	1	1278
539	55	1	1278
543	12	1	1278
559	87	2	1272	1275
561	130	1	1271
564	50	2	1273	1278
574	51	1	1278
584	69	1	1272
586	93	1	1271
594	125	1	1279
597	193	1	1279
598	18	1	1272
599	69	1	1279
621	23	1	1279
645	227	1	1279
652	57	1	1278
664	91	1	1279
670	126	1	1271
688	133	2	1271	1278
690	96	1	1279
710	84	1	1272
714	205	2	1271	1279
715	250	1	1278
718	187	1	1278
721	216	2	1278	1279
726	27	1	1271
733	173	1	1273
747	93	1	1279
752	214	1	1278
766	132	1	1278
769	124	1	1271
770	58	2	1272	1275
778	47	1	1277
789	139	2	1271	1273
793	36	1	1278
823	115	1	1279
831	34	1	1273
844	317	1	1278
846	96	1	1278
850	279	1	1279
854	39	1	1279
861	115	1	1278
867	120	1	1279
872	70	1	1278
884	150	1	1279
905	125	1	1278
919	53	1	1271
920	47	1	1278
921	113	2	1271	1272
925	46	1	1278
934	101	1	1278
944	54	1	1273
948	190	1	1279
983	184	1	1279
991	20	1	1279
992	68	1	1271
1001	73	2	1278	1279
1024	32	1	1278
1028	90	1	1279
1052	117	1	1271
1054	19	1	1278
1058	177	1	1279
1069	138	1	1279
1087	58	1	1278
1116	26	1	1271
1124	70	1	1273
1128	48	2	1272	1275
1129	83	1	1272
1136	55	1	1279
1148	78	1	1279
1149	42	1	1279
1168	37	1	1278
1176	64	1	1278
1183	25	1	1277
1187	18	1	1271
1195	153	1	1272
1224	81	1	1278
1252	88	2	1278	1279
1257	18	1	1279
1261	54	1	1271
1270	15	1	1271
1276	3	1	1277
1293	32	1	1271
1297	52	1	1279
1321	63	1	1278
1331	31	1	1278
1336	48	1	1271
1337	58	1	1279
1344	47	1	1278
1368	147	1	1271
1374	51	1	1278
1376	162	2	1272	1275
1385	42	1	1279
1411	31	1	1278
1420	51	1	1271
1468	38	1	1272
1480	29	1	1279
1500	52	1	1278
1504	41	1	1279
1519	120	1	1279
1532	27	1	1279
1561	45	1	1277
1571	110	1	1271
1575	53	1	1271
1579	53	1	1272
1587	16	1	1277
1629	73	1	1278
1638	37	1	1279
1639	3	1	1277
1679	15	1	1278
1703	17	1	1272
1736	69	1	1278
1754	77	1	1272
1781	20	1	1273
1784	28	1	1272
1786	1	1	1279
1801	69	1	1272
1808	47	1	1279
1812	39	1	1272
1846	48	1	1271
1854	32	1	1272
1884	164	1	1271
1918	9	1	1271
1922	21	1	1279
1925	40	1	1278
1927	56	1	1271
1931	49	1	1273
1937	53	1	1278
1952	15	1	1277
1977	26	1	1278
2031	21	1	1278
2045	21	1	1272
2053	37	1	1271
2058	37	1	1273
2059	270	1	1278
2077	13	1	1279
2110	5	1	1271
2123	13	1	1271
2125	14	1	1279
2127	32	1	1279
2136	12	1	1277
2160	82	1	1271
2183	3	1	1279
2212	68	1	1279
2291	29	1	1279
2367	8	1	1279
2478	10	1	1279
2521	17	1	1278
2555	19	1	1272
2558	10	1	1277
2618	21	1	1271
2625	15	1	1278
2631	10	1	1279
2825	10	1	1272
2851	14	1	1279
3009	26	1	1275
3473	9	1	1271
3489	2	1	1277
3490	8	1	1272
3554	4	1	1278
3566	4	1	1277
3674	10	1	1271
3691	19	1	1279
3752	3	1	1275
3841	4	1	1275
3849	2	1	1278
4050	7	1	1278
4080	3	1	1279
4106	4	1	1279
4514	1	1	1278
4639	1	1	1278
5087	6	1	1278
5185	1	1	1278
5847	2	1	1278
