2	522	1	2182
3	402	1	2180
9	460	2	2180	2182
19	91	1	2180
20	70	1	2187
50	385	2	2180	2182
52	57	1	2180
54	733	3	2182	2186	2187
59	236	1	2186
65	159	1	2184
66	71	1	2180
67	827	2	2180	2182
73	344	1	2182
77	63	1	2186
103	237	1	2180
121	192	1	2182
142	23	1	2187
153	49	1	2180
156	205	1	2182
158	258	2	2184	2187
176	640	1	2182
193	215	1	2184
230	248	1	2180
248	38	1	2182
252	193	2	2180	2184
256	137	1	2180
272	63	1	2186
279	332	1	2184
291	260	1	2180
302	22	1	2182
311	42	1	2187
323	39	1	2180
343	101	1	2182
359	233	2	2182	2184
372	183	1	2180
384	205	1	2180
386	312	3	2182	2184	2186
398	22	1	2184
418	223	1	2186
420	126	1	2184
428	52	1	2186
451	209	1	2186
453	83	1	2182
467	113	1	2182
475	194	1	2180
490	261	2	2182	2186
491	74	1	2184
493	75	1	2186
499	36	1	2180
504	26	1	2180
512	202	1	2180
529	709	2	2180	2182
537	231	1	2180
561	130	2	2184	2186
594	125	1	2182
601	23	1	2180
629	76	1	2182
645	227	2	2182	2184
654	17	1	2187
663	44	1	2186
670	126	1	2186
675	87	1	2180
692	70	1	2182
695	143	1	2182
700	32	1	2182
703	75	1	2180
710	84	1	2186
714	205	1	2182
725	80	1	2184
728	31	1	2184
732	45	1	2180
740	85	1	2186
760	41	1	2186
772	37	1	2187
777	114	1	2180
789	139	1	2184
801	104	2	2182	2186
824	85	1	2186
850	279	1	2182
859	26	1	2186
903	77	1	2182
946	75	1	2184
1005	95	1	2180
1012	71	1	2187
1017	20	1	2182
1045	186	1	2180
1047	144	2	2184	2186
1075	120	1	2180
1093	33	1	2180
1128	48	1	2187
1130	157	1	2186
1133	39	1	2180
1195	153	2	2186	2187
1236	16	1	2187
1261	54	1	2187
1299	66	1	2182
1368	147	1	2184
1376	162	1	2187
1391	21	1	2180
1414	282	1	2184
1434	13	1	2182
1444	3	1	2182
1454	26	1	2182
1468	38	1	2187
1469	13	1	2184
1489	19	1	2180
1524	76	1	2186
1536	15	1	2184
1571	110	2	2184	2186
1572	57	1	2184
1604	20	1	2180
1653	56	1	2180
1685	67	1	2184
1729	76	1	2182
1754	77	1	2187
1808	47	1	2180
1855	122	1	2180
1864	18	1	2182
1914	8	1	2187
2029	10	1	2186
2046	105	1	2187
2059	270	2	2186	2187
2108	52	1	2184
2112	35	1	2182
2160	82	1	2186
2255	37	1	2180
2368	50	1	2186
2469	45	1	2180
2484	8	1	2187
2568	43	1	2186
2770	7	1	2180
2787	16	1	2182
2788	24	1	2180
2877	3	1	2180
2890	3	1	2180
3009	26	1	2186
3108	2	1	2187
3138	6	1	2180
3255	2	1	2186
3291	1	1	2182
3490	8	1	2187
3639	8	1	2186
3842	2	1	2186
3857	10	1	2180
4024	20	1	2187
4222	5	1	2180
4454	2	1	2180
4518	3	1	2180
4601	4	1	2180
4651	1	1	2182
4671	3	1	2182
4946	1	1	2180
5114	2	1	2182
5969	1	1	2184
