2	522	3	225	226	229
3	402	3	220	221	222
8	114	1	225
9	460	3	220	225	226
10	30	1	227
14	136	1	227
16	286	2	220	229
18	318	1	226
19	91	3	221	222	228
20	70	1	227
22	52	1	222
23	134	2	221	224
28	25	1	220
31	254	1	229
37	139	1	228
40	133	2	220	222
41	71	2	220	222
42	52	1	221
48	257	1	229
49	124	1	228
50	385	2	221	222
52	57	1	220
53	219	1	224
54	733	6	225	225	226	227	228	229
55	104	1	228
59	236	1	225
60	231	3	224	227	228
61	98	1	225
62	89	1	222
64	81	2	222	224
65	159	1	225
67	827	5	220	221	222	228	229
69	271	1	228
71	218	1	225
73	344	1	225
74	65	1	229
79	87	1	227
91	28	1	220
94	240	2	222	224
96	113	1	229
103	237	2	224	225
106	27	1	222
108	55	1	227
115	225	1	220
116	15	1	220
118	60	1	224
121	192	2	225	226
126	41	1	220
127	31	1	222
129	5	1	228
133	113	1	225
151	39	1	224
153	49	1	220
156	205	1	229
157	64	1	220
162	75	2	225	226
165	38	1	220
167	516	2	228	229
171	137	2	220	224
172	79	1	222
174	118	1	224
176	640	5	220	224	225	228	229
178	55	1	227
179	121	1	229
180	221	2	224	225
181	147	1	224
183	160	1	224
193	215	1	227
202	306	1	228
203	36	1	224
204	244	2	224	228
205	241	1	228
210	118	3	225	225	226
221	3	1	222
223	6	1	224
225	185	1	226
230	248	2	220	224
232	92	1	221
236	95	1	229
240	128	1	220
247	233	2	222	228
248	38	1	224
252	193	1	226
254	20	1	227
256	137	2	220	222
264	224	2	221	224
276	69	1	225
277	37	1	220
279	332	3	224	225	226
280	61	1	225
285	237	2	222	224
294	72	1	220
296	135	2	220	224
303	42	1	226
306	128	1	229
318	211	2	220	224
321	104	1	225
323	39	2	221	222
327	4	1	225
331	47	1	220
335	232	2	228	229
345	54	1	229
348	173	1	220
353	61	1	220
359	233	3	220	225	226
372	183	1	220
373	88	1	226
374	249	2	228	229
384	205	1	224
386	312	3	225	225	226
397	159	2	225	226
402	165	1	228
410	48	1	226
418	223	2	225	227
420	126	2	225	225
426	110	1	227
428	52	1	222
436	24	1	220
439	37	1	229
441	80	2	220	224
448	41	1	221
450	166	2	220	224
451	209	1	228
454	79	1	220
458	18	1	220
460	155	1	220
465	79	1	224
467	113	1	226
471	59	1	225
475	194	1	228
482	42	1	222
490	261	1	225
491	74	1	225
492	134	1	222
493	75	1	224
497	106	1	220
499	36	1	222
502	98	1	226
510	111	1	221
512	202	2	220	222
518	31	1	228
519	77	1	220
522	291	1	224
528	45	1	228
529	709	5	220	222	224	228	229
532	91	1	228
537	231	3	220	221	229
542	165	2	228	229
545	70	1	224
546	39	1	224
549	12	1	228
559	87	1	227
566	6	1	220
567	59	1	228
575	37	1	228
584	69	1	227
595	120	1	220
597	193	2	222	229
610	34	2	220	229
612	55	1	224
620	17	1	220
627	148	1	229
635	84	1	225
637	17	2	222	225
643	68	1	224
645	227	1	229
661	24	1	222
675	87	1	222
682	26	1	226
688	133	2	225	225
692	70	1	226
695	143	1	229
699	43	1	228
703	75	1	220
704	88	1	225
707	212	2	221	222
715	250	1	228
718	187	1	228
721	216	1	229
725	80	1	226
733	173	1	224
740	85	1	228
747	93	1	229
749	62	2	220	224
752	214	2	220	228
753	47	2	220	224
764	51	2	225	225
765	20	1	226
766	132	2	228	229
770	58	1	227
777	114	3	220	221	222
786	56	1	229
788	4	1	228
798	40	1	221
803	10	1	220
814	171	1	228
823	115	1	225
832	32	1	222
840	79	1	220
842	137	1	225
844	317	1	224
846	96	1	220
848	100	3	220	221	222
861	115	2	225	228
881	56	1	225
894	39	1	220
903	77	1	228
912	41	1	220
918	3	1	225
926	33	1	228
933	25	1	220
940	14	1	228
945	49	2	220	228
948	190	2	225	226
950	15	1	229
957	75	1	220
975	82	1	226
999	21	1	224
1001	73	1	229
1002	106	1	225
1005	95	2	221	222
1032	33	1	225
1045	186	2	222	224
1052	117	1	228
1054	19	1	228
1058	177	1	221
1069	138	1	222
1075	120	1	224
1079	24	1	225
1080	23	1	220
1093	33	1	220
1121	109	2	225	226
1141	4	1	224
1151	47	2	222	224
1162	5	1	226
1165	21	1	227
1183	25	1	222
1184	105	1	224
1190	29	2	220	221
1195	153	1	227
1207	66	1	222
1213	80	1	222
1216	108	2	225	226
1230	15	1	220
1233	59	1	228
1242	42	1	224
1246	6	1	224
1251	27	1	226
1252	88	1	228
1254	10	1	222
1264	22	1	220
1278	14	1	224
1300	40	1	222
1302	2	1	224
1323	21	1	220
1337	58	1	225
1368	147	1	225
1374	51	1	228
1376	162	1	227
1385	42	1	229
1391	21	2	221	222
1414	282	1	228
1426	44	1	222
1429	34	1	224
1433	107	1	226
1453	38	1	220
1460	139	2	222	228
1514	4	1	228
1533	10	1	228
1540	32	1	225
1541	26	1	220
1567	41	1	222
1571	110	1	225
1584	12	1	226
1603	55	1	226
1609	22	1	225
1620	31	1	220
1636	79	1	220
1684	53	1	221
1685	67	2	225	226
1711	25	1	226
1719	42	1	224
1729	76	1	226
1732	25	1	222
1736	69	1	220
1766	13	1	222
1794	5	1	220
1810	10	1	224
1831	89	1	227
1841	31	1	225
1854	32	1	227
1890	26	1	222
1895	24	1	222
1900	16	2	221	222
1905	34	1	225
1945	57	1	224
1949	9	1	225
1952	15	1	220
1969	1	1	220
1973	27	1	228
2015	51	1	222
2044	29	1	226
2053	37	1	225
2059	270	3	226	227	228
2063	31	1	229
2078	45	1	229
2094	4	1	224
2105	16	1	224
2139	15	1	220
2151	18	1	226
2170	35	1	224
2172	26	1	225
2188	68	1	226
2231	62	1	228
2237	21	1	222
2241	1	1	229
2266	38	1	224
2282	3	1	226
2287	13	1	222
2326	33	1	228
2347	9	1	220
2348	47	1	229
2390	12	2	220	224
2469	45	2	224	228
2483	3	1	220
2509	2	1	228
2566	10	1	224
2654	17	1	225
2674	10	1	222
2772	29	1	228
2784	18	1	220
2823	8	1	220
2826	7	1	226
2862	35	1	226
2883	23	1	220
2884	33	1	227
2902	2	1	222
2906	31	1	225
2915	4	1	224
2941	8	1	228
2950	26	1	229
2969	4	1	229
3059	18	1	226
3074	8	1	225
3126	15	1	229
3185	31	1	221
3197	13	1	226
3240	12	1	228
3260	1	1	226
3309	4	2	225	225
3339	3	1	220
3376	2	1	226
3379	11	1	222
3416	1	1	220
3451	2	1	222
3488	1	1	225
3491	1	1	225
3590	4	1	226
3670	11	1	229
3705	4	1	229
3710	8	1	224
3719	10	1	228
3751	14	1	228
3769	19	1	222
3932	4	1	224
3983	12	1	221
3993	2	1	224
4029	5	1	224
4036	2	1	224
4039	8	1	224
4111	7	1	221
4286	4	1	220
4419	1	1	229
4452	2	1	229
5183	2	2	225	225
5314	1	1	225
5451	1	1	228
5898	1	1	222
6014	1	1	220
6038	1	1	225
6045	1	1	228
6094	1	1	226
6140	1	1	221
