2	522	2	1612	1613
3	402	1	1611
6	30	1	1613
9	460	1	1611
18	318	1	1619
19	91	1	1619
31	254	1	1613
36	62	1	1616
37	139	1	1616
39	6	1	1612
40	133	1	1611
46	63	1	1614
49	124	1	1613
50	385	2	1611	1612
53	219	1	1617
54	733	2	1612	1613
65	159	2	1612	1613
66	71	1	1613
67	827	5	1611	1613	1614	1616	1619
69	271	2	1613	1619
73	344	1	1612
74	65	1	1613
93	42	1	1611
94	240	1	1619
103	237	1	1617
115	225	1	1619
118	60	1	1619
121	192	1	1612
122	100	1	1616
123	59	1	1616
131	90	1	1617
132	187	2	1614	1619
141	95	1	1612
158	258	1	1612
162	75	1	1612
167	516	3	1613	1617	1619
169	194	3	1613	1616	1619
171	137	1	1616
174	118	1	1611
176	640	4	1612	1613	1617	1619
179	121	1	1613
180	221	1	1612
181	147	1	1617
183	160	1	1619
184	42	1	1613
193	215	1	1612
196	93	1	1619
197	42	1	1617
198	33	1	1612
202	306	2	1613	1619
210	118	1	1612
226	42	1	1619
229	118	1	1619
230	248	1	1611
236	95	1	1616
247	233	2	1613	1619
248	38	1	1617
256	137	1	1611
261	105	1	1619
267	58	1	1619
276	69	2	1612	1619
277	37	1	1619
279	332	1	1612
285	237	1	1619
286	88	1	1612
287	23	1	1611
291	260	1	1614
296	135	1	1611
306	128	2	1613	1616
321	104	1	1612
323	39	1	1619
326	12	1	1614
335	232	2	1613	1616
336	30	1	1619
359	233	1	1612
374	249	2	1613	1616
384	205	1	1619
386	312	3	1611	1617	1619
397	159	1	1612
402	165	2	1616	1619
415	7	1	1617
421	42	1	1616
422	36	1	1613
433	45	1	1619
435	71	1	1616
441	80	1	1617
451	209	1	1619
456	54	1	1616
468	70	1	1619
475	194	1	1611
481	56	1	1613
489	19	1	1619
490	261	1	1612
493	75	1	1617
494	29	1	1616
512	202	2	1611	1617
515	94	1	1612
522	291	1	1617
529	709	2	1611	1617
532	91	1	1619
537	231	2	1611	1613
539	55	1	1619
544	101	1	1613
561	130	1	1612
575	37	1	1613
576	117	1	1614
584	69	1	1612
586	93	1	1619
593	56	1	1612
594	125	1	1613
595	120	1	1617
610	34	1	1611
612	55	1	1616
627	148	2	1616	1616
635	84	1	1612
641	56	1	1619
643	68	1	1617
645	227	1	1614
652	57	1	1619
664	91	1	1617
670	126	1	1612
675	87	1	1611
695	143	1	1619
697	100	1	1619
699	43	1	1613
703	75	1	1611
710	84	1	1612
715	250	2	1617	1619
718	187	1	1616
723	46	1	1616
732	45	1	1619
733	173	1	1617
740	85	1	1612
752	214	1	1619
766	132	4	1613	1614	1617	1619
771	101	1	1612
777	114	1	1611
789	139	1	1612
791	13	1	1619
801	104	1	1612
813	39	1	1611
823	115	1	1612
824	85	1	1619
831	34	1	1617
842	137	2	1612	1616
844	317	1	1617
846	96	1	1619
850	279	1	1619
861	115	1	1619
870	28	1	1617
872	70	1	1619
884	150	1	1613
900	67	1	1616
905	125	2	1613	1619
907	12	1	1617
909	31	1	1619
925	46	2	1613	1619
941	145	2	1613	1619
983	184	2	1616	1619
1003	15	1	1617
1028	90	1	1613
1045	186	1	1611
1052	117	1	1616
1058	177	1	1617
1065	54	1	1619
1075	120	1	1617
1093	33	1	1611
1101	36	1	1613
1121	109	1	1612
1122	40	1	1619
1129	83	1	1619
1133	39	1	1611
1147	23	1	1613
1156	82	1	1619
1176	64	1	1619
1179	54	1	1613
1216	108	1	1612
1229	58	1	1613
1233	59	1	1613
1252	88	2	1614	1619
1256	59	1	1611
1300	40	2	1612	1619
1321	63	1	1619
1336	48	1	1612
1339	5	1	1614
1391	21	1	1619
1398	9	1	1619
1411	31	1	1619
1414	282	3	1612	1613	1616
1448	3	1	1616
1460	139	1	1619
1475	69	2	1613	1616
1494	12	1	1613
1500	52	1	1619
1519	120	1	1614
1540	32	1	1612
1542	16	1	1616
1576	1	1	1616
1578	24	1	1619
1582	74	1	1619
1594	2	1	1611
1615	7	1	1616
1629	73	1	1619
1642	1	1	1614
1651	22	1	1614
1692	54	1	1616
1724	6	1	1612
1729	76	1	1613
1736	69	1	1619
1798	15	1	1616
1808	47	1	1611
1824	17	1	1614
1835	11	1	1614
1855	122	1	1611
1883	10	1	1616
1884	164	2	1616	1619
1907	1	1	1614
1916	75	1	1616
1959	23	1	1611
1970	12	1	1613
1993	45	1	1614
1997	8	1	1612
2017	20	1	1614
2031	21	1	1619
2039	6	1	1619
2053	37	1	1612
2063	31	1	1614
2082	26	1	1619
2123	13	1	1612
2128	52	1	1613
2134	20	1	1616
2144	30	1	1619
2188	68	1	1614
2203	23	1	1619
2278	4	1	1616
2355	4	1	1619
2381	49	1	1613
2502	9	1	1616
2532	9	1	1616
2599	27	1	1611
2631	10	1	1614
2683	11	1	1616
2701	1	1	1616
2717	13	1	1611
2749	26	1	1614
2767	23	1	1611
2788	24	1	1611
2793	27	1	1613
2815	27	2	1614	1616
2841	13	1	1617
2844	10	1	1619
2905	30	1	1613
2955	19	1	1619
2959	29	1	1613
2986	5	1	1617
2991	19	1	1612
3038	19	1	1616
3089	6	1	1613
3128	22	2	1614	1616
3196	7	1	1611
3200	3	1	1611
3230	16	1	1616
3302	5	1	1617
3323	38	1	1619
3360	2	1	1614
3433	18	1	1617
3471	1	1	1616
3526	2	1	1616
3750	4	1	1617
3762	6	1	1613
3824	3	1	1616
3880	9	1	1611
3938	5	1	1611
4101	8	1	1617
4274	4	1	1611
4312	6	1	1617
4318	7	1	1617
4383	3	1	1619
4428	1	1	1616
4476	2	1	1614
4618	4	1	1617
4910	3	1	1614
4923	2	1	1616
5088	1	1	1614
5287	1	1	1614
5412	1	1	1619
5665	1	1	1613
6116	1	1	1616
