2	522	2	479	479
8	114	1	472
9	460	2	479	479
16	286	1	479
18	318	1	479
22	52	1	479
23	134	1	476
31	254	2	479	479
32	15	1	474
34	16	1	474
40	133	1	470
41	71	1	470
44	85	1	479
48	257	2	470	479
50	385	1	472
54	733	2	472	479
59	236	1	479
60	231	2	478	479
61	98	1	472
62	89	1	479
63	91	1	474
64	81	1	474
65	159	2	472	478
67	827	4	470	474	479	479
71	218	2	472	479
73	344	3	472	479	479
75	182	2	470	474
77	63	1	479
81	18	1	470
86	4	1	479
94	240	1	476
100	35	1	479
117	36	1	479
121	192	2	472	478
122	100	2	474	479
123	59	1	479
132	187	2	479	479
143	116	1	474
156	205	1	479
158	258	1	472
162	75	1	472
167	516	3	476	479	479
172	79	1	479
176	640	2	478	479
193	215	1	472
198	33	1	472
200	79	1	479
202	306	3	474	476	479
204	244	1	479
205	241	1	479
210	118	1	472
218	84	1	476
225	185	1	472
230	248	1	474
232	92	1	474
238	93	1	479
241	35	1	474
247	233	2	476	479
258	112	2	472	479
276	69	1	472
279	332	2	472	478
285	237	1	476
291	260	2	474	479
298	69	1	479
316	6	1	470
335	232	1	479
343	101	1	479
364	15	1	474
372	183	1	474
381	88	1	474
384	205	2	470	476
386	312	2	478	479
391	64	1	479
393	119	1	474
409	36	2	479	479
418	223	1	478
420	126	1	472
435	71	2	476	479
454	79	1	474
456	54	1	479
460	155	1	478
465	79	1	479
467	113	1	479
471	59	1	472
472	21	1	478
473	3	1	474
475	194	2	470	476
477	4	1	478
478	16	1	472
480	31	1	479
486	41	1	470
490	261	3	472	479	479
491	74	2	472	478
496	30	1	479
497	106	1	474
510	111	2	470	474
512	202	2	470	476
515	94	1	478
520	80	1	476
529	709	3	474	479	479
530	78	1	472
537	231	1	470
542	165	1	479
558	64	2	479	479
561	130	3	478	479	479
567	59	1	479
593	56	1	472
597	193	1	479
599	69	1	479
607	45	1	470
619	31	1	472
635	84	1	472
645	227	1	478
652	57	1	476
668	49	1	474
680	45	2	472	478
690	96	1	479
695	143	2	479	479
699	43	1	479
701	107	1	479
704	88	1	478
715	250	1	479
718	187	1	479
738	85	1	472
752	214	2	474	479
764	51	1	472
769	124	1	479
778	47	1	470
782	31	1	479
785	71	1	479
790	49	1	474
793	36	1	474
798	40	1	474
814	171	2	479	479
819	19	1	479
823	115	1	472
824	85	1	472
831	34	1	479
842	137	1	472
844	317	1	474
855	51	1	472
884	150	1	479
885	43	1	479
905	125	1	476
926	33	1	479
929	11	1	476
946	75	1	472
948	190	1	472
956	60	1	479
976	75	1	479
983	184	1	476
997	19	1	479
1002	106	1	472
1018	42	1	479
1028	90	1	479
1030	17	1	479
1042	16	1	474
1047	144	2	472	478
1058	177	1	474
1070	77	1	474
1108	92	1	479
1111	25	1	479
1121	109	1	472
1135	14	1	470
1136	55	1	479
1148	78	1	479
1156	82	1	479
1179	54	1	479
1184	105	1	474
1195	153	2	476	478
1216	108	1	472
1247	39	1	472
1248	42	1	479
1252	88	1	479
1262	38	1	474
1280	57	1	474
1299	66	1	472
1303	83	1	479
1310	34	1	472
1321	63	1	479
1368	147	2	472	478
1385	42	1	479
1389	30	1	470
1395	10	1	479
1414	282	1	479
1424	57	1	478
1463	29	1	474
1507	33	1	479
1526	32	1	474
1540	32	1	472
1547	26	1	479
1552	27	1	479
1556	24	1	479
1571	110	2	472	478
1577	14	1	479
1614	18	1	479
1620	31	1	474
1657	33	1	474
1728	97	2	474	476
1736	69	1	476
1753	40	1	479
1762	57	1	479
1776	59	1	479
1826	31	1	476
1828	1	1	474
1839	29	1	479
1855	122	1	474
1861	5	1	479
1872	24	1	479
1878	6	1	478
1884	164	1	470
1905	34	1	472
1917	4	1	478
1973	27	1	476
1976	26	1	479
1980	9	1	470
2003	28	1	479
2031	21	1	476
2037	41	1	472
2038	3	1	472
2053	37	1	478
2066	40	1	479
2072	7	1	479
2089	12	1	472
2092	49	1	474
2131	44	1	472
2188	68	2	472	479
2212	68	1	479
2254	18	1	470
2312	13	2	470	474
2351	15	1	470
2367	8	1	479
2381	49	1	479
2477	14	1	476
2527	28	1	470
2585	2	1	470
2641	25	1	479
2667	15	1	474
2675	17	1	470
2694	9	1	474
2738	1	1	470
2753	7	1	470
2808	27	1	479
2828	11	1	479
2850	7	1	479
2874	4	1	472
2905	30	1	479
2925	23	1	472
2963	9	1	474
2976	16	1	479
2987	10	1	472
2991	19	1	472
3059	18	1	472
3069	15	1	470
3103	10	1	479
3303	9	1	472
3414	12	1	476
3426	10	1	476
3459	6	1	474
3546	2	1	474
3778	10	1	470
4305	4	1	479
4620	5	1	470
4867	1	1	474
4965	1	1	479
5104	1	1	474
5354	1	1	474
5423	3	1	470
5436	3	1	479
5582	1	1	470
5692	2	1	478
5724	1	1	479
5755	2	1	474
5794	2	1	479
5904	1	1	479
5931	1	1	476
