2	522	3	420	423	425
8	114	2	420	421
9	460	3	420	423	429
10	30	3	426	426	426
14	136	3	426	426	427
16	286	1	429
18	318	2	423	424
20	70	2	426	427
31	254	2	425	429
44	85	1	421
48	257	1	429
49	124	1	425
50	385	1	423
53	219	1	424
54	733	10	420	421	423	425	426	426	426	427	428	429
59	236	1	423
60	231	3	423	426	426
61	98	2	420	423
62	89	2	425	429
65	159	1	420
67	827	2	425	429
69	271	1	424
71	218	1	420
73	344	3	420	423	429
74	65	1	429
77	63	1	426
79	87	2	421	427
83	18	1	421
87	54	1	420
89	39	2	426	428
94	240	1	424
95	15	1	425
98	6	1	424
108	55	1	426
117	36	1	429
121	192	1	423
122	100	1	425
123	59	1	425
126	41	1	426
133	113	3	420	426	428
135	70	1	421
141	95	2	420	426
142	23	2	426	428
145	64	1	421
151	39	1	425
156	205	2	423	424
158	258	4	421	426	426	428
167	516	2	424	429
171	137	1	424
176	640	1	424
177	53	3	420	426	428
179	121	1	425
180	221	3	423	424	425
181	147	1	424
182	53	1	424
196	93	1	424
198	33	1	420
202	306	1	424
203	36	1	424
205	241	1	424
210	118	1	421
218	84	1	424
225	185	1	420
236	95	1	429
247	233	2	424	429
252	193	1	427
258	112	2	420	423
272	63	3	426	426	426
273	12	1	426
276	69	1	429
279	332	2	420	421
282	12	1	429
286	88	3	421	426	428
291	260	1	423
293	151	1	429
299	113	1	429
306	128	2	424	425
311	42	3	426	426	426
320	52	1	423
321	104	2	420	423
326	12	1	429
328	122	1	423
332	31	2	421	427
335	232	2	424	425
343	101	1	423
359	233	2	420	423
367	17	1	423
374	249	1	429
384	205	2	425	429
386	312	2	420	421
397	159	2	420	423
402	165	2	425	429
418	223	1	420
419	6	1	423
420	126	1	421
422	36	1	423
424	83	1	425
426	110	3	421	427	428
435	71	1	425
437	26	1	425
439	37	1	423
451	209	1	421
453	83	1	423
456	54	1	429
460	155	1	428
478	16	1	423
482	42	1	421
484	23	1	420
490	261	2	420	425
491	74	1	420
492	134	2	425	429
494	29	1	429
496	30	1	425
512	202	1	424
515	94	1	426
519	77	2	420	421
522	291	1	424
529	709	2	423	425
530	78	1	423
537	231	1	425
555	72	1	429
556	69	2	425	429
559	87	2	426	426
560	6	1	421
576	117	2	421	427
584	69	2	421	426
586	93	1	423
592	32	3	423	425	429
594	125	1	423
597	193	3	423	425	429
598	18	3	426	426	426
606	17	1	423
619	31	1	420
629	76	1	423
635	84	2	420	421
663	44	1	426
670	126	1	420
680	45	1	420
685	28	1	423
688	133	1	421
692	70	1	420
704	88	1	420
707	212	1	424
710	84	3	423	426	428
714	205	2	423	429
715	250	2	425	429
725	80	1	420
733	173	1	424
738	85	1	423
740	85	1	429
747	93	1	429
751	166	2	425	429
752	214	1	424
764	51	1	420
767	49	1	424
770	58	1	420
772	37	1	426
785	71	1	420
789	139	1	420
804	49	1	425
806	50	1	424
814	171	1	421
823	115	1	420
825	90	1	423
840	79	2	421	427
842	137	2	421	424
844	317	1	424
850	279	5	421	423	424	425	429
870	28	2	425	426
878	39	1	420
879	19	1	421
884	150	1	423
894	39	1	429
899	65	1	425
900	67	1	429
905	125	1	429
916	45	1	423
921	113	3	426	426	428
927	42	1	421
943	38	1	429
946	75	1	423
948	190	2	420	423
956	60	1	425
970	28	1	425
986	108	1	421
998	101	1	421
1001	73	1	425
1012	71	1	426
1037	44	1	423
1045	186	1	424
1047	144	1	420
1050	29	1	429
1052	117	1	427
1057	20	1	429
1084	7	1	426
1094	99	1	429
1096	95	1	423
1098	12	1	426
1100	8	1	428
1121	109	1	420
1126	17	1	426
1129	83	4	421	423	426	428
1130	157	1	423
1131	47	2	423	426
1165	21	1	428
1175	42	1	423
1211	10	1	421
1216	108	1	420
1236	16	1	426
1243	44	1	420
1261	54	3	421	426	426
1262	38	1	424
1284	46	1	425
1293	32	1	429
1299	66	1	420
1312	2	1	427
1368	147	2	420	421
1376	162	4	426	426	427	428
1378	114	1	423
1388	8	1	423
1406	4	1	426
1414	282	2	425	429
1420	51	1	420
1433	107	1	424
1439	7	1	423
1464	27	1	421
1466	19	1	429
1468	38	1	426
1475	69	1	429
1480	29	1	423
1521	42	1	424
1524	76	1	428
1529	33	1	429
1542	16	1	421
1556	24	2	423	424
1572	57	2	425	429
1573	59	1	421
1579	53	2	426	426
1598	12	1	423
1603	55	1	421
1609	22	1	428
1627	26	1	426
1665	13	1	425
1701	42	1	421
1711	25	1	425
1717	23	1	426
1719	42	2	424	425
1724	6	1	426
1726	27	1	427
1740	30	2	427	428
1753	40	1	420
1754	77	2	423	426
1776	59	1	421
1782	26	1	428
1797	64	1	428
1800	12	1	423
1801	69	3	426	426	428
1812	39	1	426
1817	59	1	425
1821	27	2	425	429
1831	89	2	426	427
1850	33	1	423
1854	32	2	426	426
1862	28	1	425
1879	44	2	426	428
1884	164	4	420	421	426	426
1886	32	1	423
1927	56	2	420	421
1939	66	1	423
1971	19	2	426	428
2029	10	1	426
2037	41	1	420
2046	105	5	421	426	426	426	428
2053	37	1	420
2059	270	2	421	426
2062	33	1	429
2079	1	1	429
2097	35	1	424
2105	16	1	424
2112	35	3	426	426	428
2115	7	1	426
2120	24	3	426	426	426
2123	13	2	426	426
2146	8	1	423
2147	12	1	426
2160	82	2	425	429
2163	51	1	426
2179	20	1	428
2186	42	1	429
2221	3	1	426
2231	62	1	425
2247	22	1	420
2275	8	1	429
2277	29	1	420
2302	55	1	429
2314	24	1	421
2343	8	2	426	428
2368	50	3	426	426	429
2454	58	1	423
2469	45	1	424
2484	8	1	426
2487	5	1	421
2535	2	1	426
2555	19	2	426	428
2620	25	1	426
2651	23	1	429
2712	6	1	421
2735	28	1	426
2748	32	1	425
2749	26	1	421
2799	38	1	423
2808	27	1	423
2828	11	1	429
2844	10	1	420
2862	35	1	426
2884	33	1	428
2989	26	1	420
2998	9	1	429
3020	26	1	425
3034	12	1	428
3055	11	1	426
3081	3	1	426
3137	6	1	426
3143	5	1	425
3193	6	1	421
3198	7	1	420
3218	2	1	420
3241	5	1	421
3258	1	1	423
3276	20	1	425
3303	9	1	420
3323	38	1	425
3349	16	1	426
3352	5	1	428
3435	16	1	423
3448	6	1	429
3457	4	1	420
3490	8	1	428
3560	5	1	429
3581	1	1	426
3601	9	1	421
3656	1	1	426
3733	1	1	421
3748	2	1	420
3771	3	1	429
3774	2	1	426
3811	2	1	426
3823	3	1	426
3846	5	1	423
3867	8	1	424
3951	9	1	423
3980	2	1	426
3982	7	1	421
4024	20	2	421	426
4034	3	1	421
4058	3	1	429
4098	15	1	420
4099	1	1	429
4128	1	1	420
4185	3	1	428
4191	2	1	424
4289	3	1	421
4360	1	1	428
4429	10	1	426
4571	3	1	421
4608	2	1	426
4713	9	1	421
4936	5	1	421
5008	1	1	421
5049	2	1	420
5072	3	1	421
5082	1	1	429
5235	1	1	426
5365	1	1	426
5450	3	1	426
5562	3	1	421
5645	1	1	429
5670	1	1	426
5723	1	1	426
6185	1	1	426
6197	1	1	423
6224	1	1	428
