2	522	2	1412	1418
8	114	1	1418
12	126	1	1413
31	254	2	1412	1413
50	385	1	1412
53	219	1	1412
54	733	2	1413	1418
59	236	1	1412
65	159	1	1412
67	827	1	1413
69	271	2	1412	1413
94	240	2	1412	1413
115	225	1	1412
118	60	1	1413
119	32	1	1416
143	116	1	1412
162	75	1	1418
167	516	2	1412	1413
176	640	3	1412	1413	1418
179	121	1	1413
183	160	2	1412	1413
191	49	1	1412
202	306	2	1412	1413
204	244	2	1412	1413
205	241	2	1412	1413
206	29	1	1412
210	118	1	1418
218	84	1	1413
225	185	1	1418
229	118	1	1413
247	233	1	1416
279	332	2	1413	1418
285	237	1	1412
298	69	1	1413
299	113	1	1413
306	128	2	1412	1413
309	30	1	1413
318	211	1	1412
319	45	1	1413
335	232	1	1413
363	9	1	1413
381	88	1	1412
397	159	1	1418
402	165	1	1413
422	36	1	1413
424	83	2	1412	1413
433	45	1	1413
444	28	1	1412
451	209	1	1413
460	155	1	1413
465	79	1	1412
475	194	2	1412	1413
491	74	1	1418
492	134	1	1413
520	80	1	1412
522	291	1	1412
529	709	2	1412	1413
532	91	1	1412
537	231	1	1413
541	6	1	1413
542	165	1	1413
544	101	1	1413
564	50	1	1412
567	59	1	1416
574	51	1	1412
580	36	2	1412	1413
590	11	1	1413
619	31	1	1418
632	61	1	1418
656	103	1	1418
682	26	1	1418
694	90	1	1413
700	32	1	1412
701	107	2	1412	1413
710	84	1	1418
715	250	2	1412	1413
718	187	1	1412
721	216	2	1412	1413
752	214	1	1412
766	132	1	1413
785	71	1	1418
828	15	1	1412
844	317	2	1412	1413
846	96	1	1412
855	51	1	1418
861	115	1	1413
900	67	1	1413
905	125	1	1413
936	52	1	1412
941	145	1	1413
975	82	1	1418
1001	73	1	1412
1045	186	2	1412	1413
1063	30	1	1412
1096	95	1	1418
1122	40	1	1413
1123	25	2	1412	1413
1177	54	1	1412
1208	8	1	1412
1233	59	1	1416
1252	88	1	1413
1321	63	1	1413
1368	147	1	1418
1378	114	1	1413
1410	41	2	1412	1413
1411	31	1	1412
1417	41	1	1418
1420	51	1	1418
1429	34	1	1412
1454	26	1	1418
1582	74	1	1412
1629	73	1	1412
1636	79	1	1413
1662	47	1	1412
1685	67	1	1418
1736	69	1	1412
1743	55	1	1412
1771	11	1	1418
1796	48	1	1412
1797	64	1	1412
1831	89	1	1412
1833	40	1	1412
1874	24	1	1412
2034	34	1	1412
2122	22	1	1412
2128	52	1	1413
2131	44	1	1418
2149	29	1	1412
2194	23	1	1412
2203	23	1	1413
2242	27	1	1418
2302	55	1	1413
2326	33	1	1413
2461	6	1	1413
2473	14	1	1413
2525	18	1	1413
2597	7	1	1413
2651	23	1	1412
2772	29	1	1413
2899	21	1	1412
2908	19	1	1413
3036	6	1	1413
3322	3	1	1413
3390	6	1	1418
3397	8	1	1412
3420	1	1	1413
3893	16	1	1413
3908	3	1	1413
4120	2	1	1413
4459	3	1	1413
5527	1	1	1413
