2	522	4	481	483	484	488
3	402	2	487	487
6	30	1	489
7	14	1	481
8	114	2	483	485
9	460	2	484	488
12	126	3	481	484	488
16	286	1	484
18	318	3	484	488	489
19	91	1	481
22	52	1	489
23	134	2	481	489
29	22	1	481
31	254	2	481	481
37	139	1	481
40	133	1	487
42	52	2	487	487
48	257	2	484	488
49	124	1	481
50	385	3	481	483	488
54	733	2	483	485
59	236	1	483
62	89	1	484
65	159	1	483
67	827	7	481	481	484	487	487	488	489
69	271	1	489
71	218	3	484	485	488
72	17	1	481
73	344	2	481	483
75	182	1	487
77	63	2	481	485
78	7	1	481
83	18	1	485
93	42	2	487	487
94	240	1	487
96	113	2	484	488
108	55	2	481	487
115	225	1	489
116	15	1	487
118	60	1	481
119	32	1	481
121	192	1	483
127	31	1	487
137	73	1	488
139	16	1	489
143	116	4	481	487	487	489
144	23	1	487
149	63	1	481
150	16	1	481
152	15	1	487
153	49	1	487
155	49	1	481
156	205	1	487
160	11	1	489
166	10	1	487
167	516	5	481	481	484	488	489
169	194	2	481	481
171	137	2	487	487
172	79	1	487
174	118	1	487
176	640	3	481	485	489
179	121	3	481	481	489
180	221	2	481	483
183	160	2	481	489
184	42	1	481
189	121	2	487	487
196	93	1	481
200	79	1	481
202	306	2	481	489
204	244	1	489
205	241	1	489
206	29	1	481
207	14	1	489
210	118	1	485
213	56	1	485
225	185	2	481	485
230	248	2	487	487
231	25	1	487
232	92	1	487
243	42	1	488
245	1	1	485
247	233	2	481	489
261	105	1	487
262	57	1	488
276	69	1	481
279	332	2	483	485
285	237	1	481
286	88	1	483
287	23	1	487
291	260	2	487	487
298	69	1	481
306	128	1	481
311	42	1	481
318	211	1	487
319	45	1	489
331	47	1	481
335	232	2	481	484
339	70	2	487	487
343	101	1	481
348	173	1	487
359	233	1	483
372	183	2	487	487
374	249	3	481	484	488
379	46	1	481
380	42	1	481
381	88	1	481
384	205	1	481
386	312	1	485
388	35	1	481
389	5	1	487
392	34	1	481
397	159	1	483
399	17	1	489
402	165	2	484	489
405	58	1	481
412	82	1	483
416	106	1	481
418	223	1	485
420	126	1	485
426	110	1	485
428	52	1	481
433	45	1	481
435	71	2	481	481
441	80	2	487	487
450	166	1	487
451	209	2	481	489
454	79	2	487	487
462	26	1	487
465	79	1	487
468	70	1	481
471	59	1	485
475	194	2	481	489
479	38	2	481	481
480	31	1	481
481	56	1	484
482	42	1	483
484	23	1	485
486	41	1	487
488	47	3	481	484	489
489	19	1	481
490	261	1	484
492	134	1	481
497	106	2	487	487
508	72	1	481
510	111	1	487
512	202	1	489
519	77	1	481
520	80	2	481	489
522	291	1	481
529	709	5	481	481	484	488	489
534	102	2	481	481
537	231	1	489
539	55	2	481	489
542	165	3	481	484	489
543	12	1	489
547	33	1	487
555	72	1	481
557	69	1	484
572	29	1	489
574	51	1	481
575	37	1	481
576	117	1	488
578	12	1	481
593	56	1	483
595	120	1	487
601	23	1	487
602	37	1	481
607	45	1	487
610	34	1	481
627	148	1	481
633	13	1	481
635	84	1	484
645	227	2	484	488
652	57	1	489
664	91	2	484	488
668	49	1	487
678	28	1	481
682	26	1	483
690	96	1	484
694	90	2	481	489
695	143	1	481
697	100	1	481
699	43	1	481
706	6	1	481
707	212	2	481	487
710	84	1	483
715	250	3	481	481	487
718	187	1	489
721	216	5	481	481	481	484	488
725	80	2	481	483
732	45	2	487	487
734	50	1	487
741	9	1	487
743	9	2	481	489
747	93	3	481	484	488
751	166	2	484	488
766	132	1	484
771	101	2	481	483
777	114	1	487
778	47	2	487	487
785	71	1	483
789	139	4	481	481	481	485
791	13	1	481
800	36	1	481
801	104	1	483
807	4	1	489
823	115	3	483	485	488
824	85	1	481
831	34	2	484	488
844	317	2	481	489
846	96	1	484
850	279	5	481	481	484	485	489
861	115	1	481
867	120	2	484	488
872	70	1	487
884	150	2	481	484
886	4	1	481
901	7	1	489
910	11	2	481	484
921	113	1	481
925	46	2	481	483
928	29	1	481
929	11	1	481
934	101	1	481
936	52	1	481
941	145	4	481	481	481	484
945	49	2	481	487
946	75	1	484
947	56	1	488
948	190	3	481	483	484
957	75	1	487
975	82	1	483
983	184	3	481	484	488
986	108	1	481
990	46	1	481
993	36	1	485
1001	73	1	488
1013	8	1	485
1018	42	1	481
1019	8	2	481	481
1021	21	1	487
1022	48	1	488
1024	32	1	481
1028	90	1	481
1031	32	2	481	489
1037	44	1	488
1045	186	1	489
1050	29	1	481
1051	1	1	487
1058	177	2	484	488
1065	54	2	481	484
1069	138	1	481
1070	77	1	487
1074	38	1	484
1078	65	1	481
1087	58	1	487
1094	99	2	481	488
1096	95	1	483
1102	9	1	489
1121	109	2	483	485
1124	70	1	487
1136	55	1	481
1149	42	2	484	488
1156	82	1	481
1166	30	1	481
1172	21	1	481
1175	42	1	483
1176	64	2	481	489
1181	13	1	481
1188	36	1	484
1194	52	1	481
1198	42	2	481	484
1213	80	1	487
1216	108	2	483	485
1218	14	1	484
1224	81	1	481
1227	42	1	487
1229	58	2	481	483
1232	48	1	481
1238	23	1	481
1244	10	1	487
1247	39	1	485
1252	88	1	488
1261	54	1	485
1263	9	1	487
1269	41	1	481
1277	13	2	481	487
1280	57	1	487
1282	51	1	487
1286	28	1	484
1288	16	1	481
1293	32	1	485
1303	83	2	484	488
1305	8	1	481
1319	7	1	481
1322	36	4	481	481	484	488
1326	30	1	487
1339	5	1	488
1346	87	1	485
1348	19	1	487
1355	16	1	487
1360	64	1	483
1365	53	1	481
1367	21	1	488
1374	51	1	481
1378	114	1	484
1382	10	1	484
1410	41	1	489
1411	31	1	489
1414	282	2	481	481
1417	41	1	484
1424	57	1	483
1426	44	1	481
1428	10	1	487
1433	107	1	484
1456	19	1	483
1457	25	1	485
1466	19	1	481
1469	13	1	485
1471	7	1	481
1480	29	1	488
1481	10	1	481
1491	3	1	487
1493	40	1	487
1500	52	1	489
1504	41	2	484	488
1519	120	3	481	484	488
1532	27	1	481
1538	15	1	487
1541	26	2	487	487
1543	9	1	481
1581	13	1	487
1582	74	1	481
1590	7	1	488
1614	18	1	488
1616	4	1	487
1623	24	1	481
1629	73	1	481
1636	79	1	481
1675	1	1	487
1685	67	1	483
1686	18	1	481
1705	27	1	481
1708	20	1	487
1728	97	1	489
1732	25	1	481
1736	69	1	481
1737	5	1	481
1742	90	2	481	483
1743	55	2	481	483
1755	24	1	488
1765	39	1	481
1777	9	1	487
1787	24	1	481
1797	64	2	481	487
1817	59	1	481
1826	31	1	481
1831	89	2	481	481
1835	11	1	488
1851	13	1	485
1856	15	1	487
1859	4	1	487
1864	18	1	487
1872	24	1	481
1879	44	2	481	487
1884	164	3	481	481	488
1900	16	1	487
1916	75	1	481
1922	21	1	488
1930	14	1	481
1937	53	1	481
1947	5	1	487
1979	6	1	481
1993	45	1	488
2013	9	1	484
2036	10	1	487
2044	29	1	481
2059	270	1	483
2063	31	1	488
2078	45	1	488
2081	6	1	481
2089	12	1	483
2100	20	1	487
2109	3	1	481
2111	28	1	481
2127	32	1	489
2136	12	1	483
2144	30	1	481
2160	82	1	481
2193	1	1	485
2194	23	1	481
2206	22	1	481
2222	20	1	487
2235	14	1	481
2240	20	1	481
2242	27	1	481
2257	20	1	481
2264	37	1	481
2291	29	1	484
2302	55	1	481
2306	17	2	484	488
2311	11	1	487
2329	11	1	481
2339	50	2	481	484
2354	10	1	483
2362	15	1	481
2363	7	1	481
2371	2	1	481
2381	49	1	481
2384	5	1	481
2402	2	1	487
2405	11	1	487
2454	58	1	484
2525	18	1	481
2527	28	1	487
2542	14	1	487
2549	9	1	481
2564	5	1	487
2595	15	1	487
2617	6	1	481
2649	10	1	487
2720	19	1	487
2806	4	1	483
2831	3	1	487
2871	19	1	484
2882	13	1	483
2883	23	1	484
2905	30	1	481
2920	15	1	481
2926	16	1	481
2955	19	1	481
2972	14	1	481
2990	19	1	481
3007	2	1	485
3028	5	1	481
3110	2	1	481
3166	3	1	481
3182	5	1	487
3232	13	1	481
3253	6	1	481
3316	3	1	487
3323	38	1	481
3368	17	1	487
3408	5	1	481
3426	10	1	481
3427	5	1	485
3483	5	1	481
3543	7	1	481
3584	5	1	481
3611	2	1	489
3654	17	1	481
3691	19	1	484
3766	4	1	481
3769	19	2	487	487
3790	5	1	481
3905	3	1	481
3924	7	1	487
3953	3	1	489
3974	3	1	487
4009	7	1	488
4043	2	1	487
4098	15	1	489
4177	7	1	489
4214	3	1	481
4223	1	1	488
4227	3	1	481
4233	5	2	481	489
4335	1	1	483
4344	2	1	485
4385	2	1	487
4402	5	1	487
4461	2	1	481
4640	8	1	481
4792	1	1	487
4935	3	1	481
4987	4	1	483
5000	2	1	481
5032	1	1	489
5135	1	1	481
5329	3	1	481
5334	1	1	481
5514	1	1	489
5542	1	1	487
5741	1	1	481
5947	1	1	487
5965	1	1	481
6206	1	1	481
