2	522	3	966	968	969
3	402	6	962	962	963	964	965	967
8	114	2	966	969
9	460	4	960	964	967	968
18	318	1	968
19	91	1	961
23	134	1	967
40	133	2	964	967
50	385	3	964	966	967
52	57	1	960
53	219	1	965
54	733	2	966	969
63	91	1	961
65	159	1	966
66	71	1	967
67	827	5	960	961	963	964	967
69	271	1	965
71	218	1	966
73	344	3	966	968	969
75	182	1	963
93	42	1	961
94	240	1	962
95	15	1	967
107	71	1	962
110	43	1	966
112	118	1	968
115	225	1	963
121	192	1	966
147	56	1	960
162	75	2	966	969
169	194	1	961
170	37	1	965
171	137	1	961
174	118	1	965
176	640	4	965	966	968	969
180	221	2	966	968
183	160	1	965
198	33	1	969
202	306	1	960
204	244	1	965
205	241	2	960	965
210	118	3	966	968	969
225	185	1	969
230	248	3	961	964	965
241	35	1	963
242	18	1	967
244	18	1	961
256	137	2	964	967
258	112	1	966
261	105	2	961	962
263	17	1	964
264	224	1	963
267	58	1	960
279	332	3	966	968	969
280	61	1	966
289	18	1	967
291	260	4	961	962	962	964
294	72	1	962
296	135	1	961
311	42	1	967
318	211	2	960	965
323	39	1	963
339	70	1	962
348	173	1	967
358	26	1	962
359	233	2	966	969
371	26	1	966
372	183	2	963	964
373	88	1	968
381	88	1	960
384	205	1	960
386	312	1	966
392	34	1	962
393	119	1	961
397	159	3	966	968	969
403	54	1	962
405	58	1	960
436	24	1	967
441	80	2	965	967
454	79	2	962	962
458	18	1	967
460	155	1	969
462	26	1	967
475	194	1	967
490	261	1	966
492	134	2	961	965
493	75	1	965
512	202	2	963	967
518	31	1	965
520	80	1	960
522	291	2	962	965
529	709	5	960	963	964	965	967
537	231	3	963	964	967
545	70	2	961	967
547	33	2	961	965
561	130	1	966
564	50	1	965
593	56	1	966
601	23	1	967
610	34	1	960
613	9	1	960
616	40	1	966
643	68	1	965
655	50	1	966
668	49	2	961	961
675	87	3	963	964	967
697	100	1	960
700	32	1	969
703	75	2	964	967
707	212	2	962	963
710	84	1	969
714	205	1	966
732	45	1	967
733	173	2	962	965
734	50	1	966
769	124	1	966
771	101	1	966
777	114	2	964	967
785	71	1	969
795	16	1	964
796	12	1	965
801	104	1	966
805	16	1	965
806	50	1	965
813	39	1	967
816	37	1	964
823	115	1	966
843	51	1	962
844	317	2	960	965
848	100	1	963
850	279	1	960
852	37	1	961
855	51	1	968
871	5	1	962
915	10	1	964
919	53	1	969
932	22	1	963
936	52	1	963
939	4	1	965
945	49	1	964
959	20	1	960
961	65	2	962	965
975	82	2	966	969
984	18	1	967
990	46	2	962	968
1005	95	2	963	967
1021	21	1	963
1031	32	1	961
1045	186	2	964	965
1047	144	1	968
1052	117	1	968
1058	177	1	963
1069	138	1	967
1070	77	1	961
1072	36	1	969
1093	33	1	964
1108	92	1	964
1111	25	1	968
1121	109	2	966	969
1130	157	1	966
1133	39	1	967
1141	4	1	961
1162	5	1	967
1167	11	1	967
1176	64	1	960
1177	54	1	960
1184	105	1	965
1195	153	1	968
1213	80	2	961	965
1216	108	2	966	969
1224	81	2	960	962
1243	44	1	966
1251	27	1	968
1280	57	2	961	962
1282	51	1	961
1313	63	1	961
1360	64	1	966
1420	51	1	969
1421	2	1	969
1424	57	1	966
1428	10	1	961
1436	30	1	964
1454	26	1	969
1456	19	1	966
1460	139	2	960	963
1463	29	1	961
1469	13	1	968
1483	15	1	969
1489	19	2	964	967
1527	51	1	965
1580	58	2	964	967
1582	74	1	960
1603	55	1	966
1651	22	1	968
1653	56	1	965
1684	53	1	967
1685	67	1	969
1693	9	1	962
1716	37	1	967
1742	90	1	966
1767	20	1	969
1769	16	1	962
1776	59	1	969
1808	47	2	963	967
1811	21	1	963
1817	59	1	960
1855	122	2	963	967
1872	24	1	964
1893	33	1	969
1916	75	2	966	969
1927	56	1	968
1929	3	1	969
1945	57	2	961	962
1952	15	1	967
1983	3	1	967
2082	26	1	960
2131	44	2	966	969
2144	30	1	968
2151	18	1	966
2179	20	1	968
2225	19	1	962
2257	20	1	962
2318	17	1	963
2339	50	1	968
2342	13	1	969
2351	15	1	964
2390	12	1	964
2391	13	1	962
2440	12	1	961
2485	2	1	964
2599	27	1	967
2617	6	1	960
2664	13	1	965
2717	13	1	967
2763	10	1	965
2787	16	1	968
2914	2	1	964
2915	4	1	965
3069	15	1	962
3392	16	1	961
3408	5	1	962
3419	11	1	965
3473	9	1	968
3507	5	1	964
4023	5	1	962
4174	2	1	965
4259	3	1	964
4478	4	1	964
4734	1	1	964
4927	2	1	969
5001	3	1	966
5384	1	1	966
5388	1	1	966
5400	1	1	960
5798	1	1	967
5891	1	1	967
6203	1	1	963
