2	522	2	2151	2159
8	114	1	2156
9	460	2	2151	2156
14	136	2	2150	2159
16	286	2	2153	2159
17	35	1	2153
18	318	2	2151	2156
36	62	1	2158
48	257	2	2153	2159
54	733	4	2151	2154	2156	2159
59	236	1	2150
60	231	1	2159
65	159	1	2151
67	827	3	2153	2158	2159
73	344	3	2151	2156	2159
77	63	1	2150
85	34	1	2154
97	34	1	2153
121	192	1	2151
123	59	1	2159
133	113	1	2150
137	73	1	2159
141	95	1	2154
145	64	3	2150	2150	2154
149	63	1	2153
158	258	1	2150
167	516	1	2153
169	194	1	2159
176	640	2	2151	2156
180	221	1	2151
195	21	1	2150
198	33	1	2156
210	118	2	2151	2156
229	118	2	2153	2159
236	95	2	2153	2159
238	93	1	2153
252	193	1	2154
258	112	2	2151	2154
259	28	1	2150
279	332	2	2154	2156
280	61	1	2156
293	151	2	2153	2159
298	69	1	2153
299	113	1	2159
306	128	1	2159
321	104	1	2156
335	232	2	2153	2159
341	50	1	2159
343	101	1	2159
345	54	1	2151
359	233	1	2151
374	249	3	2153	2158	2159
384	205	1	2153
386	312	3	2150	2151	2154
397	159	2	2151	2156
412	82	1	2154
416	106	1	2159
418	223	1	2154
424	83	1	2159
435	71	1	2159
446	6	1	2159
451	209	1	2150
456	54	1	2153
467	113	1	2151
468	70	1	2159
482	42	1	2153
490	261	2	2151	2153
491	74	1	2154
502	98	1	2151
519	77	3	2150	2154	2159
524	56	1	2153
529	709	1	2159
534	102	2	2153	2159
537	231	1	2153
542	165	1	2159
548	6	1	2154
569	13	1	2150
577	29	1	2150
593	56	1	2156
596	61	1	2153
597	193	1	2153
602	37	1	2159
628	47	1	2159
632	61	1	2151
634	18	1	2158
645	227	3	2153	2154	2158
655	50	1	2151
656	103	1	2151
658	64	1	2151
670	126	1	2154
692	70	1	2151
694	90	1	2159
704	88	1	2150
710	84	1	2156
714	205	2	2150	2154
723	46	1	2159
725	80	1	2151
751	166	2	2153	2159
765	20	1	2159
771	101	1	2151
801	104	1	2151
814	171	2	2150	2154
840	79	2	2150	2154
850	279	1	2154
855	51	1	2153
872	70	1	2159
884	150	1	2159
900	67	1	2159
916	45	1	2150
919	53	1	2151
921	113	3	2150	2151	2159
946	75	1	2151
948	190	2	2156	2159
956	60	1	2153
975	82	1	2156
978	41	1	2159
983	184	2	2153	2159
993	36	1	2151
998	101	1	2150
1002	106	2	2151	2154
1036	59	1	2154
1047	144	3	2150	2154	2159
1055	33	1	2151
1086	16	1	2156
1096	95	1	2156
1121	109	1	2156
1130	157	1	2154
1175	42	1	2153
1194	52	1	2158
1195	153	1	2159
1198	42	1	2153
1216	108	1	2156
1223	27	1	2159
1232	48	1	2154
1251	27	1	2151
1284	46	1	2153
1293	32	1	2150
1331	31	1	2153
1341	21	1	2154
1360	64	1	2151
1368	147	2	2151	2154
1376	162	1	2150
1398	9	1	2159
1399	39	1	2154
1414	282	1	2156
1420	51	1	2156
1433	107	2	2151	2159
1445	25	2	2150	2154
1456	19	1	2151
1457	25	1	2150
1464	27	2	2153	2159
1475	69	1	2159
1494	12	1	2159
1515	25	1	2150
1519	120	1	2153
1572	57	1	2150
1573	59	1	2156
1577	14	1	2150
1579	53	1	2150
1644	9	1	2151
1649	6	1	2151
1652	3	1	2150
1692	54	1	2159
1720	15	1	2159
1742	90	1	2156
1743	55	1	2151
1753	40	1	2159
1754	77	1	2150
1762	57	1	2151
1767	20	1	2150
1771	11	1	2151
1801	69	1	2151
1813	19	1	2154
1823	9	1	2151
1850	33	1	2151
1884	164	2	2154	2159
1893	33	1	2151
1922	21	1	2153
1950	7	1	2158
2037	41	1	2159
2046	105	1	2159
2053	37	1	2150
2059	270	2	2151	2154
2063	31	1	2153
2078	45	1	2153
2108	52	1	2150
2131	44	2	2151	2156
2147	12	1	2150
2149	29	1	2150
2160	82	1	2159
2180	12	1	2150
2188	68	1	2151
2212	68	1	2150
2219	24	1	2150
2233	2	1	2158
2247	22	1	2151
2277	29	1	2154
2340	13	1	2151
2484	8	1	2150
2536	2	1	2156
2546	33	1	2153
2550	3	1	2159
2619	1	1	2151
2623	19	1	2156
2634	14	1	2151
2702	1	1	2159
2707	8	1	2150
2805	3	1	2159
2815	27	1	2151
2865	7	1	2154
2882	13	1	2153
2909	5	1	2150
2910	6	1	2151
2991	19	1	2159
2996	7	1	2150
3037	11	1	2150
3038	19	1	2150
3132	12	1	2150
3153	5	1	2150
3169	2	1	2159
3190	10	1	2159
3233	9	1	2154
3462	10	1	2153
3525	6	1	2150
3587	3	1	2150
3655	4	1	2156
3670	11	1	2153
3689	1	1	2159
3845	3	1	2159
3982	7	1	2159
3987	10	2	2150	2150
4057	4	1	2150
4119	1	1	2153
4535	2	1	2150
4612	2	1	2153
4657	2	1	2159
4684	1	1	2151
4710	3	1	2158
4802	1	1	2150
4835	1	1	2150
5534	1	1	2159
5739	1	1	2150
5945	1	1	2158
