2	522	4	303	303	304	306
5	41	1	303
9	460	2	304	309
11	20	1	303
16	286	6	301	303	304	305	306	309
17	35	1	306
18	318	2	303	303
31	254	5	303	303	305	306	309
36	62	1	303
37	139	2	302	306
44	85	1	303
46	63	1	309
48	257	2	302	303
49	124	3	305	306	309
50	385	3	303	303	304
53	219	1	301
54	733	5	303	303	305	306	309
55	104	2	305	306
60	231	1	303
65	159	1	306
66	71	1	304
67	827	8	302	302	303	303	304	305	306	309
69	271	3	304	306	309
73	344	1	303
74	65	2	305	306
83	18	1	302
88	2	1	303
94	240	1	304
96	113	1	302
99	7	1	306
100	35	1	302
103	237	2	301	303
117	36	1	306
122	100	2	305	306
124	13	1	303
131	90	4	301	303	304	306
132	187	3	301	303	309
140	29	1	303
141	95	1	303
143	116	1	301
147	56	1	304
151	39	1	301
155	49	1	306
156	205	1	306
167	516	5	301	304	305	306	309
169	194	2	304	306
172	79	1	303
176	640	5	303	303	304	305	306
179	121	1	306
180	221	2	303	303
183	160	2	301	304
184	42	1	303
191	49	1	304
193	215	2	301	303
197	42	1	304
202	306	3	301	304	309
204	244	2	301	309
205	241	3	304	306	309
206	29	1	304
213	56	1	303
218	84	1	301
225	185	1	303
226	42	1	303
236	95	2	305	306
240	128	1	301
243	42	1	303
247	233	2	303	306
262	57	2	303	303
267	58	2	304	306
276	69	1	303
282	12	2	305	306
285	237	2	301	304
293	151	1	306
298	69	1	306
299	113	1	306
300	4	1	301
302	22	1	303
305	13	1	306
308	9	1	309
309	30	1	305
311	42	1	303
318	211	2	301	304
325	7	1	304
333	32	1	303
335	232	3	303	306	309
336	30	2	303	303
343	101	1	303
349	48	1	303
352	7	1	303
359	233	1	303
369	21	1	303
374	249	4	302	303	305	306
381	88	2	301	304
384	205	4	303	303	305	306
386	312	2	303	303
401	34	1	306
402	165	3	303	305	306
410	48	2	303	303
412	82	1	303
420	126	3	303	303	303
424	83	2	304	306
435	71	1	303
437	26	1	305
444	28	1	301
451	209	2	303	309
456	54	2	305	306
460	155	1	304
461	27	2	305	306
465	79	1	306
468	70	2	305	306
471	59	1	303
475	194	1	301
478	16	1	303
479	38	2	306	309
486	41	1	301
489	19	2	305	306
490	261	1	301
492	134	1	305
494	29	1	303
502	98	2	303	303
511	13	1	303
512	202	2	304	309
516	36	1	304
522	291	2	301	304
523	35	1	303
529	709	3	301	304	309
530	78	1	303
532	91	2	304	309
533	26	1	305
534	102	1	306
537	231	1	303
539	55	1	304
542	165	3	303	306	309
544	101	2	303	309
555	72	2	305	306
556	69	2	305	306
558	64	1	303
561	130	3	303	303	306
567	59	1	309
568	25	1	303
586	93	2	303	303
592	32	1	303
595	120	1	306
596	61	2	303	306
597	193	2	305	306
616	40	1	303
624	3	1	306
627	148	1	303
639	10	1	303
641	56	1	304
645	227	1	302
647	29	1	301
649	30	1	303
656	103	1	303
657	49	1	306
670	126	1	303
688	133	1	303
692	70	1	305
695	143	4	303	303	305	306
697	100	2	301	304
699	43	2	303	309
701	107	3	304	306	309
707	212	1	304
714	205	3	302	302	306
715	250	2	305	306
718	187	3	301	304	306
721	216	2	303	305
722	15	1	305
723	46	1	303
727	23	2	303	306
738	85	2	303	303
740	85	3	303	303	306
741	9	1	306
747	93	1	302
751	166	2	305	306
752	214	1	309
760	41	2	303	303
766	132	2	305	306
769	124	1	303
771	101	1	303
773	57	2	301	309
789	139	3	302	303	303
793	36	1	306
794	8	1	301
798	40	1	309
804	49	2	305	309
814	171	2	303	306
824	85	1	309
825	90	2	303	303
829	34	2	305	306
831	34	1	302
835	8	1	309
840	79	1	303
844	317	2	301	304
846	96	1	304
850	279	1	303
861	115	1	303
864	50	1	306
867	120	1	301
868	8	1	301
872	70	2	303	306
884	150	1	306
891	23	1	303
895	57	1	305
899	65	3	302	302	304
900	67	3	303	305	306
903	77	1	302
905	125	1	306
909	31	1	304
919	53	1	303
920	47	1	304
941	145	1	303
963	31	1	306
970	28	1	306
971	24	1	301
976	75	1	303
986	108	2	306	309
990	46	2	303	303
991	20	1	303
993	36	1	304
1000	66	2	306	309
1002	106	1	301
1018	42	1	306
1024	32	1	303
1028	90	2	303	306
1033	30	1	303
1034	28	1	303
1035	9	1	303
1047	144	1	303
1052	117	2	303	303
1069	138	1	302
1074	38	2	305	306
1075	120	1	301
1082	34	1	302
1094	99	2	303	306
1098	12	1	303
1101	36	1	309
1108	92	1	302
1116	26	1	303
1120	18	1	302
1123	25	1	309
1129	83	1	303
1137	10	1	303
1147	23	3	305	306	309
1148	78	1	303
1156	82	2	303	306
1158	20	1	303
1176	64	2	301	304
1177	54	1	301
1179	54	1	309
1194	52	1	306
1209	24	1	306
1216	108	1	303
1221	7	1	306
1232	48	1	303
1233	59	1	309
1270	15	1	303
1274	63	1	303
1287	72	4	303	303	305	306
1291	8	1	309
1292	15	1	303
1296	12	1	306
1299	66	1	303
1321	63	1	306
1322	36	1	301
1330	9	1	303
1331	31	1	303
1346	87	2	303	303
1351	7	1	301
1368	147	1	303
1386	24	1	303
1400	19	2	303	309
1414	282	5	301	303	305	306	309
1426	44	2	301	304
1433	107	2	303	303
1453	38	1	304
1457	25	2	303	303
1460	139	2	301	304
1466	19	1	306
1475	69	4	303	303	305	306
1477	39	3	305	306	309
1478	1	1	305
1500	52	1	301
1512	23	1	303
1519	120	1	303
1529	33	2	305	306
1530	15	1	303
1566	23	1	303
1569	28	1	303
1571	110	1	303
1577	14	1	309
1582	74	1	304
1591	36	1	302
1603	55	1	303
1609	22	1	306
1622	33	1	306
1636	79	1	306
1638	37	2	303	303
1639	3	1	309
1646	10	1	306
1662	47	2	301	304
1678	12	1	304
1705	27	1	303
1714	35	1	305
1728	97	2	305	306
1729	76	1	306
1736	69	2	301	304
1742	90	2	301	303
1743	55	1	301
1746	11	1	303
1762	57	1	309
1765	39	1	306
1775	18	2	303	303
1798	15	1	303
1817	59	2	305	306
1820	9	1	306
1821	27	1	306
1874	24	1	301
1884	164	2	303	303
1916	75	1	303
1970	12	1	309
2025	16	1	302
2045	21	1	303
2059	270	2	303	306
2066	40	1	304
2090	22	1	304
2108	52	2	303	303
2111	28	1	303
2128	52	2	303	309
2149	29	1	306
2155	8	1	306
2186	42	1	303
2202	9	1	301
2212	68	1	303
2225	19	1	304
2247	22	1	303
2264	37	1	303
2266	38	1	306
2288	20	1	303
2291	29	1	309
2302	55	1	306
2321	7	1	306
2353	40	1	302
2361	2	1	303
2362	15	1	304
2381	49	1	304
2458	44	1	306
2471	1	1	301
2503	8	1	306
2510	6	1	306
2533	14	1	301
2541	5	1	306
2579	9	1	305
2609	7	1	303
2618	21	1	303
2620	25	1	306
2645	26	1	306
2651	23	1	306
2671	17	1	303
2687	4	1	305
2688	29	1	303
2713	11	1	309
2729	23	1	305
2731	16	1	302
2748	32	2	305	306
2793	27	2	305	306
2842	15	1	306
2906	31	1	304
2907	4	1	301
2959	29	1	309
2976	16	1	309
3057	5	1	306
3062	13	1	301
3119	3	1	301
3149	3	1	304
3155	20	1	303
3168	23	1	306
3192	12	1	306
3252	12	1	306
3267	3	1	305
3295	11	1	303
3304	11	1	301
3323	38	1	303
3340	3	1	303
3350	8	1	309
3441	2	1	301
3448	6	1	306
3482	1	1	306
3504	2	1	301
3515	7	1	301
3517	2	1	306
3638	6	1	303
3646	4	1	303
3766	4	1	306
3869	3	1	306
3880	9	1	301
3883	3	1	301
3942	4	1	303
3944	5	1	306
4000	3	1	306
4037	12	1	301
4155	2	1	306
4208	1	1	304
4507	1	1	303
4542	3	1	303
4632	4	1	306
4689	2	1	301
4733	2	1	305
4854	1	1	303
5460	1	1	301
5585	1	1	301
6123	1	1	306
6238	1	1	304
