2	522	2	380	388
3	402	2	382	387
6	30	1	388
9	460	3	380	385	388
12	126	1	380
14	136	2	382	388
16	286	1	380
18	318	1	388
19	91	1	388
23	134	2	381	388
31	254	3	380	381	388
32	15	1	382
36	62	1	385
41	71	1	382
42	52	1	382
44	85	1	386
48	257	2	380	385
49	124	1	385
52	57	1	387
53	219	1	387
54	733	1	385
59	236	2	388	388
60	231	1	380
61	98	1	380
64	81	2	382	387
66	71	1	388
67	827	5	380	381	382	385	387
69	271	1	381
71	218	1	380
73	344	1	380
75	182	1	382
85	34	1	386
93	42	1	382
94	240	4	381	382	387	388
96	113	1	380
107	71	2	382	387
111	30	1	380
112	118	1	380
115	225	3	381	382	388
116	15	1	382
122	100	2	380	382
132	187	1	388
143	116	1	388
144	23	1	382
147	56	1	381
149	63	2	380	385
151	39	1	388
156	205	1	387
160	11	1	381
162	75	1	380
163	16	1	380
167	516	5	380	381	385	387	388
169	194	3	387	388	388
170	37	2	387	388
171	137	1	387
172	79	1	380
176	640	5	381	382	386	387	388
178	55	1	386
181	147	1	387
182	53	1	381
183	160	2	381	388
191	49	1	388
193	215	1	386
194	40	1	386
196	93	1	388
200	79	1	388
202	306	2	381	388
204	244	1	388
205	241	3	381	387	388
219	42	1	388
229	118	2	385	387
230	248	2	382	387
232	92	1	382
237	14	1	380
240	128	1	388
241	35	1	382
250	19	1	381
252	193	3	382	386	388
256	137	1	382
260	98	1	380
261	105	2	382	387
264	224	2	382	387
267	58	2	380	388
279	332	2	386	388
283	25	1	380
285	237	3	381	382	387
291	260	3	380	382	387
294	72	2	382	387
296	135	1	382
298	69	1	388
299	113	1	385
318	211	2	382	387
319	45	1	381
321	104	1	380
324	9	1	382
339	70	1	382
341	50	1	380
343	101	1	380
348	173	3	382	387	388
357	12	1	387
358	26	2	380	387
359	233	1	386
364	15	1	382
366	34	1	385
369	21	1	388
372	183	1	382
374	249	2	380	385
379	46	1	380
381	88	1	382
384	205	2	380	385
391	64	1	380
393	119	2	382	387
395	34	1	387
402	165	1	381
405	58	1	388
407	48	1	380
416	106	2	380	382
418	223	1	386
430	13	1	387
432	56	1	380
433	45	2	381	388
439	37	1	380
447	2	1	388
448	41	1	382
449	14	1	382
450	166	2	382	387
451	209	2	381	386
454	79	1	382
455	29	1	388
465	79	1	388
466	47	1	386
475	194	1	381
481	56	1	385
491	74	1	386
492	134	1	380
493	75	1	387
497	106	1	382
512	202	1	388
522	291	4	382	385	387	388
527	2	1	382
529	709	4	380	381	387	388
532	91	1	388
534	102	1	380
537	231	1	381
539	55	1	381
542	165	1	381
543	12	1	381
544	101	1	388
546	39	1	387
556	69	1	385
564	50	1	381
567	59	1	388
579	24	1	381
586	93	1	380
594	125	2	380	388
595	120	1	382
599	69	1	380
616	40	1	380
627	148	1	380
628	47	1	380
645	227	1	380
652	57	1	381
655	50	1	380
664	91	1	380
666	34	1	380
667	16	1	387
668	49	1	387
670	126	1	386
688	133	1	386
694	90	3	381	388	388
695	143	1	380
697	100	1	388
701	107	1	381
703	75	1	382
707	212	2	382	388
714	205	2	380	386
715	250	1	387
718	187	2	381	388
721	216	1	380
732	45	1	388
733	173	1	387
736	16	1	380
738	85	1	386
740	85	1	386
745	11	1	382
747	93	1	380
749	62	1	388
751	166	2	380	385
752	214	2	382	387
753	47	1	382
760	41	1	386
766	132	2	380	388
771	101	1	380
773	57	1	388
790	49	2	382	387
797	35	1	388
801	104	2	380	388
803	10	1	382
814	171	1	386
820	36	1	387
823	115	1	380
824	85	1	386
825	90	1	380
831	34	1	380
832	32	1	387
842	137	1	386
843	51	1	382
844	317	3	381	387	388
847	2	1	388
853	19	1	387
854	39	1	380
862	52	1	388
864	50	1	380
867	120	2	380	388
872	70	1	385
874	11	1	387
878	39	1	380
884	150	1	380
885	43	1	388
895	57	2	380	385
901	7	1	381
903	77	1	388
909	31	1	385
912	41	1	388
919	53	1	386
926	33	1	380
928	29	1	380
930	39	2	380	382
934	101	2	382	388
943	38	1	388
948	190	1	380
958	5	1	381
970	28	1	385
971	24	1	388
983	184	1	380
986	108	1	387
1000	66	1	380
1001	73	1	388
1022	48	1	380
1028	90	1	385
1032	33	1	380
1038	15	1	388
1041	49	1	380
1047	144	1	386
1049	26	1	380
1058	177	1	382
1065	54	1	380
1069	138	2	380	388
1070	77	1	382
1072	36	1	386
1075	120	1	387
1078	65	2	381	387
1095	20	1	380
1102	9	2	388	388
1116	26	1	386
1124	70	1	387
1130	157	1	380
1148	78	1	380
1149	42	1	380
1171	22	1	386
1176	64	2	381	388
1177	54	2	387	388
1184	105	3	382	387	388
1198	42	1	380
1207	66	1	382
1217	16	1	380
1223	27	1	380
1229	58	1	380
1233	59	1	388
1242	42	1	388
1243	44	1	386
1245	18	1	382
1262	38	1	382
1274	63	1	385
1280	57	1	382
1282	51	2	387	388
1283	31	1	380
1286	28	1	380
1307	22	1	381
1313	63	1	382
1323	21	1	382
1335	20	1	380
1336	48	1	386
1344	47	1	388
1367	21	1	380
1378	114	1	380
1382	10	1	380
1385	42	1	385
1398	9	1	385
1409	15	1	385
1410	41	1	382
1414	282	2	381	388
1475	69	1	385
1500	52	1	388
1527	51	1	385
1534	45	1	387
1538	15	1	382
1571	110	1	386
1572	57	1	386
1578	24	1	380
1582	74	1	381
1583	8	1	380
1603	55	1	386
1608	4	1	387
1618	14	1	380
1620	31	1	382
1629	73	1	388
1630	15	1	387
1662	47	1	388
1692	54	1	385
1719	42	1	387
1742	90	1	385
1743	55	1	388
1784	28	1	386
1793	6	1	387
1796	48	1	388
1797	64	1	382
1814	16	1	386
1824	17	1	380
1826	31	1	388
1831	89	1	388
1833	40	1	388
1837	18	1	387
1839	29	1	380
1853	37	1	382
1855	122	1	382
1905	34	1	386
1906	6	1	388
1916	75	1	385
1937	53	1	381
1945	57	2	382	387
1985	2	1	388
2001	6	1	387
2015	51	1	382
2044	29	1	380
2058	37	1	387
2059	270	2	386	388
2075	48	1	388
2078	45	1	385
2090	22	1	382
2092	49	1	382
2095	12	1	385
2098	14	1	381
2108	52	1	386
2122	22	2	382	388
2127	32	1	381
2129	9	1	386
2186	42	1	386
2206	22	1	380
2218	5	1	380
2225	19	1	382
2235	14	1	380
2240	20	1	380
2242	27	1	380
2243	6	1	386
2280	21	1	387
2291	29	2	380	381
2301	39	1	386
2307	1	1	380
2318	17	1	382
2348	47	1	385
2351	15	1	387
2368	50	2	386	388
2419	12	1	380
2437	13	1	385
2454	58	1	380
2459	10	1	380
2474	57	1	382
2479	50	1	380
2568	43	1	386
2589	8	1	382
2594	4	1	380
2602	20	1	380
2642	6	1	382
2662	8	1	388
2667	15	1	382
2688	29	1	380
2694	9	1	382
2706	33	1	380
2762	15	1	382
2790	5	1	382
2799	38	1	380
2811	10	1	387
2856	13	1	386
2871	19	1	385
2908	19	1	380
2924	10	2	388	388
3035	3	1	382
3074	8	1	380
3091	11	1	387
3134	11	1	385
3135	20	1	381
3164	5	1	385
3379	11	1	382
3392	16	1	382
3446	6	1	388
3577	9	1	382
3580	11	1	388
3665	3	1	385
3672	1	1	380
3719	10	2	388	388
3744	3	1	386
3886	3	1	382
4042	7	1	386
4050	7	1	381
4077	1	1	380
4231	3	1	380
4356	8	1	388
4611	1	1	381
4642	1	1	385
4889	1	1	388
5041	1	1	381
5572	1	1	385
5791	2	1	387
6092	1	1	380
6161	1	1	387
