2	522	2	1632	1638
3	402	1	1639
9	460	1	1632
14	136	1	1634
18	318	1	1638
20	70	1	1633
31	254	1	1638
50	385	1	1632
52	57	1	1639
53	219	1	1639
54	733	3	1632	1633	1637
59	236	1	1632
62	89	1	1638
67	827	2	1632	1638
71	218	1	1638
89	39	1	1631
94	240	1	1639
100	35	1	1638
132	187	1	1632
133	113	1	1631
137	73	1	1638
140	29	1	1638
149	63	1	1632
156	205	1	1632
158	258	3	1631	1633	1634
167	516	1	1639
172	79	1	1638
176	640	1	1639
177	53	1	1633
180	221	1	1639
187	25	2	1631	1634
193	215	2	1632	1633
196	93	1	1639
202	306	1	1639
203	36	1	1639
204	244	1	1639
218	84	1	1639
224	14	1	1639
230	248	1	1639
234	7	1	1639
238	93	1	1638
252	193	2	1631	1637
258	112	1	1632
272	63	1	1631
280	61	1	1638
283	25	1	1632
285	237	1	1639
291	260	2	1632	1638
299	113	1	1639
302	22	1	1638
309	30	1	1639
328	122	2	1632	1638
333	32	2	1631	1633
334	23	1	1638
335	232	1	1638
343	101	2	1632	1638
359	233	1	1632
386	312	1	1638
391	64	1	1632
418	223	1	1637
450	166	1	1639
451	209	1	1632
453	83	2	1632	1638
456	54	1	1638
490	261	3	1632	1637	1638
492	134	1	1639
512	202	1	1639
522	291	1	1639
529	709	3	1632	1638	1639
558	64	1	1639
584	69	1	1631
594	125	2	1632	1639
597	193	1	1638
602	37	1	1632
631	8	1	1632
635	84	1	1638
643	68	1	1639
645	227	2	1632	1638
655	50	1	1632
658	64	1	1638
688	133	1	1637
692	70	1	1632
705	8	1	1634
707	212	1	1639
715	250	1	1639
725	80	1	1632
753	47	1	1639
769	124	3	1632	1638	1639
770	58	1	1633
772	37	1	1631
782	31	1	1638
801	104	1	1632
825	90	1	1632
840	79	2	1633	1637
844	317	1	1639
850	279	2	1632	1638
859	26	1	1633
903	77	1	1632
921	113	1	1633
942	92	1	1639
948	190	1	1632
976	75	1	1638
978	41	1	1637
982	22	1	1632
983	184	1	1638
995	28	1	1632
1011	60	1	1630
1012	71	1	1631
1033	30	1	1632
1045	186	1	1639
1055	33	1	1638
1075	120	1	1639
1096	95	1	1632
1124	70	1	1639
1130	157	1	1638
1148	78	1	1638
1157	3	1	1633
1189	121	2	1632	1638
1195	153	2	1631	1633
1196	6	1	1633
1216	108	1	1638
1261	54	2	1633	1637
1277	13	1	1639
1283	31	1	1638
1350	30	1	1638
1373	3	1	1639
1376	162	3	1631	1633	1637
1378	114	2	1632	1638
1393	2	1	1631
1414	282	1	1638
1453	38	1	1639
1468	38	1	1631
1518	12	1	1633
1519	120	1	1639
1606	9	1	1639
1609	22	2	1631	1633
1683	13	1	1632
1707	22	1	1638
1754	77	1	1631
1782	26	1	1631
1812	39	1	1637
1831	89	1	1633
1839	29	1	1632
1854	32	1	1637
1939	66	2	1632	1638
2025	16	1	1632
2045	21	1	1633
2046	105	1	1633
2059	270	1	1632
2096	22	1	1632
2097	35	1	1639
2112	35	1	1632
2133	29	2	1632	1638
2136	12	1	1639
2137	1	1	1639
2168	28	1	1632
2188	68	1	1638
2409	44	1	1638
2428	13	1	1632
2474	57	1	1638
2478	10	1	1638
2502	9	1	1637
2505	3	1	1639
2600	6	1	1639
2688	29	1	1638
2752	18	1	1638
2787	16	1	1632
2844	10	1	1638
2864	30	1	1639
3038	19	1	1632
3041	1	1	1632
3206	12	1	1633
3395	4	1	1632
3460	1	1	1632
3561	6	1	1634
3566	4	1	1639
3866	2	1	1637
4126	1	1	1632
4568	3	1	1637
4668	4	1	1639
4754	1	1	1637
4776	4	1	1638
4964	2	1	1639
4991	2	1	1638
5166	1	1	1639
6043	1	1	1639
6120	1	1	1637
