3	402	2	671	674
6	30	2	678	678
7	14	1	674
9	460	1	678
12	126	1	677
14	136	1	670
19	91	2	674	678
23	134	3	674	676	677
30	3	1	678
31	254	2	678	678
33	25	1	676
49	124	2	677	678
50	385	2	674	678
54	733	4	670	672	677	678
59	236	2	670	670
60	231	1	674
63	91	2	671	674
64	81	1	674
67	827	6	671	674	676	677	678	678
69	271	2	677	678
72	17	1	674
75	182	2	671	676
79	87	2	670	670
81	18	1	678
93	42	1	674
94	240	1	674
95	15	2	674	677
99	7	1	678
106	27	1	674
115	225	2	671	676
118	60	2	674	678
119	32	1	678
122	100	1	677
132	187	1	674
135	70	1	670
141	95	1	670
147	56	1	678
151	39	1	678
157	64	2	674	676
158	258	2	670	674
167	516	3	677	678	678
169	194	3	674	678	678
171	137	2	674	677
174	118	2	671	676
176	640	3	671	677	678
181	147	1	671
182	53	1	678
183	160	3	677	678	678
184	42	1	677
189	121	2	671	674
190	8	1	674
193	215	1	670
200	79	2	677	678
202	306	3	677	678	678
204	244	2	671	677
205	241	4	674	677	678	678
210	118	1	672
221	3	1	674
225	185	1	672
230	248	2	674	676
231	25	1	676
232	92	1	674
238	93	1	674
241	35	1	674
247	233	3	674	677	678
248	38	1	671
250	19	1	678
252	193	2	670	678
256	137	2	674	676
264	224	2	671	678
267	58	1	678
279	332	2	670	677
284	18	2	671	678
285	237	2	674	678
287	23	1	674
289	18	1	678
293	151	2	677	678
294	72	1	671
296	135	1	674
297	6	1	678
303	42	1	674
306	128	2	678	678
311	42	1	674
318	211	1	671
319	45	1	676
331	47	2	674	678
335	232	2	677	678
339	70	1	676
340	24	1	674
343	101	1	677
348	173	1	674
352	7	1	678
353	61	1	677
359	233	1	670
369	21	1	678
372	183	2	674	676
381	88	1	678
382	34	1	671
386	312	3	670	670	674
392	34	1	674
393	119	1	671
400	38	1	674
401	34	1	678
402	165	1	678
405	58	3	674	677	678
412	82	1	670
415	7	1	674
418	223	1	670
420	126	1	672
424	83	1	678
432	56	1	674
433	45	1	674
435	71	2	678	678
436	24	1	677
442	25	1	676
451	209	3	670	677	678
454	79	3	671	674	676
460	155	1	670
465	79	1	677
466	47	1	672
468	70	2	674	678
471	59	1	672
475	194	2	674	677
492	134	2	674	678
497	106	2	674	676
508	72	2	674	678
512	202	1	671
514	27	1	674
518	31	1	678
520	80	2	678	678
522	291	1	674
524	56	1	678
528	45	1	674
529	709	4	674	676	677	678
532	91	1	677
537	231	2	676	678
542	165	1	677
544	101	1	678
547	33	1	674
549	12	1	678
555	72	2	674	678
557	69	1	674
567	59	1	677
572	29	1	674
574	51	1	677
575	37	1	674
579	24	1	678
584	69	1	670
586	93	1	678
594	125	1	678
595	120	3	674	676	678
596	61	1	678
597	193	2	678	678
610	34	1	677
616	40	1	674
626	28	1	678
637	17	1	671
641	56	1	677
651	41	1	677
661	24	1	674
664	91	1	676
673	9	1	674
675	87	2	674	676
678	28	1	674
695	143	3	674	678	678
701	107	3	677	678	678
706	6	1	678
707	212	2	674	678
715	250	1	677
718	187	2	677	678
721	216	1	674
740	85	1	670
749	62	1	674
752	214	3	677	678	678
753	47	1	674
764	51	1	672
773	57	1	678
777	114	2	674	676
779	58	1	678
791	13	1	678
793	36	1	674
801	104	1	678
806	50	1	674
813	39	1	674
816	37	1	674
818	40	2	674	676
819	19	1	671
820	36	1	674
827	19	1	678
832	32	1	674
844	317	2	677	678
846	96	3	674	678	678
850	279	1	678
852	37	1	674
861	115	1	677
872	70	2	677	678
884	150	2	674	677
893	12	1	674
909	31	1	678
913	13	1	674
919	53	1	670
921	113	1	670
926	33	1	674
932	22	1	676
933	25	1	678
934	101	2	674	678
942	92	1	674
945	49	1	678
948	190	2	674	677
957	75	1	674
971	24	1	678
978	41	1	670
984	18	1	677
986	108	1	678
999	21	1	678
1003	15	1	678
1005	95	1	674
1016	26	1	674
1018	42	1	678
1021	21	1	676
1028	90	1	678
1031	32	1	674
1035	9	1	674
1037	44	1	678
1045	186	3	674	676	677
1047	144	1	670
1052	117	3	670	672	678
1058	177	2	671	674
1070	77	2	674	676
1091	16	1	674
1111	25	1	677
1116	26	2	670	678
1124	70	1	674
1129	83	1	674
1147	23	1	677
1153	11	1	678
1154	10	1	678
1158	20	1	671
1162	5	1	677
1165	21	1	677
1172	21	1	674
1174	4	1	674
1184	105	1	671
1188	36	1	677
1199	17	1	678
1210	3	1	678
1213	80	1	674
1224	81	1	678
1228	3	1	674
1230	15	1	671
1233	59	1	678
1238	23	1	674
1239	6	1	674
1246	6	1	674
1254	10	1	678
1256	59	2	670	670
1269	41	1	674
1280	57	1	674
1282	51	1	674
1287	72	1	678
1292	15	1	678
1297	52	1	670
1300	40	2	674	678
1303	83	2	671	678
1307	22	1	674
1310	34	1	670
1313	63	1	674
1337	58	1	677
1347	18	1	674
1360	64	1	670
1365	53	1	678
1374	51	1	678
1392	16	1	676
1410	41	1	677
1414	282	2	677	678
1426	44	1	671
1428	10	1	674
1457	25	1	674
1463	29	2	674	676
1476	39	1	677
1477	39	2	677	678
1481	10	1	674
1493	40	1	674
1502	11	1	676
1510	7	2	670	670
1524	76	2	670	674
1534	45	1	674
1538	15	2	674	676
1543	9	1	678
1545	2	1	674
1563	11	1	678
1569	28	1	678
1572	57	1	670
1579	53	1	670
1582	74	1	678
1603	55	1	670
1615	7	1	677
1616	4	1	677
1617	12	1	674
1629	73	1	676
1636	79	1	674
1657	33	1	671
1676	4	1	674
1679	15	1	674
1684	53	4	674	676	677	678
1701	42	1	677
1716	37	1	671
1725	4	1	678
1736	69	1	678
1753	40	1	677
1796	48	2	674	676
1801	69	1	670
1811	21	2	674	676
1817	59	1	678
1831	89	1	678
1833	40	1	678
1835	11	1	674
1853	37	1	671
1855	122	1	674
1856	15	1	674
1862	28	1	677
1884	164	2	670	677
1885	22	1	671
1890	26	2	674	676
1906	6	1	678
1927	56	1	670
1931	49	1	674
1938	19	1	678
1959	23	1	678
1973	27	1	678
1974	3	1	674
2004	22	1	674
2015	51	1	674
2016	1	1	674
2026	23	2	670	670
2044	29	1	674
2059	270	1	677
2081	6	1	678
2090	22	1	674
2097	35	1	671
2108	52	1	670
2111	28	1	671
2134	20	1	677
2155	8	1	678
2194	23	1	678
2216	6	1	674
2231	62	1	674
2257	20	1	678
2259	10	1	678
2269	1	1	674
2283	7	2	674	676
2288	20	1	672
2301	39	1	670
2302	55	2	674	678
2392	9	1	677
2403	7	1	676
2414	7	1	678
2458	44	2	678	678
2474	57	1	671
2482	5	1	678
2561	16	1	670
2563	30	1	677
2609	7	1	674
2645	26	1	678
2727	12	2	674	678
2735	28	1	670
2740	16	1	674
2772	29	1	677
2778	2	1	677
2784	18	1	674
2880	5	1	677
2934	10	1	670
2953	12	1	674
3011	14	1	674
3014	29	1	676
3064	2	1	671
3069	15	1	674
3117	7	2	670	670
3149	3	1	678
3162	6	1	678
3174	5	1	676
3185	31	2	674	676
3211	15	1	678
3262	9	1	678
3295	11	1	677
3344	7	1	676
3402	10	1	677
3403	5	1	674
3468	5	1	674
3590	4	1	678
3595	9	1	674
3751	14	1	677
3807	5	2	678	678
3809	2	1	674
3959	12	1	674
3967	4	1	678
4004	1	1	674
4068	8	1	677
4241	4	1	678
4276	8	1	677
4290	4	1	678
4400	6	2	671	678
4553	8	1	674
4591	1	1	678
4592	4	1	674
4614	3	1	676
4640	8	1	674
4668	4	1	674
4768	2	1	678
4783	1	1	677
4895	4	1	671
4912	2	1	678
6100	1	1	674
