2	522	6	1231	1232	1232	1232	1234	1237
3	402	3	1231	1234	1238
5	41	4	1232	1232	1232	1232
8	114	2	1232	1235
9	460	6	1232	1232	1234	1235	1235	1239
16	286	2	1231	1234
17	35	1	1232
23	134	1	1239
31	254	2	1232	1237
36	62	1	1237
37	139	1	1239
42	52	1	1231
44	85	1	1232
48	257	2	1232	1237
50	385	4	1231	1232	1232	1239
53	219	2	1234	1238
54	733	7	1232	1232	1232	1232	1235	1235	1237
59	236	2	1232	1232
60	231	3	1232	1232	1232
61	98	2	1232	1232
63	91	2	1234	1238
64	81	1	1231
65	159	2	1232	1232
67	827	6	1231	1232	1234	1237	1238	1239
69	271	1	1238
71	218	2	1232	1232
73	344	5	1232	1232	1232	1235	1239
74	65	1	1232
87	54	3	1232	1232	1232
94	240	1	1234
106	27	1	1238
107	71	1	1238
112	118	2	1232	1235
115	225	1	1239
116	15	1	1231
121	192	1	1232
124	13	1	1232
127	31	1	1231
131	90	1	1232
137	73	1	1237
140	29	1	1237
141	95	2	1232	1232
145	64	1	1232
149	63	1	1232
151	39	1	1232
156	205	2	1232	1235
158	258	3	1232	1232	1232
162	75	1	1232
167	516	5	1232	1234	1237	1238	1239
169	194	2	1234	1238
174	118	2	1231	1234
176	640	8	1232	1232	1232	1234	1235	1237	1238	1239
180	221	1	1232
193	215	5	1232	1232	1232	1232	1237
200	79	1	1239
202	306	1	1239
210	118	2	1232	1232
213	56	1	1232
225	185	3	1235	1235	1235
226	42	1	1239
229	118	2	1232	1237
230	248	1	1231
231	25	1	1231
232	92	1	1231
233	3	1	1232
235	20	1	1232
236	95	2	1232	1237
240	128	3	1231	1234	1238
243	42	1	1232
247	233	1	1239
248	38	1	1232
261	105	1	1239
263	17	1	1231
264	224	4	1231	1234	1238	1239
276	69	3	1232	1232	1232
278	49	1	1234
279	332	2	1232	1235
284	18	1	1239
285	237	1	1234
291	260	1	1235
293	151	2	1232	1237
294	72	1	1238
298	69	2	1234	1237
299	113	1	1237
306	128	1	1239
311	42	1	1232
315	40	1	1238
318	211	2	1234	1239
321	104	3	1235	1235	1235
328	122	2	1232	1235
335	232	2	1232	1237
337	15	1	1232
348	173	2	1234	1238
352	7	1	1237
353	61	1	1237
359	233	2	1232	1232
362	45	1	1232
366	34	1	1237
372	183	1	1231
373	88	1	1232
374	249	2	1232	1237
380	42	1	1232
384	205	2	1232	1234
386	312	1	1232
388	35	1	1239
391	64	1	1232
393	119	1	1238
397	159	2	1232	1232
398	22	3	1232	1232	1232
400	38	1	1232
402	165	1	1237
405	58	1	1239
410	48	1	1232
412	82	1	1232
416	106	2	1232	1235
418	223	1	1232
420	126	2	1232	1232
433	45	1	1239
435	71	1	1232
436	24	1	1231
441	80	1	1231
444	28	1	1239
450	166	2	1232	1238
451	209	1	1239
453	83	1	1235
467	113	2	1235	1235
468	70	3	1234	1237	1238
471	59	3	1232	1232	1232
475	194	1	1231
479	38	1	1232
484	23	1	1232
490	261	3	1232	1232	1237
491	74	2	1232	1235
493	75	1	1234
502	98	2	1232	1232
505	5	1	1234
508	72	1	1239
510	111	1	1231
512	202	1	1231
519	77	3	1232	1232	1232
520	80	1	1239
522	291	4	1231	1234	1238	1239
523	35	1	1239
524	56	1	1237
528	45	2	1231	1232
529	709	2	1231	1239
534	102	1	1232
537	231	2	1231	1237
539	55	1	1239
542	165	1	1237
545	70	1	1234
556	69	1	1232
561	130	1	1232
564	50	1	1238
586	93	2	1232	1239
594	125	2	1232	1235
595	120	2	1234	1238
597	193	3	1232	1237	1239
599	69	1	1232
607	45	1	1231
619	31	2	1232	1232
628	47	1	1232
629	76	1	1235
632	61	3	1232	1232	1232
645	227	2	1232	1237
647	29	1	1238
649	30	1	1232
652	57	1	1238
656	103	2	1235	1235
661	24	1	1231
664	91	2	1234	1237
668	49	1	1231
669	3	1	1232
670	126	1	1232
675	87	1	1231
680	45	2	1232	1232
682	26	1	1232
690	96	1	1232
694	90	1	1239
695	143	2	1232	1239
697	100	1	1239
704	88	4	1232	1232	1232	1232
705	8	1	1232
707	212	1	1239
710	84	3	1232	1235	1235
715	250	1	1238
718	187	1	1239
721	216	3	1232	1237	1239
725	80	1	1232
728	31	1	1232
733	173	1	1234
738	85	1	1232
749	62	1	1231
751	166	1	1232
752	214	3	1231	1238	1239
764	51	2	1232	1232
771	101	2	1232	1232
777	114	1	1231
781	11	1	1232
789	139	5	1232	1232	1232	1232	1239
801	104	1	1232
806	50	1	1231
813	39	1	1231
814	171	1	1232
819	19	1	1238
823	115	2	1232	1232
825	90	1	1232
844	317	2	1234	1239
848	100	1	1231
850	279	4	1232	1232	1235	1239
852	37	1	1231
861	115	3	1232	1232	1232
867	120	1	1232
874	11	1	1232
878	39	2	1232	1232
884	150	1	1232
891	23	1	1232
893	12	1	1238
901	7	1	1237
905	125	1	1239
912	41	1	1234
914	3	1	1239
920	47	1	1239
921	113	1	1232
934	101	1	1239
941	145	1	1232
945	49	1	1231
948	190	3	1232	1232	1235
957	75	1	1231
961	65	1	1238
975	82	1	1232
976	75	1	1235
983	184	2	1232	1237
984	18	2	1238	1239
986	108	2	1232	1238
990	46	1	1232
992	68	2	1232	1232
997	19	1	1232
998	101	3	1232	1232	1235
1002	106	1	1232
1005	95	1	1231
1032	33	1	1232
1034	28	1	1232
1036	59	1	1232
1041	49	1	1235
1047	144	4	1232	1232	1232	1232
1052	117	2	1232	1232
1058	177	3	1231	1234	1238
1065	54	2	1232	1237
1069	138	1	1232
1070	77	2	1231	1234
1075	120	2	1234	1238
1096	95	1	1235
1121	109	1	1232
1122	40	1	1238
1129	83	1	1232
1130	157	1	1235
1151	47	1	1231
1166	30	1	1232
1177	54	1	1239
1189	121	2	1235	1235
1194	52	2	1232	1237
1198	42	2	1232	1237
1211	10	1	1232
1213	80	1	1231
1216	108	1	1232
1224	81	1	1239
1230	15	1	1231
1238	23	1	1239
1247	39	1	1232
1248	42	1	1232
1269	41	1	1239
1270	15	1	1232
1282	51	1	1238
1286	28	1	1232
1295	6	1	1232
1303	83	1	1232
1305	8	1	1232
1313	63	1	1238
1349	10	1	1234
1360	64	2	1232	1232
1368	147	1	1232
1377	13	1	1232
1382	10	1	1232
1385	42	1	1232
1414	282	1	1232
1415	22	1	1232
1420	51	1	1232
1433	107	3	1232	1235	1235
1445	25	1	1232
1454	26	1	1237
1457	25	1	1232
1460	139	1	1239
1472	1	1	1237
1494	12	1	1232
1504	41	1	1232
1519	120	2	1232	1235
1521	42	1	1238
1524	76	1	1232
1527	51	1	1239
1531	41	2	1232	1232
1536	15	1	1232
1567	41	2	1231	1238
1571	110	3	1232	1232	1232
1575	53	3	1232	1232	1232
1580	58	1	1231
1582	74	1	1239
1617	12	1	1238
1626	2	1	1239
1630	15	1	1238
1663	3	1	1232
1664	37	1	1232
1684	53	1	1234
1685	67	1	1232
1690	2	1	1231
1692	54	1	1237
1705	27	1	1232
1715	9	1	1232
1716	37	1	1231
1719	42	1	1232
1742	90	1	1237
1754	77	1	1232
1781	20	1	1235
1791	2	1	1232
1796	48	1	1231
1797	64	1	1239
1804	9	1	1232
1810	10	1	1234
1811	21	1	1231
1813	19	1	1232
1814	16	1	1232
1817	59	1	1239
1839	29	1	1232
1850	33	1	1235
1855	122	1	1231
1865	16	1	1232
1872	24	1	1232
1884	164	1	1232
1886	32	2	1235	1235
1905	34	1	1232
1906	6	1	1235
1916	75	1	1237
1925	40	1	1239
1927	56	1	1232
1931	49	1	1239
1938	19	1	1239
1971	19	1	1232
1977	26	1	1232
1993	45	1	1232
2015	51	1	1231
2040	7	1	1232
2044	29	1	1232
2059	270	1	1232
2078	45	1	1237
2089	12	1	1232
2103	16	1	1235
2154	29	1	1232
2172	26	1	1232
2185	10	1	1232
2188	68	2	1232	1235
2212	68	1	1232
2235	14	1	1232
2249	8	1	1239
2257	20	1	1239
2264	37	1	1232
2270	4	1	1232
2339	50	1	1232
2341	6	1	1239
2352	19	2	1232	1237
2379	20	1	1237
2384	5	1	1232
2409	44	1	1232
2454	58	1	1239
2459	10	1	1232
2498	12	1	1232
2553	21	1	1232
2562	7	1	1235
2576	15	2	1232	1237
2594	4	1	1235
2598	4	1	1237
2609	7	1	1232
2621	7	1	1232
2623	19	1	1232
2654	17	1	1232
2664	13	1	1238
2799	38	1	1232
2853	2	1	1234
2881	16	1	1238
2905	30	1	1232
2925	23	1	1232
2972	14	1	1239
2998	9	1	1232
3120	13	1	1232
3215	6	1	1234
3244	6	1	1237
3246	8	1	1239
3247	15	1	1232
3305	13	1	1237
3347	6	1	1238
3372	4	1	1231
3566	4	1	1234
3633	12	1	1232
3719	10	1	1238
3806	1	1	1231
3856	6	1	1237
3959	12	1	1231
4280	3	1	1231
4351	1	1	1238
4433	3	1	1231
4479	3	1	1231
4600	7	1	1234
4697	1	1	1232
4824	2	2	1232	1232
5048	6	1	1232
5184	3	1	1232
5457	1	1	1237
5706	1	1	1232
5875	1	1	1232
