2	522	2	445	446
3	402	7	441	442	442	442	445	448	449
6	30	1	445
9	460	4	443	445	446	448
14	136	1	442
16	286	1	445
18	318	2	441	448
19	91	1	445
22	52	1	445
26	18	1	448
31	254	3	443	445	446
32	15	1	448
37	139	2	443	445
40	133	1	442
41	71	1	442
42	52	2	441	448
48	257	1	442
49	124	1	443
50	385	2	442	448
53	219	2	441	449
54	733	1	446
55	104	2	441	443
60	231	1	445
63	91	3	441	442	448
64	81	1	441
66	71	1	445
67	827	7	440	441	442	442	442	443	445
69	271	3	442	443	445
73	344	1	446
75	182	6	441	442	442	442	448	449
82	4	2	442	442
91	28	1	448
93	42	1	442
94	240	4	442	445	448	449
99	7	1	443
106	27	1	441
107	71	3	441	448	449
108	55	1	442
112	118	1	446
115	225	6	441	442	442	442	445	448
116	15	1	448
118	60	2	445	448
119	32	1	445
122	100	2	445	448
127	31	1	441
132	187	2	445	448
133	113	1	445
134	18	1	448
141	95	1	448
143	116	4	442	445	448	449
147	56	1	445
155	49	1	445
157	64	1	448
167	516	3	443	445	449
169	194	1	445
171	137	3	442	445	448
176	640	5	441	445	446	448	449
180	221	1	446
181	147	3	441	448	449
182	53	2	445	449
183	160	3	442	445	449
189	121	3	441	442	442
197	42	1	445
200	79	1	445
202	306	2	443	445
204	244	3	441	443	449
205	241	3	443	445	449
206	29	2	445	449
219	42	2	445	449
230	248	4	441	442	448	449
232	92	3	442	442	448
238	93	1	445
240	128	2	441	448
241	35	1	448
242	18	1	442
244	18	1	442
247	233	1	443
252	193	2	443	445
256	137	1	442
264	224	4	442	442	445	449
267	58	1	445
279	332	1	446
285	237	5	442	442	442	445	448
289	18	1	445
291	260	3	441	442	448
294	72	2	448	449
296	135	2	448	449
306	128	2	443	445
309	30	1	443
318	211	4	441	445	448	449
335	232	2	443	445
339	70	2	442	448
340	24	1	441
348	173	2	448	449
353	61	1	443
360	2	1	448
372	183	3	442	442	448
381	88	2	445	448
382	34	3	441	442	448
384	205	1	448
392	34	1	442
393	119	3	442	442	448
397	159	1	446
403	54	1	442
416	106	1	449
424	83	1	445
436	24	1	445
439	37	1	440
441	80	2	442	442
444	28	1	445
450	166	2	442	449
451	209	1	443
454	79	3	441	442	448
455	29	1	449
458	18	1	442
460	155	3	443	445	446
462	26	1	442
464	11	1	445
465	79	1	445
467	113	1	446
468	70	1	445
474	3	1	448
475	194	2	442	445
486	41	1	442
492	134	2	448	449
493	75	1	449
497	106	4	441	442	448	449
510	111	3	442	442	448
512	202	2	442	449
514	27	1	445
520	80	1	445
522	291	3	442	445	449
524	56	1	445
529	709	6	441	442	443	445	448	449
532	91	2	443	445
539	55	1	445
542	165	1	443
544	101	1	445
545	70	1	442
546	39	1	441
555	72	1	445
557	69	1	449
564	50	1	449
567	59	2	443	447
574	51	1	445
575	37	1	445
580	36	2	445	449
581	6	1	446
595	120	5	442	442	442	448	449
596	61	1	445
597	193	1	445
627	148	1	445
641	56	1	445
643	68	1	449
647	29	1	442
651	41	1	445
656	103	1	445
657	49	1	445
664	91	1	448
667	16	1	449
668	49	1	448
685	28	1	446
688	133	1	448
694	90	1	443
695	143	1	445
697	100	1	445
701	107	1	445
703	75	1	448
707	212	4	441	442	445	448
714	205	1	446
715	250	2	445	449
718	187	2	443	445
721	216	2	443	447
725	80	1	446
743	9	1	445
745	11	1	448
749	62	2	442	449
752	214	6	441	442	443	445	448	449
753	47	1	448
769	124	1	448
773	57	1	448
777	114	1	441
787	14	1	442
790	49	1	442
793	36	1	445
797	35	1	445
803	10	1	448
813	39	1	442
814	171	1	442
818	40	1	448
820	36	1	449
824	85	1	448
827	19	1	445
832	32	1	441
836	27	1	442
843	51	2	441	448
844	317	5	441	442	445	448	449
846	96	1	445
848	100	2	442	442
850	279	1	446
853	19	1	445
881	56	1	446
899	65	1	445
903	77	1	443
905	125	1	445
909	31	1	445
920	47	1	445
921	113	1	446
925	46	1	449
930	39	2	445	449
932	22	1	448
933	25	1	445
934	101	2	445	449
936	52	1	448
940	14	1	443
942	92	1	449
944	54	1	442
948	190	1	445
957	75	2	441	448
959	20	1	445
971	24	1	445
983	184	1	449
990	46	1	446
993	36	1	446
1002	106	2	445	449
1005	95	1	442
1011	60	1	445
1045	186	1	443
1052	117	1	445
1058	177	3	441	448	449
1063	30	2	445	448
1069	138	1	445
1070	77	3	441	442	448
1075	120	3	445	448	449
1078	65	1	449
1094	99	2	443	445
1124	70	1	448
1141	4	1	445
1145	16	1	445
1154	10	2	441	445
1168	37	1	445
1176	64	1	445
1177	54	1	445
1179	54	1	443
1184	105	2	441	448
1189	121	1	446
1207	66	1	445
1213	80	2	442	449
1227	42	1	442
1233	59	1	443
1242	42	1	445
1245	18	1	448
1274	63	1	445
1280	57	2	441	448
1282	51	1	449
1283	31	1	445
1287	72	1	443
1288	16	1	445
1291	8	1	443
1296	12	1	445
1322	36	1	445
1323	21	1	448
1326	30	2	441	448
1332	7	1	441
1342	44	1	448
1347	18	1	448
1365	53	2	443	443
1369	7	1	448
1378	114	1	445
1382	10	1	445
1403	10	1	445
1411	31	1	445
1414	282	1	443
1426	44	2	442	445
1429	34	1	445
1433	107	1	448
1460	139	3	442	445	449
1463	29	1	448
1493	40	2	442	442
1505	30	1	442
1516	20	1	446
1521	42	1	448
1527	51	1	448
1528	17	1	445
1534	45	1	445
1537	7	1	448
1546	32	1	442
1561	45	1	442
1567	41	1	445
1578	24	1	446
1587	16	1	442
1620	31	1	448
1638	37	1	445
1653	56	1	442
1662	47	1	445
1695	47	1	445
1714	35	1	443
1716	37	1	448
1728	97	1	449
1732	25	1	445
1736	69	1	445
1743	55	1	445
1765	39	1	445
1777	9	1	441
1787	24	1	440
1810	10	1	449
1831	89	1	445
1833	40	1	445
1840	13	1	448
1846	48	1	443
1853	37	3	441	442	442
1854	32	1	445
1855	122	1	442
1884	164	1	445
1912	18	1	445
1925	40	1	445
1937	53	1	443
1938	19	1	445
1945	57	1	442
1952	15	1	442
1965	17	1	442
1973	27	1	445
1976	26	1	446
1989	12	2	441	442
2004	22	2	443	445
2031	21	1	445
2034	34	1	445
2050	8	1	445
2081	6	1	448
2090	22	1	445
2092	49	1	448
2122	22	1	445
2139	15	1	442
2170	35	1	441
2180	12	1	442
2191	16	1	445
2194	23	1	445
2204	7	1	442
2225	19	2	441	448
2249	8	1	445
2254	18	1	442
2264	37	1	445
2266	38	1	445
2287	13	1	442
2312	13	1	442
2326	33	1	443
2328	13	1	442
2335	2	1	448
2351	15	1	443
2382	2	1	448
2387	12	1	446
2449	23	2	441	448
2452	1	1	448
2495	2	1	449
2497	3	1	445
2527	28	1	442
2546	33	1	442
2553	21	1	446
2620	25	1	441
2631	10	1	440
2642	6	1	448
2667	15	2	442	448
2694	9	1	448
2722	8	1	446
2727	12	1	445
2760	4	1	442
2772	29	1	443
2785	10	1	445
2788	24	1	442
2801	4	1	448
2807	6	1	443
2808	27	1	448
2907	4	1	445
2908	19	1	445
2963	9	1	448
2972	14	1	445
2980	11	1	448
3005	2	1	445
3037	11	1	446
3103	10	1	448
3175	6	1	445
3187	30	1	442
3201	14	1	445
3211	15	1	448
3217	16	1	445
3231	1	1	442
3240	12	1	445
3253	6	1	445
3379	11	1	448
3381	13	1	448
3426	10	1	445
3433	18	1	449
3437	1	1	442
3459	6	1	448
3580	11	1	445
3647	10	1	441
3650	3	1	445
3712	8	1	445
3719	10	1	448
3737	3	1	446
3761	4	1	446
3796	7	1	445
3835	6	1	445
3846	5	1	446
3874	9	1	445
3875	6	1	448
3880	9	1	442
3924	7	1	442
4075	1	1	445
4098	15	1	448
4448	1	1	445
4532	8	1	446
4557	5	1	448
4628	3	1	449
4685	7	1	449
4774	1	1	445
5100	1	1	448
5401	2	1	448
5545	1	1	442
5612	1	1	445
5689	1	1	448
5722	1	1	446
5729	1	1	442
5768	1	1	448
