2	522	1	611
3	402	1	618
5	41	1	619
6	30	1	614
9	460	1	612
12	126	1	611
18	318	1	611
22	52	1	610
23	134	1	614
46	63	1	611
48	257	2	611	612
50	385	2	611	618
54	733	2	612	619
57	33	1	612
60	231	3	610	614	619
62	89	1	618
64	81	1	618
65	159	1	619
67	827	4	610	611	614	618
69	271	2	610	614
71	218	1	619
73	344	2	611	612
74	65	1	611
94	240	1	614
97	34	1	611
103	237	1	610
108	55	1	614
112	118	1	611
115	225	2	614	618
119	32	1	615
121	192	1	611
123	59	1	611
139	16	1	610
145	64	1	619
147	56	1	614
156	205	1	612
157	64	1	618
158	258	1	619
163	16	1	611
165	38	1	618
167	516	2	611	614
169	194	1	614
171	137	2	610	614
176	640	4	610	612	614	619
180	221	1	619
183	160	2	610	614
196	93	2	611	614
202	306	2	610	614
204	244	1	610
205	241	2	610	614
225	185	1	611
229	118	1	611
230	248	1	618
231	25	1	618
241	35	1	618
243	42	1	611
248	38	1	612
252	193	1	610
264	224	1	618
279	332	1	619
280	61	1	612
285	237	2	614	618
291	260	2	611	612
293	151	1	611
302	22	1	612
318	211	1	614
320	52	1	612
321	104	1	611
328	122	1	612
331	47	1	611
334	23	1	611
335	232	1	611
337	15	1	619
343	101	1	611
345	54	1	611
359	233	2	612	619
371	26	1	610
372	183	1	618
373	88	1	612
381	88	1	614
384	205	1	615
386	312	2	611	619
391	64	2	611	612
392	34	1	610
402	165	2	610	614
407	48	1	611
409	36	1	611
420	126	1	619
421	42	1	612
424	83	1	614
433	45	1	614
439	37	1	611
442	25	1	618
451	209	2	610	614
466	47	1	619
468	70	1	610
471	59	1	619
475	194	2	610	614
490	261	1	612
492	134	1	611
512	202	1	610
514	27	1	614
520	80	1	610
523	35	1	610
529	709	4	610	611	614	618
532	91	1	614
537	231	2	610	615
542	165	2	610	614
551	16	1	619
564	50	1	610
567	59	1	615
569	13	1	619
580	36	1	611
599	69	1	611
610	34	1	611
613	9	1	614
616	40	1	611
617	3	1	618
627	148	1	611
628	47	1	611
635	84	2	611	619
645	227	1	611
652	57	2	610	614
666	34	1	619
670	126	1	619
675	87	1	618
685	28	1	612
694	90	1	614
697	100	1	614
700	32	1	618
704	88	1	619
714	205	1	611
715	250	3	610	614	615
718	187	2	610	614
720	4	1	610
722	15	1	612
738	85	1	610
747	93	1	611
751	166	1	611
771	101	1	612
777	114	1	618
801	104	1	611
814	171	2	612	619
823	115	1	611
831	34	1	611
842	137	1	612
844	317	2	610	614
848	100	1	618
850	279	2	612	614
857	9	1	614
867	120	1	611
878	39	1	611
881	56	1	614
884	150	1	611
938	13	1	612
941	145	1	611
945	49	1	610
948	190	1	619
957	75	1	618
976	75	1	611
980	24	1	612
983	184	1	614
996	15	1	611
998	101	1	612
1000	66	1	611
1002	106	1	614
1005	95	1	618
1016	26	1	618
1022	48	1	611
1028	90	2	615	615
1034	28	1	619
1037	44	1	612
1045	186	2	610	618
1049	26	1	612
1069	138	2	610	611
1078	65	1	611
1079	24	1	619
1087	58	1	610
1094	99	1	611
1095	20	1	611
1108	92	1	611
1122	40	1	610
1129	83	1	611
1130	157	1	612
1131	47	1	612
1148	78	1	611
1149	42	1	611
1156	82	1	612
1158	20	1	612
1176	64	1	614
1189	121	1	612
1198	42	1	611
1199	17	1	614
1207	66	1	614
1208	8	1	618
1211	10	1	612
1223	27	1	611
1224	81	1	614
1247	39	1	612
1252	88	1	610
1270	15	1	619
1274	63	1	614
1284	46	1	612
1299	66	1	611
1303	83	1	611
1310	34	1	612
1321	63	1	614
1335	20	1	612
1344	47	1	614
1367	21	1	610
1368	147	1	619
1403	10	1	612
1410	41	2	610	614
1411	31	1	610
1417	41	1	611
1420	51	1	619
1429	34	1	610
1438	8	1	612
1439	7	1	612
1460	139	2	614	618
1463	29	1	618
1476	39	1	611
1505	30	1	618
1531	41	1	619
1542	16	1	612
1547	26	1	611
1550	16	1	611
1571	110	1	619
1575	53	1	619
1583	8	1	611
1622	33	1	611
1629	73	1	614
1638	37	1	611
1678	12	1	614
1714	35	1	611
1729	76	1	611
1732	25	1	610
1814	16	1	612
1817	59	1	614
1841	31	1	611
1855	122	1	618
1862	28	1	612
1920	16	1	619
2031	21	1	614
2046	105	1	612
2059	270	1	612
2066	40	1	611
2082	26	1	615
2127	32	1	610
2144	30	1	619
2160	82	2	610	619
2172	26	1	619
2222	20	1	618
2244	18	1	611
2255	37	1	618
2325	8	1	619
2367	8	1	611
2419	12	1	611
2472	12	1	611
2563	30	1	615
2623	19	1	612
2625	15	1	614
2633	5	1	612
2650	18	1	611
2693	25	1	611
2772	29	1	610
2840	3	1	618
2866	6	1	612
2955	19	1	614
3048	1	1	618
3103	10	1	618
3128	22	1	612
3139	3	1	612
3189	12	1	614
3197	13	1	612
3240	12	1	612
3414	12	1	614
3421	2	1	618
3435	16	1	612
3492	1	1	612
3584	5	1	610
3795	2	1	611
3978	1	1	612
4378	1	1	611
4402	5	1	618
4412	3	1	618
4465	1	1	614
5187	4	1	611
5263	1	1	611
