54	733	1	2870
71	218	2	2870	2874
73	344	1	2874
121	192	1	2874
158	258	1	2870
176	640	2	2870	2874
210	118	1	2870
225	185	2	2870	2874
279	332	2	2870	2874
286	88	1	2874
418	223	1	2874
420	126	1	2870
426	110	1	2874
460	155	1	2870
515	94	1	2874
551	16	1	2870
635	84	1	2874
645	227	1	2874
789	139	1	2870
842	137	1	2874
1047	144	1	2874
1148	78	1	2874
1187	18	1	2870
1195	153	1	2874
1337	58	1	2874
1399	39	1	2870
1884	164	1	2874
2160	82	1	2874
2172	26	1	2870
2188	68	2	2870	2874
3059	18	1	2874
3256	1	1	2870
3476	2	1	2874
4675	3	1	2870
