0	8	1	1939
9	460	2	1938	1939
19	91	1	1933
23	134	1	1938
35	1	1	1933
37	139	1	1938
44	85	1	1935
50	385	4	1931	1935	1938	1939
53	219	1	1933
54	733	1	1939
57	33	1	1931
61	98	1	1931
67	827	3	1931	1935	1938
71	218	3	1931	1935	1939
73	344	1	1939
94	240	1	1938
112	118	1	1939
147	56	1	1938
167	516	2	1933	1938
169	194	1	1938
172	79	1	1938
176	640	3	1933	1938	1939
180	221	2	1933	1939
196	93	1	1933
202	306	1	1938
203	36	1	1933
219	42	1	1938
230	248	1	1933
247	233	1	1938
252	193	1	1939
264	224	1	1938
276	69	1	1931
279	332	1	1939
285	237	1	1933
291	260	2	1933	1939
318	211	1	1938
334	23	1	1935
343	101	1	1931
358	26	1	1936
359	233	1	1939
373	88	1	1939
384	205	1	1933
439	37	1	1936
467	113	1	1935
475	194	1	1938
482	42	1	1931
490	261	1	1939
494	29	1	1931
508	72	1	1938
515	94	2	1931	1935
522	291	1	1933
555	72	1	1938
594	125	1	1931
597	193	1	1938
610	34	1	1938
635	84	1	1931
643	68	1	1933
645	227	2	1931	1935
655	50	1	1939
664	91	1	1935
680	45	1	1931
692	70	1	1931
695	143	1	1938
697	100	1	1938
707	212	2	1933	1938
714	205	1	1931
718	187	1	1938
725	80	1	1931
733	173	1	1933
771	101	2	1935	1939
780	8	1	1931
801	104	1	1939
818	40	1	1933
823	115	1	1939
825	90	1	1931
846	96	1	1938
850	279	2	1931	1938
884	150	1	1931
903	77	1	1935
909	31	1	1938
930	39	2	1931	1938
933	25	1	1938
936	52	1	1938
975	82	1	1935
999	21	1	1933
1045	186	1	1933
1047	144	1	1931
1054	19	1	1933
1058	177	1	1933
1111	25	1	1931
1120	18	1	1931
1121	109	1	1939
1124	70	1	1933
1129	83	1	1935
1151	47	1	1933
1168	37	1	1939
1184	105	1	1933
1189	121	1	1939
1195	153	1	1931
1254	10	1	1933
1350	30	1	1931
1364	54	1	1939
1378	114	1	1935
1414	282	1	1933
1426	44	1	1938
1436	30	1	1933
1438	8	1	1933
1460	139	1	1938
1475	69	1	1938
1476	39	1	1935
1512	23	1	1931
1527	51	1	1938
1535	3	1	1935
1582	74	1	1938
1592	3	1	1938
1662	47	1	1938
1678	12	1	1938
1719	42	1	1938
1736	69	1	1938
1746	11	1	1933
1753	40	2	1931	1935
1781	20	1	1933
1798	15	1	1935
1808	47	1	1931
1934	11	1	1935
1937	53	1	1938
1939	66	1	1931
1973	27	1	1938
2050	8	1	1938
2071	45	1	1935
2082	26	1	1938
2111	28	1	1931
2133	29	1	1931
2200	10	1	1938
2341	6	1	1938
2474	57	1	1935
2505	3	1	1933
2560	4	1	1933
2563	30	1	1931
2650	18	2	1931	1935
2818	8	1	1933
2925	23	1	1939
3127	1	1	1938
3247	15	1	1931
3473	9	1	1931
3857	10	1	1938
4298	3	1	1933
4383	3	1	1938
5516	1	1	1939
5640	2	1	1933
5642	1	1	1933
5701	1	1	1933
5786	1	1	1938
