2	522	2	741	746
3	402	1	748
6	30	1	743
9	460	1	746
12	126	1	741
16	286	2	746	748
17	35	1	744
18	318	1	743
23	134	1	742
31	254	3	741	743	746
36	62	2	741	746
40	133	2	742	748
41	71	1	748
42	52	1	748
48	257	2	741	746
54	733	3	741	743	746
59	236	1	740
64	81	1	748
67	827	6	741	742	743	744	746	748
69	271	2	743	746
75	182	2	742	748
81	18	1	748
93	42	1	748
96	113	1	746
135	70	1	740
137	73	1	746
156	205	2	741	746
167	516	3	741	744	746
169	194	1	741
171	137	1	748
176	640	4	742	743	744	748
179	121	1	746
189	121	1	742
193	215	2	740	741
194	40	1	740
202	306	2	743	744
204	244	2	743	744
205	241	1	743
229	118	2	741	746
236	95	1	746
241	35	1	748
242	18	1	748
244	18	1	742
247	233	1	744
256	137	2	742	748
276	69	1	744
278	49	1	744
279	332	1	740
291	260	1	748
293	151	2	741	746
298	69	1	746
299	113	2	741	746
305	13	1	743
316	6	1	748
317	9	1	748
335	232	1	746
339	70	1	748
349	48	1	744
353	61	1	746
366	34	1	746
372	183	1	742
374	249	2	741	746
379	46	1	741
380	42	1	741
384	205	2	743	744
386	312	2	740	748
402	165	2	741	746
405	58	1	744
407	48	1	746
411	16	1	741
412	82	1	743
418	223	1	740
432	56	1	743
441	80	2	742	748
454	79	2	742	748
461	27	1	743
475	194	2	742	748
481	56	1	746
486	41	1	742
490	261	1	741
492	134	3	743	744	746
497	106	1	748
502	98	1	743
510	111	2	742	748
512	202	1	748
523	35	1	748
529	709	3	741	743	744
534	102	2	741	746
542	165	2	741	746
544	101	1	743
545	70	1	748
556	69	1	741
567	59	1	744
586	93	1	744
594	125	1	741
597	193	3	743	744	746
601	23	1	748
640	10	1	740
645	227	2	741	746
651	41	1	744
657	49	1	741
664	91	1	742
670	126	1	740
690	96	1	741
692	70	1	746
694	90	1	743
695	143	1	744
701	107	1	743
715	250	1	743
718	187	1	744
721	216	3	741	743	746
751	166	2	741	746
752	214	2	744	748
766	132	1	744
771	101	1	743
804	49	1	743
814	171	1	740
824	85	2	740	744
825	90	1	746
827	19	1	743
835	8	1	743
842	137	1	740
846	96	1	744
848	100	1	748
862	52	1	748
867	120	1	746
895	57	2	741	746
900	67	1	741
903	77	1	744
905	125	1	741
931	10	1	748
940	14	2	743	744
945	49	1	748
946	75	1	746
957	75	2	742	748
970	28	1	746
983	184	2	741	746
986	108	1	743
1001	73	2	746	748
1011	60	1	743
1018	42	1	746
1028	90	1	746
1032	33	1	746
1033	30	1	741
1041	49	1	746
1045	186	2	743	744
1057	20	1	746
1078	65	1	746
1087	58	1	748
1094	99	1	746
1111	25	1	744
1116	26	1	740
1123	25	1	744
1129	83	1	743
1136	55	1	746
1137	10	1	744
1156	82	3	741	744	746
1158	20	1	744
1167	11	1	748
1179	54	1	743
1188	36	1	748
1194	52	1	746
1227	42	2	742	748
1233	59	2	743	744
1252	88	1	744
1263	9	1	748
1268	2	1	744
1303	83	1	746
1321	63	1	743
1327	34	1	744
1360	64	1	740
1365	53	1	743
1378	114	1	743
1385	42	1	746
1414	282	2	743	748
1415	22	1	740
1417	41	1	743
1426	44	1	744
1433	107	1	741
1460	139	1	744
1474	36	2	741	746
1476	39	1	744
1477	39	1	743
1546	32	1	743
1561	45	1	748
1571	110	1	740
1602	7	1	740
1692	54	1	746
1695	47	1	741
1711	25	1	740
1728	97	1	743
1742	90	1	746
1762	57	1	743
1806	8	1	746
1821	27	2	743	744
1838	5	1	741
1925	40	1	744
1942	12	1	746
1971	19	1	740
1977	26	1	741
2015	51	1	748
2059	270	2	740	746
2071	45	1	744
2101	26	1	743
2108	52	1	740
2129	9	1	740
2144	30	1	741
2180	12	1	740
2186	42	2	740	744
2231	62	1	744
2240	20	1	744
2263	15	2	742	748
2311	11	1	748
2326	33	1	743
2348	47	2	741	746
2351	15	1	742
2381	49	1	743
2437	13	1	746
2438	14	1	742
2458	44	1	744
2477	14	1	748
2488	13	1	748
2542	14	1	748
2563	30	1	743
2602	20	1	741
2675	17	2	742	748
2685	13	1	740
2700	12	1	746
2706	33	1	746
2729	23	1	743
2748	32	1	741
2749	26	1	746
2772	29	1	744
2788	24	1	748
2875	22	2	741	746
2905	30	1	743
2908	19	1	746
2976	16	1	746
3020	26	1	746
3077	5	1	740
3104	13	1	746
3134	11	1	744
3238	5	1	743
3467	17	1	743
3480	3	1	744
3494	12	1	742
3751	14	1	744
3769	19	1	742
3778	10	1	742
3822	1	1	748
3883	3	1	746
3904	6	1	746
4132	2	1	748
4232	2	1	742
4327	2	1	742
4371	3	1	742
4622	2	1	741
4733	2	1	741
5076	1	1	742
5264	1	1	741
5290	1	1	748
5305	1	1	746
5976	1	1	741
6091	1	1	741
