2	522	3	534	534	536
3	402	3	536	537	538
8	114	1	530
9	460	3	531	532	536
12	126	1	532
16	286	7	531	532	533	534	534	535	536
18	318	3	532	536	537
23	134	1	535
31	254	2	533	535
33	25	1	537
34	16	1	538
36	62	1	531
37	139	2	533	534
40	133	2	537	538
41	71	1	537
42	52	2	536	537
46	63	1	534
48	257	2	534	534
49	124	4	531	532	534	535
50	385	2	530	537
52	57	2	536	537
53	219	1	539
54	733	6	530	531	532	533	534	535
55	104	5	531	532	534	535	536
59	236	1	530
61	98	1	530
62	89	1	531
63	91	1	536
64	81	1	536
65	159	2	530	534
66	71	1	533
67	827	9	531	532	533	534	534	535	536	537	538
69	271	4	531	532	533	534
71	218	1	530
72	17	1	534
75	182	2	536	537
93	42	1	536
94	240	2	536	539
95	15	1	532
96	113	2	531	534
97	34	3	533	534	534
103	237	2	536	537
106	27	1	536
107	71	1	536
108	55	2	535	536
115	225	1	536
116	15	1	536
119	32	1	535
122	100	2	531	534
123	59	2	531	534
126	41	1	535
132	187	2	531	536
133	113	1	536
134	18	1	537
135	70	1	535
143	116	1	536
144	23	1	536
149	63	1	534
151	39	1	534
156	205	3	531	534	536
157	64	1	536
158	258	1	530
165	38	1	537
167	516	7	531	532	533	534	534	535	539
169	194	2	533	534
171	137	1	537
172	79	1	534
174	118	1	536
176	640	4	530	534	536	538
179	121	1	534
181	147	1	538
183	160	3	535	536	538
184	42	1	532
189	121	1	536
191	49	1	539
193	215	4	530	534	534	539
197	42	1	532
200	79	3	532	533	534
202	306	3	532	533	535
203	36	1	536
204	244	2	532	533
205	241	3	532	533	536
225	185	1	534
229	118	2	534	534
230	248	3	536	537	538
232	92	1	536
236	95	1	534
238	93	2	533	534
239	10	1	536
240	128	2	536	537
242	18	2	536	537
247	233	5	533	534	535	537	539
250	19	1	535
252	193	2	530	533
256	137	1	537
259	28	1	530
261	105	1	536
264	224	1	536
268	11	1	536
276	69	1	530
279	332	2	530	532
280	61	1	535
285	237	2	536	539
291	260	1	537
293	151	4	532	533	534	534
296	135	2	536	537
299	113	2	532	534
306	128	3	531	534	534
309	30	1	532
314	31	2	536	536
318	211	1	536
321	104	1	534
332	31	1	530
335	232	5	531	533	534	534	535
336	30	1	532
339	70	2	536	537
340	24	1	536
348	173	2	536	537
353	61	1	539
357	12	1	536
359	233	2	530	531
366	34	2	534	534
371	26	1	536
372	183	3	536	537	538
374	249	3	531	534	534
379	46	1	534
382	34	1	536
384	205	2	531	532
386	312	1	530
388	35	1	533
392	34	1	536
393	119	1	536
400	38	1	536
402	165	3	531	532	534
403	54	1	536
409	36	1	532
416	106	1	536
420	126	1	530
424	83	2	533	534
448	41	1	537
450	166	1	536
451	209	3	530	532	533
454	79	1	536
455	29	2	536	539
460	155	1	536
461	27	1	531
466	47	1	530
468	70	2	532	537
471	59	1	530
473	3	1	538
475	194	3	532	537	538
482	42	1	535
486	41	1	537
488	47	1	534
489	19	1	533
490	261	5	530	531	533	534	534
497	106	1	536
504	26	1	537
510	111	2	537	538
512	202	1	537
522	291	4	531	536	537	539
523	35	1	537
524	56	2	534	536
528	45	1	536
529	709	9	530	531	532	533	534	534	535	536	537
532	91	1	533
533	26	2	532	534
534	102	1	533
535	11	1	532
537	231	3	532	535	538
542	165	4	531	532	533	534
544	101	1	533
545	70	1	536
547	33	1	536
555	72	2	534	536
556	69	2	531	534
557	69	2	531	534
558	64	2	534	534
561	130	1	530
567	59	2	533	535
568	25	1	530
569	13	1	530
572	29	1	536
575	37	1	533
586	93	2	531	534
595	120	2	532	536
596	61	3	533	534	534
597	193	4	531	534	534	535
601	23	2	536	537
602	37	1	532
627	148	1	534
628	47	2	533	534
635	84	1	530
641	56	1	534
645	227	2	530	531
651	41	1	535
655	50	1	531
657	49	1	534
664	91	1	534
665	31	1	536
668	49	1	536
670	126	1	530
680	45	1	530
688	133	2	530	532
690	96	1	534
694	90	3	531	532	534
695	143	4	532	533	535	537
701	107	2	532	533
707	212	2	536	538
714	205	2	534	534
715	250	5	532	533	535	536	537
718	187	1	532
719	3	1	532
721	216	2	534	534
728	31	1	530
732	45	1	536
733	173	1	539
738	85	1	534
740	85	2	530	536
747	93	1	534
751	166	2	531	534
752	214	3	532	536	537
764	51	1	530
766	132	2	531	534
769	124	1	530
777	114	1	536
778	47	1	537
779	58	1	532
781	11	1	534
786	56	1	534
787	14	1	538
790	49	1	536
793	36	2	534	537
797	35	1	539
798	40	1	533
800	36	1	537
801	104	2	533	534
803	10	1	537
804	49	1	534
806	50	1	536
809	10	1	537
817	10	1	536
818	40	1	532
819	19	1	536
824	85	1	538
829	34	2	531	534
830	8	1	534
831	34	1	534
832	32	1	536
833	17	1	536
836	27	1	538
842	137	1	530
843	51	1	536
844	317	1	539
846	96	2	532	538
850	279	2	534	535
852	37	1	536
853	19	1	537
854	39	2	533	534
855	51	3	533	534	534
861	115	2	530	532
866	24	1	534
867	120	3	534	534	539
872	70	2	532	534
879	19	1	531
882	17	1	539
892	38	1	536
894	39	1	538
900	67	1	534
905	125	2	532	539
912	41	1	536
913	13	1	536
919	53	1	530
920	47	1	533
934	101	1	532
936	52	1	536
942	92	1	539
943	38	1	534
944	54	1	536
945	49	1	537
948	190	1	530
956	60	1	534
957	75	1	536
961	65	1	536
963	31	1	536
971	24	1	536
983	184	2	531	534
986	108	1	534
996	15	1	535
1008	8	1	533
1028	90	2	531	533
1036	59	2	530	534
1040	26	1	530
1045	186	1	532
1047	144	1	530
1050	29	1	531
1058	177	1	536
1070	77	1	536
1072	36	1	530
1074	38	1	534
1075	120	1	536
1078	65	1	536
1080	23	1	538
1087	58	1	532
1094	99	2	534	534
1101	36	1	535
1108	92	1	530
1114	6	1	536
1123	25	2	532	533
1124	70	1	536
1130	157	1	534
1136	55	2	532	533
1140	19	1	530
1156	82	1	532
1164	8	1	533
1168	37	1	539
1175	42	3	533	534	534
1179	54	1	533
1187	18	1	530
1190	29	1	537
1193	2	1	531
1195	153	1	530
1198	42	1	534
1207	66	1	537
1209	24	2	531	534
1213	80	1	536
1227	42	1	537
1229	58	2	533	534
1233	59	3	532	533	535
1245	18	1	536
1252	88	2	532	533
1264	22	1	537
1269	41	1	533
1270	15	1	530
1273	1	1	530
1280	57	1	536
1282	51	2	536	539
1284	46	1	535
1291	8	1	533
1292	15	1	533
1299	66	1	534
1321	63	2	534	535
1323	21	1	536
1324	15	1	537
1326	30	1	536
1331	31	2	534	534
1334	5	1	536
1347	18	1	536
1357	20	1	539
1364	54	1	531
1365	53	1	532
1368	147	1	530
1372	12	2	533	534
1374	51	1	536
1378	114	2	531	534
1385	42	1	534
1399	39	1	530
1410	41	1	536
1414	282	6	531	532	533	534	535	539
1420	51	1	530
1460	139	2	531	534
1463	29	2	536	538
1474	36	1	534
1475	69	1	534
1482	1	1	537
1486	7	1	536
1505	30	2	537	538
1519	120	1	534
1528	17	1	536
1531	41	1	530
1534	45	1	536
1536	15	1	530
1561	45	2	537	538
1568	6	1	536
1571	110	1	530
1572	57	1	530
1575	53	1	530
1580	58	1	537
1582	74	1	539
1587	16	1	537
1588	9	1	536
1617	12	1	536
1620	31	1	536
1622	33	1	534
1629	73	1	536
1636	79	2	534	536
1637	11	1	533
1638	37	2	534	537
1643	24	1	530
1655	14	1	536
1660	21	2	531	534
1678	12	1	536
1684	53	1	536
1692	54	1	534
1696	20	1	539
1707	22	1	535
1714	35	1	534
1719	42	1	531
1742	90	1	534
1753	40	1	533
1762	57	1	530
1765	39	1	537
1776	59	1	534
1796	48	1	536
1806	8	1	534
1817	59	1	531
1836	10	1	537
1853	37	1	536
1855	122	3	536	537	538
1877	5	1	537
1901	2	1	536
1913	6	1	530
1925	40	1	535
1931	49	1	536
1938	19	1	536
1940	3	1	536
1945	57	1	536
1977	26	1	531
2015	51	1	536
2023	12	1	534
2031	21	1	532
2033	4	1	530
2037	41	1	530
2046	105	1	534
2059	270	2	532	533
2062	33	1	534
2078	45	1	534
2090	22	1	537
2092	49	1	536
2100	20	1	536
2101	26	1	531
2111	28	1	530
2128	52	2	531	533
2129	9	1	530
2134	20	1	532
2149	29	3	530	536	537
2155	8	1	532
2160	82	1	530
2170	35	1	536
2172	26	1	530
2180	12	1	538
2192	26	2	531	534
2195	8	1	534
2204	7	1	538
2230	13	1	533
2231	62	1	531
2254	18	1	537
2262	2	1	536
2264	37	1	532
2265	1	1	533
2266	38	1	531
2289	5	1	539
2298	5	1	538
2302	55	1	532
2312	13	1	538
2318	17	1	537
2326	33	1	532
2328	13	2	537	538
2339	50	1	530
2379	20	2	531	534
2405	11	1	537
2440	12	1	536
2458	44	2	533	536
2474	57	1	536
2479	50	1	534
2488	13	1	536
2532	9	1	534
2551	2	1	534
2563	30	1	532
2595	15	1	536
2602	20	1	534
2635	2	1	535
2703	10	2	536	537
2713	11	1	533
2719	2	1	534
2722	8	1	535
2729	23	1	531
2735	28	1	530
2740	16	1	536
2768	3	1	531
2772	29	1	532
2774	4	1	533
2780	6	1	537
2784	18	1	537
2850	7	1	533
2880	5	1	535
2899	21	1	532
2950	26	1	534
2967	7	1	532
2975	3	1	533
3000	1	1	533
3035	3	1	536
3039	11	1	537
3096	10	1	530
3126	15	2	531	534
3162	6	1	533
3168	23	1	535
3185	31	1	536
3187	30	1	537
3212	1	1	536
3215	6	1	536
3233	9	1	530
3325	6	1	534
3385	4	1	533
3392	16	1	536
3402	10	1	533
3414	12	1	539
3446	6	1	539
3497	18	1	531
3537	2	1	536
3561	6	1	536
3571	5	1	535
3575	14	1	535
3586	9	1	531
3595	9	1	537
3633	12	1	534
3638	6	1	534
3668	10	1	534
3674	10	1	530
3691	19	1	534
3720	3	1	535
3745	4	1	536
3796	7	1	539
3837	5	1	531
3875	6	1	536
3885	4	1	531
3914	3	1	536
3915	4	1	533
3926	4	1	533
4013	3	1	536
4053	5	1	533
4072	3	1	536
4117	2	1	539
4188	5	1	534
4284	7	1	534
4399	4	1	535
4427	3	1	539
4558	5	1	534
4634	1	1	536
4711	2	1	536
4834	4	1	536
4836	2	1	533
4837	3	1	539
4871	6	1	534
5108	5	1	535
5231	1	1	535
5429	4	2	531	536
5481	1	1	536
5608	1	1	530
6082	1	1	536
