2	522	5	1172	1175	1177	1178	1179
8	114	1	1175
9	460	1	1175
12	126	1	1178
18	318	4	1172	1175	1177	1178
23	134	1	1172
31	254	2	1172	1178
33	25	1	1174
37	139	1	1172
48	257	1	1178
54	733	2	1175	1179
60	231	1	1175
65	159	1	1178
67	827	2	1174	1178
71	218	2	1175	1178
73	344	2	1175	1178
75	182	1	1174
77	63	1	1171
91	28	1	1177
94	240	2	1172	1177
96	113	1	1178
103	237	2	1172	1179
111	30	1	1178
112	118	1	1175
115	225	2	1172	1177
118	60	2	1172	1177
121	192	1	1175
123	59	1	1178
132	187	3	1172	1174	1178
133	113	1	1171
143	116	2	1172	1177
149	63	1	1178
165	38	1	1172
167	516	3	1172	1177	1178
169	194	2	1172	1174
171	137	1	1172
172	79	1	1172
174	118	1	1174
176	640	3	1175	1177	1179
182	53	2	1172	1177
183	160	2	1172	1177
193	215	2	1172	1177
194	40	1	1171
196	93	2	1172	1177
200	79	1	1174
202	306	2	1172	1177
204	244	2	1172	1177
205	241	1	1177
210	118	1	1175
219	42	1	1172
225	185	2	1175	1178
229	118	1	1178
230	248	1	1174
232	92	1	1174
240	128	2	1172	1177
252	193	1	1175
256	137	1	1174
260	98	1	1177
262	57	1	1178
264	224	2	1172	1174
279	332	3	1171	1172	1175
280	61	1	1175
285	237	1	1172
298	69	1	1178
317	9	1	1174
320	52	1	1175
321	104	1	1178
335	232	1	1179
339	70	1	1177
341	50	1	1178
348	173	2	1172	1177
353	61	1	1177
355	9	1	1175
359	233	1	1175
374	249	1	1178
381	88	1	1172
386	312	2	1171	1174
388	35	2	1172	1177
391	64	1	1178
397	159	2	1172	1175
418	223	1	1171
424	83	1	1177
432	56	1	1172
433	45	1	1172
442	25	1	1174
451	209	1	1172
455	29	2	1172	1177
456	54	1	1178
460	155	1	1171
467	113	1	1175
472	21	1	1175
490	261	2	1175	1177
497	106	1	1172
512	202	2	1172	1177
519	77	1	1172
520	80	1	1177
522	291	2	1172	1177
524	56	2	1174	1177
529	709	4	1172	1174	1177	1178
545	70	1	1174
576	117	1	1171
593	56	1	1175
594	125	1	1177
625	32	1	1172
626	28	1	1172
628	47	1	1178
645	227	1	1178
655	50	1	1175
656	103	1	1175
664	91	1	1178
670	126	1	1171
675	87	1	1174
688	133	1	1171
690	96	1	1178
694	90	2	1172	1177
697	100	2	1172	1177
699	43	1	1172
704	88	2	1171	1172
707	212	2	1172	1177
710	84	1	1171
714	205	1	1178
715	250	2	1172	1177
718	187	1	1172
749	62	2	1172	1177
751	166	1	1178
752	214	1	1177
769	124	1	1175
771	101	1	1175
773	57	1	1172
777	114	1	1174
789	139	1	1171
799	5	1	1178
801	104	2	1175	1177
814	171	1	1171
823	115	1	1178
824	85	1	1171
828	15	1	1177
842	137	2	1171	1175
843	51	1	1174
844	317	2	1172	1177
855	51	1	1175
859	26	1	1171
862	52	2	1172	1177
867	120	2	1177	1178
882	17	1	1172
884	150	1	1178
894	39	1	1178
919	53	1	1171
932	22	1	1172
933	25	1	1177
934	101	2	1174	1177
941	145	1	1178
946	75	1	1175
963	31	1	1178
983	184	2	1177	1178
1001	73	3	1172	1174	1177
1002	106	1	1177
1009	20	2	1172	1177
1021	21	1	1174
1031	32	1	1172
1038	15	2	1172	1177
1047	144	2	1171	1175
1058	177	1	1174
1069	138	1	1178
1089	9	1	1171
1118	15	1	1177
1121	109	1	1175
1130	157	3	1171	1175	1178
1149	42	1	1178
1166	30	1	1172
1170	8	1	1171
1172	21	1	1172
1176	64	2	1172	1177
1184	105	1	1172
1195	153	1	1171
1204	7	1	1179
1207	66	1	1172
1216	108	1	1175
1217	16	1	1178
1229	58	1	1178
1242	42	1	1177
1248	42	1	1172
1269	41	1	1172
1297	52	2	1175	1178
1319	7	1	1174
1326	30	1	1174
1344	47	1	1177
1348	19	1	1174
1350	30	1	1178
1357	20	1	1172
1378	114	1	1175
1403	10	1	1175
1411	31	1	1177
1414	282	2	1172	1177
1415	22	1	1171
1429	34	1	1177
1453	38	1	1172
1462	4	1	1174
1483	15	1	1171
1501	3	1	1175
1519	120	1	1178
1571	110	1	1171
1572	57	1	1171
1579	53	1	1171
1582	74	1	1177
1629	73	2	1172	1177
1637	11	1	1175
1662	47	1	1177
1664	37	1	1178
1668	13	1	1178
1676	4	1	1174
1678	12	1	1174
1684	53	1	1174
1715	9	1	1178
1796	48	1	1172
1801	69	1	1171
1808	47	1	1175
1811	21	1	1174
1823	9	1	1175
1824	17	1	1178
1833	40	1	1177
1874	24	1	1177
1879	44	1	1171
1890	26	1	1174
1900	16	1	1174
1905	34	1	1171
1912	18	1	1177
1954	1	1	1177
1976	26	1	1175
1979	6	1	1177
1998	2	1	1174
2004	22	1	1172
2034	34	1	1177
2059	270	3	1171	1172	1175
2063	31	1	1178
2069	11	1	1178
2075	48	1	1177
2077	13	1	1178
2108	52	2	1171	1178
2135	17	1	1178
2186	42	1	1171
2218	5	1	1178
2219	24	1	1171
2243	6	1	1171
2244	18	1	1178
2255	37	1	1171
2301	39	1	1171
2302	55	1	1172
2314	24	1	1172
2368	50	1	1175
2409	44	1	1175
2426	7	1	1171
2456	4	1	1175
2470	26	1	1174
2479	50	1	1178
2521	17	1	1172
2556	29	2	1172	1177
2573	3	1	1171
2576	15	1	1178
2602	20	1	1178
2630	6	1	1177
2735	28	1	1171
2830	4	1	1177
2845	25	1	1178
2937	2	1	1172
3135	20	1	1177
3174	5	1	1174
3185	31	1	1174
3187	30	1	1174
3344	7	1	1174
3348	3	1	1175
3445	5	1	1177
3562	6	1	1178
3575	14	1	1172
3576	2	1	1177
3619	7	1	1172
3730	1	1	1178
3758	4	1	1179
3788	1	1	1172
3894	6	1	1175
3986	1	1	1174
4320	2	1	1171
4356	8	1	1177
4423	2	1	1178
4430	2	1	1178
4462	1	1	1178
4975	1	1	1177
5045	1	1	1178
5505	1	1	1177
5630	1	1	1178
5836	1	1	1172
6046	1	1	1178
6066	1	1	1177
6177	2	1	1179
6257	1	1	1177
