2	522	2	1523	1527
3	402	2	1521	1522
8	114	1	1525
9	460	3	1523	1525	1527
12	126	1	1523
18	318	4	1523	1525	1527	1529
19	91	1	1529
20	70	1	1524
22	52	1	1523
31	254	1	1529
37	139	1	1529
40	133	2	1521	1522
41	71	1	1521
44	85	1	1526
46	63	1	1523
48	257	2	1523	1526
49	124	1	1529
50	385	3	1522	1523	1527
54	733	4	1520	1525	1526	1529
59	236	2	1520	1523
60	231	2	1520	1526
66	71	1	1529
67	827	4	1521	1523	1527	1529
69	271	1	1529
71	218	2	1523	1525
73	344	2	1523	1527
75	182	1	1521
79	87	1	1524
89	39	1	1520
94	240	1	1521
96	113	1	1523
100	35	1	1527
121	192	1	1527
123	59	1	1523
132	187	2	1527	1529
133	113	1	1520
135	70	1	1520
137	73	1	1527
153	49	1	1521
156	205	1	1527
158	258	1	1524
162	75	1	1525
167	516	2	1523	1529
176	640	1	1521
178	55	1	1524
179	121	1	1529
180	221	2	1523	1525
183	160	1	1521
189	121	1	1521
202	306	1	1529
204	244	1	1529
205	241	1	1529
210	118	1	1525
213	56	1	1526
226	42	1	1523
229	118	1	1523
231	25	1	1521
238	93	1	1527
252	193	2	1520	1524
256	137	1	1521
267	58	1	1523
272	63	1	1524
278	49	1	1529
279	332	1	1525
285	237	1	1521
291	260	2	1521	1527
293	151	1	1529
299	113	1	1529
302	22	1	1523
306	128	1	1529
333	32	1	1524
335	232	1	1529
343	101	2	1523	1527
372	183	1	1521
380	42	1	1527
384	205	1	1529
386	312	1	1520
391	64	2	1523	1527
402	165	1	1529
418	223	2	1520	1526
426	110	1	1524
428	52	1	1520
451	209	1	1520
453	83	2	1523	1527
454	79	1	1521
460	155	3	1520	1527	1529
466	47	1	1526
467	113	1	1527
475	194	1	1521
486	41	1	1521
490	261	1	1527
496	30	1	1529
497	106	1	1521
499	36	1	1522
502	98	1	1525
510	111	1	1521
515	94	1	1525
529	709	3	1523	1527	1529
530	78	1	1526
532	91	1	1529
537	231	1	1521
542	165	1	1523
544	101	1	1529
561	130	1	1526
576	117	1	1525
594	125	2	1527	1529
596	61	1	1523
597	193	2	1523	1529
602	37	2	1527	1529
616	40	1	1527
627	148	1	1523
629	76	2	1523	1527
632	61	1	1525
635	84	1	1527
645	227	2	1523	1527
663	44	1	1520
670	126	1	1520
685	28	1	1527
688	133	2	1520	1529
690	96	1	1529
692	70	1	1525
701	107	1	1529
714	205	1	1526
715	250	1	1529
717	2	1	1525
721	216	2	1523	1529
752	214	1	1529
769	124	1	1520
770	58	2	1520	1524
771	101	3	1520	1525	1527
772	37	1	1526
773	57	2	1521	1529
785	71	1	1525
800	36	1	1529
804	49	1	1529
814	171	1	1520
823	115	1	1525
824	85	2	1526	1529
827	19	1	1529
842	137	1	1523
848	100	1	1521
864	50	1	1529
867	120	1	1523
903	77	1	1527
919	53	1	1526
921	113	1	1520
934	101	1	1529
940	14	1	1529
946	75	1	1523
948	190	1	1523
975	82	1	1525
976	75	1	1523
986	108	1	1529
992	68	1	1529
996	15	1	1527
1000	66	1	1523
1002	106	1	1520
1011	60	1	1529
1012	71	1	1526
1022	48	1	1523
1028	90	1	1527
1032	33	1	1526
1034	28	1	1527
1036	59	2	1523	1526
1045	186	2	1521	1529
1047	144	2	1520	1526
1052	117	1	1520
1078	65	1	1523
1079	24	1	1527
1082	34	1	1520
1087	58	1	1529
1094	99	2	1523	1529
1096	95	1	1527
1108	92	2	1523	1527
1120	18	1	1527
1121	109	1	1525
1128	48	1	1524
1129	83	1	1526
1130	157	1	1526
1136	55	1	1529
1148	78	1	1523
1149	42	1	1523
1151	47	1	1521
1153	11	1	1529
1158	20	1	1525
1165	21	1	1520
1172	21	1	1522
1179	54	1	1529
1189	121	1	1527
1195	153	1	1526
1216	108	1	1525
1227	42	1	1521
1233	59	1	1529
1236	16	1	1526
1248	42	1	1527
1254	10	1	1521
1256	59	1	1520
1263	9	1	1522
1284	46	1	1523
1297	52	1	1526
1303	83	1	1523
1310	34	1	1527
1313	63	1	1522
1321	63	1	1529
1335	20	1	1523
1336	48	1	1526
1346	87	1	1525
1348	19	1	1522
1368	147	1	1526
1376	162	2	1520	1524
1385	42	1	1523
1400	19	1	1527
1414	282	2	1521	1529
1424	57	1	1525
1433	107	1	1525
1477	39	1	1529
1512	23	1	1527
1515	25	1	1525
1518	12	1	1524
1519	120	1	1523
1524	76	1	1525
1540	32	1	1526
1569	28	1	1529
1572	57	1	1525
1573	59	1	1526
1609	22	1	1524
1625	2	1	1527
1631	8	1	1524
1657	33	1	1529
1685	67	1	1527
1701	42	1	1525
1707	22	1	1523
1708	20	1	1521
1712	17	1	1527
1720	15	1	1525
1739	16	1	1525
1753	40	1	1527
1762	57	1	1529
1808	47	1	1525
1831	89	1	1524
1879	44	1	1524
1884	164	2	1525	1527
1893	33	3	1523	1525	1527
1905	34	1	1525
1918	9	1	1526
1931	49	1	1524
1939	66	2	1523	1527
1942	12	1	1523
1947	5	1	1521
1984	19	1	1527
2025	16	1	1527
2044	29	1	1523
2059	270	2	1524	1527
2066	40	1	1523
2075	48	1	1521
2101	26	1	1529
2103	16	1	1527
2131	44	1	1525
2133	29	1	1527
2135	17	1	1523
2163	51	1	1525
2212	68	1	1527
2247	22	1	1527
2264	37	1	1529
2296	30	1	1523
2312	13	1	1521
2318	17	1	1521
2342	13	1	1520
2409	44	1	1527
2419	12	1	1527
2438	14	1	1521
2447	1	1	1522
2474	57	1	1527
2527	28	1	1521
2579	9	1	1529
2590	5	1	1523
2599	27	1	1522
2675	17	1	1521
2693	25	1	1523
2731	16	1	1521
2788	24	1	1521
2815	27	1	1520
2845	25	1	1523
2879	5	1	1529
2885	4	1	1523
2905	30	1	1529
2908	19	1	1529
2976	16	1	1529
2989	26	1	1527
2996	7	1	1525
3001	9	1	1525
3020	26	1	1527
3027	11	1	1527
3037	11	1	1524
3054	13	1	1527
3069	15	1	1521
3073	8	1	1520
3206	12	1	1524
3368	17	1	1521
3573	4	1	1525
3817	1	1	1521
3833	3	1	1525
3960	3	1	1522
4038	3	1	1524
4060	3	1	1527
4161	9	1	1529
4232	2	1	1521
4267	14	1	1527
4435	1	1	1520
4531	1	1	1529
4662	2	1	1527
5167	2	1	1521
5181	10	1	1526
5201	2	1	1523
5214	2	1	1521
5306	1	1	1527
5552	2	1	1526
5807	1	1	1521
5871	1	1	1524
