0	8	2	1	9
2	522	4	1	3	7	9
3	402	2	2	7
4	2	1	5
5	41	1	9
6	30	1	7
8	114	2	1	9
9	460	5	2	2	2	3	7
11	20	1	2
12	126	2	2	2
14	136	1	5
16	286	3	2	2	2
18	318	4	2	2	2	3
19	91	1	3
23	134	1	7
31	254	5	2	2	7	7	7
36	62	1	7
37	139	4	2	2	3	7
48	257	2	2	2
49	124	2	2	7
50	385	1	1
52	57	1	3
53	219	2	2	3
54	733	5	1	2	2	5	9
59	236	2	3	5
60	231	3	1	2	5
62	89	1	7
63	91	2	2	3
64	81	1	3
65	159	2	1	9
67	827	6	2	2	2	3	7	7
69	271	2	2	3
71	218	1	9
73	344	1	9
74	65	1	7
75	182	1	3
77	63	1	7
94	240	2	3	3
96	113	1	7
103	237	4	2	3	3	7
108	55	1	1
110	43	1	2
115	225	2	3	3
117	36	2	7	7
121	192	1	1
122	100	1	2
124	13	1	1
131	90	1	2
133	113	3	3	3	5
137	73	1	2
141	95	1	5
143	116	1	2
155	49	2	2	7
156	205	3	2	2	3
158	258	2	1	2
165	38	1	3
167	516	7	2	2	2	3	7	7	7
169	194	3	2	3	7
170	37	1	3
171	137	3	3	3	7
174	118	1	3
176	640	5	2	3	7	7	9
179	121	3	2	7	7
180	221	3	2	2	3
181	147	2	2	3
184	42	1	7
193	215	1	5
196	93	2	3	7
198	33	1	1
200	79	1	7
202	306	1	3
204	244	1	3
205	241	3	2	3	7
213	56	2	1	2
225	185	3	1	2	9
229	118	1	2
230	248	1	3
236	95	2	2	7
240	128	3	2	3	3
246	21	1	9
247	233	3	2	7	7
258	112	1	1
259	28	1	5
260	98	2	2	2
261	105	2	2	3
262	57	2	2	2
264	224	2	2	3
267	58	1	7
278	49	1	7
279	332	3	1	5	9
280	61	1	1
285	237	3	2	3	7
291	260	2	2	2
293	151	1	7
294	72	2	2	3
296	135	2	3	3
298	69	1	7
299	113	1	2
306	128	3	7	7	7
309	30	3	7	7	7
318	211	2	2	3
321	104	2	1	9
323	39	1	2
332	31	1	1
333	32	1	1
335	232	3	2	7	7
339	70	1	2
341	50	3	2	2	2
343	101	1	7
348	173	2	2	3
357	12	1	3
359	233	3	1	2	9
362	45	1	2
369	21	2	2	7
373	88	1	9
374	249	2	2	7
379	46	1	2
384	205	3	3	7	7
386	312	5	2	2	2	5	9
388	35	2	7	7
392	34	1	7
393	119	1	2
397	159	2	1	9
400	38	2	2	7
402	165	1	7
405	58	2	7	7
410	48	1	9
412	82	2	1	5
416	106	2	2	3
418	223	2	1	5
420	126	4	1	2	2	2
421	42	1	1
426	110	1	5
428	52	1	5
432	56	1	2
433	45	1	2
435	71	1	2
436	24	1	3
450	166	1	3
451	209	2	2	5
454	79	1	3
455	29	1	3
465	79	1	2
467	113	1	9
475	194	1	7
478	16	1	1
481	56	2	2	7
488	47	1	3
490	261	2	1	2
491	74	2	1	9
492	134	2	2	7
493	75	1	3
494	29	1	2
497	106	2	2	3
504	26	1	2
508	72	1	7
512	202	2	3	3
516	36	1	3
518	31	1	2
519	77	1	7
522	291	1	3
529	709	5	1	3	7	7	7
534	102	1	2
539	55	1	7
545	70	2	2	3
561	130	1	1
568	25	1	9
574	51	2	3	3
575	37	1	7
579	24	1	7
586	93	1	2
593	56	1	1
594	125	2	2	2
597	193	2	2	7
629	76	1	2
634	18	2	2	7
635	84	1	1
646	15	1	2
649	30	1	7
656	103	2	2	2
657	49	1	7
658	64	2	2	9
665	31	2	2	3
666	34	1	2
668	49	1	3
670	126	2	1	5
678	28	1	7
680	45	1	1
682	26	1	9
683	7	2	7	7
692	70	1	1
694	90	3	7	7	7
695	143	1	7
697	100	2	3	7
701	107	1	7
707	212	3	2	3	3
714	205	3	2	2	9
715	250	4	2	3	3	7
718	187	3	3	7	7
721	216	3	2	2	7
725	80	1	9
726	27	2	2	2
733	173	3	2	3	3
734	50	2	2	2
738	85	1	1
747	93	1	2
749	62	1	3
751	166	1	2
752	214	4	2	3	7	7
759	11	1	5
760	41	1	5
765	20	1	2
771	101	1	1
773	57	1	7
779	58	1	7
785	71	2	1	2
789	139	1	1
790	49	1	3
791	13	1	7
793	36	1	2
795	16	1	7
801	104	2	1	2
804	49	1	7
806	50	1	2
814	171	5	1	2	3	5	7
820	36	2	3	3
823	115	2	1	2
824	85	1	5
833	17	2	3	7
842	137	2	1	5
843	51	1	3
844	317	3	2	3	3
846	96	1	3
861	115	2	7	9
864	50	1	2
872	70	1	2
880	14	2	2	7
881	56	2	2	2
882	17	1	3
884	150	1	7
885	43	1	7
892	38	1	3
897	17	1	2
904	6	1	7
910	11	1	7
912	41	2	2	3
925	46	2	7	7
927	42	1	7
932	22	1	3
934	101	2	2	3
935	17	1	5
941	145	3	2	2	7
942	92	2	3	3
945	49	1	7
948	190	2	1	9
956	60	3	2	7	7
959	20	1	7
978	41	1	5
983	184	2	2	2
986	108	3	2	2	7
992	68	1	2
998	101	1	5
1002	106	1	1
1011	60	1	2
1012	71	1	1
1028	90	1	7
1031	32	1	7
1032	33	1	2
1040	26	1	7
1047	144	2	1	5
1050	29	1	2
1052	117	1	5
1055	33	1	9
1058	177	1	3
1063	30	1	3
1065	54	2	2	7
1070	77	1	3
1075	120	1	3
1078	65	1	2
1085	7	1	9
1087	58	1	7
1094	99	1	7
1095	20	2	2	2
1096	95	2	2	9
1107	15	1	5
1121	109	2	1	9
1124	70	1	3
1128	48	1	5
1148	78	2	2	2
1156	82	1	7
1165	21	1	9
1176	64	1	7
1181	13	1	3
1182	16	1	7
1184	105	1	2
1190	29	1	3
1197	24	2	2	3
1211	10	1	5
1213	80	1	2
1216	108	2	1	2
1223	27	2	2	2
1224	81	2	2	7
1238	23	1	7
1242	42	1	2
1243	44	2	5	9
1247	39	1	1
1251	27	1	9
1252	88	1	2
1256	59	1	5
1257	18	1	2
1269	41	1	7
1280	57	1	3
1282	51	1	3
1283	31	1	2
1286	28	1	2
1287	72	3	2	2	9
1293	32	1	9
1296	12	1	3
1299	66	2	1	9
1300	40	1	2
1321	63	1	7
1330	9	1	2
1336	48	1	5
1337	58	1	1
1342	44	1	2
1346	87	1	9
1347	18	1	3
1349	10	1	3
1358	8	1	7
1360	64	1	5
1365	53	1	7
1366	7	1	7
1368	147	3	1	2	9
1375	8	1	1
1378	114	1	3
1385	42	1	2
1410	41	1	3
1414	282	3	2	7	7
1417	41	1	2
1420	51	1	1
1423	24	1	2
1426	44	1	2
1429	34	1	7
1433	107	4	3	7	7	9
1436	30	1	3
1453	38	2	2	3
1457	25	1	1
1477	39	1	7
1494	12	2	7	7
1507	33	1	2
1511	9	1	7
1512	23	1	5
1515	25	1	1
1519	120	1	2
1520	35	2	1	5
1524	76	2	1	9
1527	51	1	2
1534	45	1	3
1542	16	1	1
1550	16	1	2
1571	110	1	1
1572	57	3	1	2	5
1573	59	1	9
1579	53	1	5
1583	8	1	2
1603	55	1	5
1623	24	1	1
1628	3	1	7
1629	73	3	2	3	3
1636	79	2	2	3
1655	14	1	3
1665	13	1	7
1685	67	1	1
1692	54	1	2
1695	47	1	7
1705	27	1	2
1706	10	1	9
1720	15	1	1
1742	90	1	9
1753	40	1	2
1767	20	1	1
1776	59	1	1
1781	20	1	9
1784	28	1	5
1797	64	1	2
1803	10	1	2
1813	19	1	5
1814	16	1	2
1817	59	2	7	7
1821	27	1	7
1826	31	1	7
1831	89	2	7	7
1833	40	1	7
1846	48	2	7	7
1853	37	1	2
1865	16	1	9
1873	5	1	1
1884	164	4	1	2	5	7
1895	24	1	1
1905	34	1	1
1916	75	2	7	9
1927	56	1	1
1938	19	1	7
1942	12	1	2
1945	57	1	3
1977	26	1	2
1985	2	1	7
1993	45	2	2	2
1995	7	1	2
2003	28	1	2
2034	34	2	3	7
2037	41	1	1
2053	37	1	1
2059	270	2	1	2
2062	33	1	7
2071	45	1	1
2072	7	1	7
2090	22	1	3
2103	16	1	2
2111	28	1	1
2144	30	1	2
2151	18	1	9
2153	6	1	7
2155	8	1	7
2160	82	2	1	5
2165	10	1	3
2170	35	2	3	3
2188	68	1	9
2202	9	1	7
2203	23	1	7
2221	3	1	9
2225	19	1	2
2230	13	1	7
2240	20	1	2
2245	15	1	2
2248	4	1	7
2255	37	1	3
2257	20	1	7
2259	10	1	9
2266	38	1	7
2302	55	1	2
2310	13	1	3
2339	50	1	2
2363	7	1	7
2369	2	1	7
2424	28	1	5
2448	26	1	2
2449	23	1	3
2458	44	1	7
2464	7	1	7
2473	14	1	3
2479	50	3	2	2	7
2545	9	1	9
2556	29	1	3
2584	2	1	7
2602	20	1	2
2616	6	1	1
2617	6	1	7
2630	6	1	7
2645	26	1	7
2695	1	1	7
2709	20	1	7
2725	3	1	2
2735	28	1	5
2772	29	1	7
2793	27	1	7
2857	19	1	3
2863	12	1	7
2864	30	2	3	3
2881	16	1	2
2911	7	1	9
2924	10	1	7
2980	11	1	1
2990	19	1	7
3019	2	2	7	7
3128	22	1	2
3132	12	1	1
3135	20	1	7
3143	5	1	7
3155	20	1	2
3198	7	1	3
3211	15	1	2
3230	16	1	2
3232	13	1	7
3250	13	1	7
3276	20	1	7
3323	38	1	7
3361	5	1	3
3369	1	1	7
3370	4	1	3
3391	4	1	2
3505	5	1	5
3564	2	1	3
3592	2	1	9
3607	6	1	3
3654	17	1	7
3786	6	1	2
3791	2	1	2
3796	7	1	3
3931	3	1	7
3947	2	1	2
3952	1	1	9
3955	5	1	2
3982	7	1	2
3983	12	1	2
4059	3	1	7
4098	15	1	7
4123	3	1	1
4172	3	1	9
4219	1	1	7
4242	1	1	7
4265	1	1	7
4346	1	1	7
4356	8	1	3
4503	3	1	3
4647	4	1	3
4985	2	1	2
5098	1	1	7
5410	1	1	3
5448	2	1	7
5543	1	1	3
5678	1	1	7
5765	1	1	3
5870	1	1	7
6214	1	1	9
6252	1	1	3
