3	402	2	181	186
9	460	1	183
10	30	2	187	188
14	136	2	187	188
16	286	1	183
23	134	1	186
40	133	1	186
41	71	1	186
48	257	1	186
50	385	1	186
52	57	1	183
53	219	1	181
60	231	1	186
64	81	1	186
67	827	2	181	186
69	271	1	183
75	182	1	181
91	28	1	183
94	240	1	183
103	237	2	183	184
115	225	2	183	186
120	19	1	186
122	100	1	183
127	31	1	186
151	39	1	186
154	4	1	186
158	258	2	187	188
161	8	1	181
167	516	1	183
176	640	3	181	183	186
180	221	1	181
181	147	1	186
182	53	1	183
185	2	1	186
187	25	1	188
197	42	1	186
202	306	1	184
204	244	1	183
205	241	1	183
240	128	1	181
243	42	1	186
247	233	2	181	186
260	98	1	183
261	105	2	181	186
264	224	1	183
285	237	2	181	186
291	260	1	181
296	135	1	186
318	211	2	181	183
333	32	1	187
358	26	1	181
372	183	1	186
381	88	1	183
388	35	1	183
393	119	1	181
405	58	1	183
468	70	1	181
475	194	1	186
510	111	1	186
512	202	1	181
518	31	1	186
519	77	2	181	186
522	291	2	181	183
529	709	2	183	186
537	231	2	184	186
545	70	1	181
559	87	2	187	188
575	37	2	181	186
641	56	1	183
652	57	1	184
665	31	1	181
695	143	1	183
697	100	1	183
699	43	1	184
701	107	1	183
707	212	2	181	183
715	250	1	183
721	216	1	183
733	173	1	181
749	62	1	181
752	214	3	181	184	186
760	41	1	187
819	19	1	181
840	79	1	187
844	317	1	183
846	96	1	183
848	100	1	186
871	5	1	181
892	38	1	181
905	125	1	183
920	47	1	183
921	113	1	187
933	25	1	183
934	101	1	183
957	75	1	186
959	20	1	183
961	65	1	181
997	19	1	188
1011	60	2	181	183
1024	32	1	184
1058	177	1	181
1063	30	1	183
1069	138	1	186
1075	120	1	181
1091	16	1	186
1124	70	1	181
1126	17	1	188
1154	10	1	186
1176	64	1	183
1177	54	1	183
1195	153	1	187
1213	80	1	181
1224	81	1	181
1241	2	1	186
1243	44	1	181
1264	22	1	186
1376	162	2	187	188
1419	30	1	186
1460	139	1	186
1485	9	1	186
1493	40	1	186
1505	30	1	186
1534	45	1	186
1541	26	1	181
1561	45	1	186
1636	79	1	186
1696	20	1	186
1754	77	1	187
1777	9	1	183
1792	8	1	186
1831	89	1	187
1840	13	1	186
1855	122	1	186
1912	18	1	186
1943	1	1	181
1945	57	1	181
1989	12	1	186
2179	20	1	187
2194	23	1	183
2204	7	1	186
2212	68	1	187
2312	13	1	186
2357	9	1	187
2390	12	1	186
2391	13	1	181
2473	14	1	183
2477	14	1	186
2527	28	1	186
2645	26	1	181
2661	2	1	181
2730	9	1	187
2793	27	1	184
2862	35	1	186
3038	19	1	187
3081	3	1	188
3216	6	1	181
3300	3	1	186
3304	11	1	183
3335	3	1	186
3494	12	1	186
3690	6	1	186
3880	9	1	186
3920	2	1	188
4177	7	1	186
4244	4	1	184
4294	2	1	186
4405	5	1	187
4648	1	1	186
4708	1	1	187
4755	1	1	186
6193	1	1	186
