3	402	2	2207	2209
9	460	1	2209
16	286	1	2209
53	219	1	2207
69	271	2	2201	2207
75	182	1	2207
94	240	1	2209
103	237	2	2201	2209
115	225	1	2209
118	60	1	2209
131	90	1	2209
132	187	2	2201	2209
143	116	1	2209
165	38	1	2209
167	516	2	2201	2209
169	194	1	2209
172	79	1	2209
174	118	1	2207
176	640	3	2201	2207	2209
181	147	1	2207
183	160	2	2207	2209
191	49	1	2209
196	93	3	2201	2207	2209
202	306	2	2201	2209
203	36	1	2207
204	244	3	2201	2207	2209
219	42	1	2209
229	118	1	2207
230	248	1	2207
240	128	2	2201	2209
264	224	2	2207	2209
285	237	2	2207	2209
315	40	1	2207
325	7	1	2209
348	173	1	2209
379	46	1	2209
381	88	1	2209
424	83	1	2209
488	47	1	2209
490	261	1	2209
492	134	1	2207
493	75	1	2207
508	72	1	2201
512	202	3	2201	2207	2209
518	31	1	2209
522	291	3	2201	2207	2209
529	709	3	2201	2207	2209
597	193	1	2201
607	45	1	2207
626	28	1	2209
643	68	1	2207
697	100	1	2201
707	212	1	2209
718	187	2	2201	2209
733	173	1	2207
767	49	2	2207	2209
768	15	1	2209
773	57	1	2207
797	35	1	2201
828	15	1	2209
844	317	3	2201	2207	2209
850	279	1	2207
862	52	1	2207
875	11	1	2201
887	11	1	2209
905	125	1	2201
919	53	1	2201
930	39	1	2209
933	25	1	2209
934	101	1	2209
942	92	2	2207	2209
961	65	1	2207
983	184	2	2201	2207
1001	73	1	2201
1033	30	1	2207
1058	177	1	2207
1069	138	1	2201
1075	120	1	2209
1129	83	1	2201
1146	31	1	2207
1151	47	1	2207
1156	82	1	2209
1177	54	1	2209
1184	105	1	2207
1197	24	1	2209
1242	42	1	2209
1334	5	1	2201
1357	20	1	2209
1414	282	2	2201	2209
1436	30	1	2209
1476	39	1	2209
1519	120	1	2207
1534	45	1	2209
1567	41	1	2209
1582	74	1	2201
1629	73	1	2209
1636	79	1	2209
1696	20	1	2201
1719	42	2	2201	2209
1796	48	1	2209
1797	64	1	2207
1884	164	1	2207
1912	18	1	2209
1930	14	1	2209
1937	53	1	2209
1945	57	1	2207
2034	34	1	2201
2105	16	1	2207
2128	52	1	2201
2206	22	1	2207
2469	45	1	2207
2556	29	2	2201	2209
2796	1	1	2207
2906	31	1	2209
2975	3	1	2209
3008	13	1	2207
3049	1	1	2201
3091	11	1	2207
3989	16	1	2209
4837	3	1	2209
4862	3	1	2209
