2	522	3	1300	1305	1309
3	402	2	1306	1307
5	41	1	1305
9	460	4	1300	1301	1305	1307
16	286	2	1303	1307
18	318	3	1303	1305	1307
19	91	1	1307
23	134	1	1307
26	18	1	1307
31	254	2	1303	1309
37	139	1	1303
40	133	1	1307
41	71	1	1307
46	63	1	1309
48	257	2	1303	1309
50	385	3	1300	1305	1307
54	733	2	1301	1305
59	236	1	1301
62	89	1	1307
67	827	3	1303	1307	1309
69	271	1	1300
71	218	1	1301
73	344	2	1301	1305
74	65	1	1309
75	182	1	1307
77	63	1	1305
91	28	1	1300
96	113	1	1303
103	237	2	1305	1307
111	30	1	1303
112	118	2	1301	1305
115	225	1	1307
116	15	1	1307
121	192	1	1305
122	100	1	1300
126	41	1	1305
131	90	1	1300
132	187	1	1307
133	113	1	1307
149	63	1	1303
156	205	1	1305
157	64	1	1307
167	516	3	1300	1303	1309
169	194	1	1307
171	137	1	1307
174	118	1	1307
176	640	2	1300	1301
180	221	3	1301	1305	1309
183	160	2	1300	1307
191	49	1	1300
200	79	1	1307
202	306	1	1300
204	244	1	1300
205	241	2	1300	1307
229	118	2	1303	1309
236	95	2	1303	1309
241	35	1	1307
248	38	1	1309
256	137	1	1307
260	98	1	1307
261	105	2	1306	1307
262	57	1	1303
263	17	1	1307
264	224	1	1306
275	16	1	1303
279	332	3	1301	1305	1307
285	237	1	1307
289	18	1	1307
291	260	2	1305	1307
293	151	1	1303
296	135	1	1307
298	69	1	1303
314	31	1	1306
318	211	2	1300	1307
321	104	1	1309
323	39	1	1307
328	122	1	1305
334	23	1	1301
335	232	1	1303
348	173	1	1307
353	61	1	1309
356	23	1	1307
358	26	1	1306
359	233	1	1301
372	183	1	1307
373	88	1	1301
374	249	2	1303	1309
381	88	1	1300
384	205	3	1303	1307	1309
386	312	1	1307
400	38	1	1303
403	54	1	1306
405	58	1	1300
409	36	1	1307
411	16	1	1301
416	106	1	1307
418	223	1	1301
420	126	1	1303
424	83	1	1309
428	52	1	1300
439	37	1	1309
442	25	1	1307
446	6	1	1305
451	209	1	1305
456	54	1	1309
460	155	1	1305
465	79	1	1307
467	113	1	1301
468	70	1	1307
471	59	1	1305
475	194	1	1307
480	31	1	1305
482	42	1	1307
486	41	1	1309
490	261	2	1303	1305
497	106	1	1307
499	36	1	1307
502	98	2	1303	1309
522	291	2	1300	1307
523	35	1	1307
528	45	1	1307
529	709	4	1300	1303	1305	1307
534	102	1	1303
537	231	2	1303	1309
545	70	1	1307
557	69	1	1303
558	64	1	1303
572	29	1	1307
595	120	1	1307
599	69	1	1303
601	23	1	1307
621	23	1	1309
635	84	1	1303
641	56	1	1300
645	227	1	1303
646	15	2	1303	1309
657	49	2	1300	1309
664	91	1	1307
675	87	1	1307
680	45	1	1307
690	96	1	1303
695	143	1	1307
697	100	1	1300
701	107	1	1300
707	212	2	1300	1307
715	250	1	1307
718	187	2	1300	1307
723	46	1	1309
725	80	1	1305
732	45	1	1306
733	173	1	1306
740	85	1	1307
747	93	1	1303
751	166	1	1303
752	214	1	1307
766	132	1	1309
769	124	1	1300
777	114	1	1307
786	56	2	1303	1309
793	36	1	1307
816	37	1	1307
817	10	1	1307
818	40	1	1307
819	19	1	1307
831	34	1	1309
842	137	1	1305
843	51	1	1307
844	317	2	1300	1307
846	96	1	1307
850	279	2	1301	1307
870	28	1	1307
881	56	1	1307
884	150	1	1305
885	43	1	1307
894	39	1	1307
897	17	1	1301
899	65	1	1307
912	41	1	1307
921	113	1	1305
930	39	1	1303
931	10	1	1307
934	101	1	1307
941	145	1	1309
943	38	1	1300
947	56	1	1309
961	65	1	1306
963	31	1	1309
975	82	2	1301	1305
976	75	1	1301
983	184	1	1303
986	108	2	1303	1309
990	46	1	1307
1001	73	1	1307
1005	95	1	1307
1011	60	1	1307
1045	186	1	1307
1047	144	1	1305
1055	33	2	1301	1301
1058	177	1	1307
1063	30	1	1300
1065	54	1	1305
1069	138	1	1303
1074	38	1	1303
1075	120	1	1307
1094	99	1	1303
1103	34	2	1305	1307
1108	92	1	1307
1120	18	1	1309
1124	70	1	1307
1129	83	1	1309
1159	31	1	1307
1176	64	1	1300
1182	16	1	1307
1183	25	1	1307
1189	121	1	1305
1216	108	1	1305
1218	14	2	1303	1309
1224	81	1	1300
1246	6	1	1307
1252	88	1	1309
1256	59	1	1305
1257	18	1	1303
1274	63	1	1307
1281	15	1	1306
1284	46	1	1305
1299	66	1	1305
1300	40	1	1307
1308	1	1	1309
1313	63	2	1306	1307
1323	21	1	1307
1327	34	1	1303
1344	47	1	1300
1348	19	1	1307
1385	42	1	1303
1402	5	1	1309
1414	282	2	1300	1307
1426	44	1	1307
1465	4	1	1307
1500	52	1	1305
1505	30	1	1307
1528	17	1	1307
1567	41	1	1307
1578	24	1	1301
1657	33	1	1307
1662	47	1	1300
1664	37	1	1307
1678	12	1	1307
1684	53	1	1307
1729	76	1	1307
1737	5	1	1309
1743	55	1	1305
1746	11	1	1307
1792	8	1	1307
1811	21	1	1307
1837	18	1	1306
1840	13	1	1307
1855	122	1	1307
1865	16	1	1305
1876	10	1	1305
1884	164	1	1307
1890	26	1	1307
1895	24	1	1307
1908	1	1	1305
1922	21	2	1303	1309
1925	40	1	1300
2003	28	1	1303
2015	51	1	1307
2033	4	1	1307
2046	105	1	1305
2048	31	1	1305
2058	37	1	1306
2059	270	1	1305
2063	31	1	1309
2075	48	1	1307
2078	45	1	1303
2145	2	1	1307
2172	26	1	1305
2212	68	1	1307
2231	62	2	1307	1309
2249	8	1	1300
2301	39	1	1305
2306	17	1	1303
2324	6	1	1305
2352	19	2	1303	1309
2379	20	1	1309
2390	12	1	1307
2407	8	1	1300
2423	3	1	1309
2450	6	1	1309
2474	57	1	1307
2553	21	1	1305
2562	7	1	1309
2568	43	1	1303
2576	15	1	1303
2620	25	1	1309
2674	10	1	1307
2700	12	1	1303
2703	10	1	1307
2706	33	1	1303
2773	6	1	1306
2784	18	1	1307
2822	13	1	1305
2875	22	1	1309
2886	6	1	1307
2932	8	1	1307
3010	7	1	1307
3018	3	1	1307
3037	11	1	1305
3038	19	1	1303
3136	4	1	1305
3197	13	1	1305
3415	1	1	1305
3543	7	1	1300
3647	10	1	1307
3708	4	2	1303	1309
3741	2	1	1305
3791	2	1	1309
3813	6	1	1303
3857	10	1	1307
4205	5	1	1307
4576	1	1	1309
4615	2	1	1305
4711	2	1	1306
4797	1	1	1309
4799	1	1	1307
4995	1	1	1306
5073	1	1	1309
5172	4	1	1307
5600	4	1	1305
5738	1	1	1309
5790	1	1	1307
5960	1	1	1305
