2	522	3	467	467	468
3	402	4	463	463	464	469
5	41	1	466
9	460	5	461	466	467	467	469
12	126	3	461	467	467
16	286	1	461
18	318	2	461	467
20	70	1	460
22	52	1	461
23	134	2	461	463
31	254	2	461	467
33	25	1	463
37	139	1	461
40	133	2	463	469
41	71	1	463
48	257	2	463	467
49	124	1	461
50	385	5	461	463	463	467	469
52	57	1	464
53	219	3	463	463	464
54	733	5	460	460	461	466	467
57	33	1	467
59	236	3	460	460	466
61	98	1	466
64	81	1	464
65	159	2	466	467
67	827	7	461	463	463	464	467	468	469
69	271	2	461	468
71	218	2	466	467
73	344	2	467	467
75	182	4	463	463	464	469
79	87	1	460
94	240	2	464	468
95	15	1	463
97	34	2	461	467
100	35	1	467
103	237	2	461	467
106	27	2	463	463
112	118	1	467
115	225	1	469
116	15	1	463
119	32	1	468
122	100	2	461	467
123	59	1	467
132	187	4	461	463	467	468
133	113	2	460	460
134	18	1	469
139	16	1	468
140	29	1	461
141	95	2	460	466
143	116	2	463	463
149	63	2	467	467
153	49	1	463
157	64	2	463	463
158	258	2	460	466
161	8	1	463
167	516	4	461	464	467	468
169	194	2	461	464
171	137	2	464	468
172	79	1	467
176	640	4	461	464	466	468
179	121	2	461	463
180	221	1	467
181	147	1	464
183	160	2	461	468
189	121	1	463
196	93	1	468
200	79	1	461
202	306	1	461
204	244	1	461
205	241	2	461	468
213	56	1	460
216	4	1	460
219	42	1	464
225	185	1	467
229	118	1	464
230	248	3	463	463	464
232	92	2	463	464
238	93	2	461	467
240	128	1	464
247	233	2	461	463
252	193	2	467	468
256	137	4	463	463	464	469
260	98	1	467
261	105	1	464
262	57	2	467	467
263	17	1	464
264	224	1	464
279	332	3	460	461	466
284	18	1	464
285	237	1	464
291	260	4	463	463	467	467
293	151	2	461	467
294	72	1	464
299	113	2	461	468
303	42	2	463	463
305	13	1	461
306	128	1	461
309	30	1	461
310	11	1	463
314	31	2	463	464
317	9	1	463
318	211	1	464
321	104	2	466	467
332	31	1	460
335	232	2	461	468
343	101	1	467
348	173	2	463	464
359	233	3	466	467	467
362	45	1	461
372	183	2	463	469
373	88	1	467
374	249	1	461
380	42	1	461
384	205	2	463	463
386	312	4	460	466	467	467
391	64	1	467
392	34	2	463	463
393	119	1	464
397	159	1	467
399	17	2	467	467
400	38	1	461
402	165	2	461	468
403	54	1	463
407	48	1	463
416	106	1	463
418	223	1	460
420	126	1	466
421	42	1	460
424	83	1	468
448	41	2	463	464
450	166	2	463	464
451	209	1	461
453	83	1	467
454	79	1	463
455	29	1	463
460	155	1	461
462	26	1	463
465	79	1	461
466	47	2	467	467
468	70	2	461	469
471	59	1	466
475	194	3	461	468	469
479	38	1	461
486	41	1	463
488	47	2	461	467
490	261	4	460	461	466	467
493	75	1	464
497	106	2	463	463
499	36	1	463
510	111	1	463
512	202	1	461
520	80	1	468
522	291	3	463	463	464
524	56	1	469
529	709	6	461	464	466	467	468	469
530	78	1	466
532	91	1	461
533	26	1	461
534	102	1	461
537	231	3	461	463	468
539	55	1	468
542	165	1	467
544	101	2	461	468
545	70	1	464
546	39	1	464
551	16	1	466
557	69	1	461
558	64	1	461
561	130	2	460	466
564	50	1	468
567	59	1	461
574	51	1	461
576	117	3	460	461	467
579	24	1	468
584	69	1	466
586	93	2	461	467
595	120	1	463
596	61	1	461
599	69	1	461
607	45	1	463
616	40	1	467
619	31	1	466
633	13	1	466
635	84	1	466
641	56	1	468
645	227	1	467
652	57	2	461	468
656	103	2	461	467
664	91	1	467
665	31	1	463
666	34	1	466
668	49	3	463	463	464
670	126	2	460	466
675	87	1	463
680	45	2	464	466
685	28	1	467
688	133	1	466
690	96	2	461	467
692	70	1	467
694	90	1	461
695	143	2	461	468
699	43	1	461
701	107	2	461	468
703	75	1	469
707	212	2	463	463
715	250	5	461	463	463	464	468
718	187	3	461	464	468
721	216	1	468
747	93	1	467
752	214	2	461	464
753	47	2	463	463
777	114	1	469
778	47	1	463
779	58	1	460
782	31	1	467
785	71	2	467	467
787	14	1	463
789	139	2	460	466
790	49	1	464
793	36	1	461
797	35	2	464	468
801	104	2	460	467
813	39	1	469
814	171	1	467
816	37	2	463	469
818	40	1	463
820	36	2	463	463
825	90	1	467
827	19	1	464
831	34	1	467
836	27	1	463
842	137	3	460	467	467
843	51	1	463
844	317	3	461	464	468
848	100	2	463	463
850	279	2	467	467
852	37	2	463	463
854	39	1	461
861	115	2	461	466
862	52	1	463
875	11	1	467
884	150	1	461
891	23	1	466
893	12	1	464
900	67	1	461
905	125	1	461
909	31	2	461	467
913	13	1	463
919	53	1	466
920	47	1	461
927	42	1	460
941	145	1	461
942	92	2	463	463
944	54	1	463
948	190	1	467
957	75	1	469
960	1	1	469
976	75	1	467
986	108	2	460	461
1005	95	2	463	463
1014	10	1	463
1016	26	1	463
1021	21	1	463
1031	32	3	463	463	468
1032	33	1	466
1036	59	1	467
1041	49	1	463
1045	186	5	461	463	463	468	469
1052	117	2	460	460
1055	33	1	467
1058	177	1	464
1064	4	1	460
1069	138	2	463	467
1075	120	1	464
1091	16	1	463
1093	33	1	463
1094	99	1	461
1101	36	1	461
1103	34	1	467
1108	92	1	467
1122	40	1	468
1124	70	2	463	464
1130	157	1	460
1133	39	1	469
1140	19	1	466
1148	78	1	467
1151	47	1	464
1165	21	1	467
1177	54	2	461	468
1182	16	2	461	468
1188	36	1	461
1190	29	1	463
1213	80	3	463	463	464
1216	108	1	467
1227	42	1	463
1238	23	2	463	463
1243	44	1	467
1244	10	1	463
1256	59	1	469
1257	18	1	467
1261	54	2	460	460
1264	22	1	463
1269	41	1	463
1270	15	1	466
1274	63	1	467
1280	57	1	464
1282	51	3	463	463	464
1287	72	1	467
1297	52	1	460
1322	36	1	464
1339	5	1	467
1348	19	1	463
1368	147	1	466
1371	12	1	461
1374	51	1	461
1376	162	1	460
1378	114	1	467
1384	7	1	467
1395	10	1	467
1399	39	2	460	466
1411	31	1	468
1414	282	2	461	468
1417	41	1	467
1420	51	1	466
1426	44	1	463
1436	30	1	463
1445	25	2	463	463
1446	4	1	463
1462	4	2	463	463
1485	9	1	463
1493	40	2	463	463
1519	120	1	467
1520	35	1	460
1527	51	2	461	468
1531	41	2	466	467
1538	15	1	463
1541	26	1	463
1547	26	1	467
1550	16	1	467
1571	110	1	460
1574	3	1	460
1580	58	1	463
1581	13	1	463
1582	74	1	468
1583	8	1	467
1603	55	1	460
1608	4	1	464
1614	18	1	467
1617	12	1	464
1618	14	1	467
1620	31	1	461
1629	73	1	464
1636	79	1	463
1638	37	1	461
1643	24	1	460
1684	53	2	463	463
1691	7	1	467
1695	47	1	467
1701	42	1	467
1711	25	1	466
1726	27	1	460
1728	97	2	461	469
1729	76	2	463	467
1742	90	1	466
1751	26	1	463
1754	77	1	466
1755	24	1	467
1766	13	1	463
1767	20	1	466
1776	59	1	460
1797	64	2	463	464
1808	47	2	467	469
1811	21	1	463
1835	11	1	463
1837	18	1	464
1843	5	1	463
1855	122	1	469
1862	28	1	461
1877	5	1	463
1884	164	1	461
1900	16	1	463
1916	75	1	467
1927	56	1	467
1937	53	2	461	468
1974	3	1	463
1976	26	1	467
1977	26	1	463
1993	45	1	467
2017	20	1	467
2048	31	1	467
2058	37	1	464
2059	270	1	464
2066	40	1	467
2071	45	1	468
2075	48	1	463
2111	28	1	466
2127	32	2	461	468
2139	15	1	469
2160	82	1	466
2172	26	1	466
2188	68	3	466	467	467
2191	16	1	461
2231	62	1	461
2238	3	1	461
2255	37	2	464	467
2259	10	1	463
2280	21	1	464
2296	30	1	467
2302	55	1	461
2306	17	1	460
2409	44	1	467
2449	23	1	464
2474	57	1	467
2563	30	1	461
2599	27	1	469
2641	25	1	467
2664	13	1	464
2717	13	1	469
2753	7	1	463
2772	29	1	461
2784	18	1	463
2925	23	1	466
2928	4	1	463
2967	7	1	461
2977	7	1	466
2993	15	1	461
3010	7	1	460
3011	14	1	463
3014	29	1	463
3088	8	1	463
3097	1	1	463
3155	20	1	467
3160	5	1	464
3182	5	1	463
3185	31	1	463
3187	30	1	463
3233	9	1	460
3238	5	1	461
3317	1	1	467
3319	4	1	467
3349	16	1	460
3361	5	1	461
3381	13	1	463
3392	16	1	463
3406	7	1	461
3442	10	1	463
3536	2	1	468
3555	3	1	463
3606	3	1	461
3654	17	1	463
3682	1	1	464
3694	3	1	463
3751	14	1	461
3787	2	1	464
3831	3	1	461
3840	5	1	460
3880	9	1	469
3896	4	1	463
4021	3	1	460
4024	20	1	467
4054	5	1	463
4068	8	1	461
4172	3	1	467
4181	2	2	463	463
4305	4	1	467
4312	6	1	461
4399	4	1	467
4614	3	1	463
4654	1	1	464
4690	1	1	463
4745	2	1	463
4887	4	1	467
4914	3	1	464
5014	1	1	461
5152	4	1	464
5272	2	1	460
5277	1	1	464
5386	2	1	467
5448	2	1	461
5492	1	1	467
5580	1	1	464
5865	2	1	463
6044	1	1	463
