2	522	4	890	895	898	899
3	402	2	893	896
9	460	2	893	898
12	126	1	895
16	286	1	899
17	35	1	893
18	318	1	893
31	254	1	890
37	139	1	890
40	133	1	894
42	52	1	894
48	257	1	895
49	124	2	890	899
50	385	1	894
52	57	1	893
53	219	1	893
54	733	4	890	891	898	899
55	104	1	890
57	33	1	898
59	236	1	891
60	231	2	891	898
61	98	1	890
63	91	1	896
65	159	1	899
67	827	5	890	894	895	896	899
69	271	1	893
71	218	1	895
73	344	2	895	898
75	182	1	894
77	63	1	899
87	54	1	891
94	240	2	893	894
96	113	1	899
103	237	1	899
112	118	1	898
115	225	2	893	896
117	36	1	893
121	192	2	895	898
122	100	3	890	895	899
123	59	1	899
126	41	1	891
131	90	1	893
133	113	1	891
134	18	1	895
137	73	2	890	895
141	95	1	898
143	116	1	893
145	64	1	891
149	63	1	898
151	39	1	890
156	205	1	898
167	516	4	890	893	895	899
176	640	3	891	893	895
180	221	1	891
181	147	1	893
182	53	1	893
184	42	1	890
202	306	1	890
203	36	1	893
204	244	2	890	893
205	241	2	890	893
213	56	1	891
219	42	1	893
226	42	1	899
229	118	1	895
230	248	1	893
240	128	1	893
252	193	1	893
259	28	1	891
263	17	1	890
264	224	1	893
279	332	2	891	898
287	23	1	894
291	260	1	894
293	151	1	899
298	69	2	890	895
299	113	1	890
306	128	1	899
315	40	1	893
318	211	2	893	896
328	122	1	898
332	31	1	891
335	232	2	895	899
348	173	1	893
359	233	1	898
374	249	3	895	898	899
379	46	1	893
384	205	2	890	894
386	312	1	891
391	64	1	895
393	119	1	896
403	54	1	894
416	106	1	895
418	223	1	891
432	56	1	898
435	71	1	890
441	80	1	893
450	166	1	893
451	209	1	891
454	79	1	894
456	54	1	895
460	155	1	898
465	79	1	890
466	47	1	891
468	70	1	896
479	38	1	890
482	42	1	891
490	261	3	891	898	899
491	74	1	891
492	134	2	893	895
510	111	1	894
519	77	2	890	896
522	291	1	893
529	709	4	890	893	895	899
530	78	1	891
537	231	2	890	894
542	165	1	899
555	72	1	890
556	69	1	890
564	50	1	893
574	51	1	893
576	117	1	891
580	36	1	893
584	69	1	891
586	93	1	891
594	125	1	898
595	120	1	893
596	61	1	895
597	193	1	899
602	37	1	890
616	40	1	895
625	32	1	893
627	148	2	890	895
641	56	1	890
643	68	1	893
666	34	1	891
670	126	1	891
678	28	1	893
688	133	1	891
695	143	1	890
704	88	1	891
707	212	1	896
710	84	1	891
714	205	2	891	895
715	250	1	890
721	216	2	890	899
725	80	1	898
732	45	1	895
733	173	1	896
738	85	1	891
747	93	1	895
749	62	1	893
751	166	3	890	895	899
752	214	1	893
764	51	1	891
765	20	1	895
789	139	1	891
806	50	1	893
813	39	1	894
814	171	1	891
823	115	1	895
829	34	1	890
842	137	1	891
844	317	2	893	896
846	96	1	894
848	100	1	894
850	279	2	895	898
862	52	1	893
864	50	1	890
867	120	1	895
881	56	1	898
891	23	1	890
892	38	1	893
894	39	1	895
897	17	1	898
900	67	1	890
919	53	1	891
927	42	1	891
936	52	1	893
941	145	1	896
946	75	2	891	895
947	56	1	895
948	190	1	890
952	7	1	899
961	65	1	896
976	75	1	895
978	41	1	898
983	184	3	893	895	899
986	108	1	890
995	28	1	898
1000	66	1	895
1002	106	1	891
1016	26	1	894
1018	42	1	890
1022	48	1	895
1028	90	1	890
1036	59	1	898
1037	44	1	898
1047	144	2	891	898
1058	177	1	896
1072	36	1	891
1075	120	1	896
1079	24	1	898
1096	95	1	898
1130	157	2	891	898
1149	42	1	895
1151	47	1	896
1159	31	1	893
1181	13	1	890
1190	29	1	894
1197	24	1	896
1199	17	1	899
1224	81	1	896
1232	48	1	891
1247	39	2	891	898
1252	88	1	890
1280	57	1	893
1282	51	1	893
1297	52	1	891
1299	66	1	891
1303	83	1	895
1341	21	1	891
1362	5	1	891
1368	147	1	891
1374	51	1	899
1377	13	1	891
1378	114	1	890
1414	282	1	890
1433	107	2	890	893
1452	25	1	895
1453	38	1	894
1460	139	1	899
1475	69	1	890
1487	2	1	890
1504	41	1	891
1519	120	1	895
1532	27	1	890
1534	45	1	893
1536	15	1	891
1540	32	1	891
1547	26	2	890	895
1561	45	1	894
1569	28	1	890
1571	110	1	891
1580	58	1	894
1585	7	1	898
1589	6	1	899
1603	55	1	891
1623	24	1	890
1636	79	1	894
1643	24	1	891
1660	21	1	899
1697	5	1	891
1711	25	2	890	891
1713	5	1	895
1717	23	1	891
1729	76	1	898
1730	3	1	891
1742	90	2	894	898
1743	55	1	891
1753	40	1	899
1755	24	1	895
1787	24	1	891
1796	48	1	893
1797	64	1	894
1817	59	1	890
1826	31	1	890
1850	33	1	898
1864	18	2	890	891
1879	44	1	891
1884	164	1	891
1885	22	1	893
1886	32	1	898
1893	33	1	891
1920	16	1	891
1927	56	1	891
1937	53	1	899
1956	23	1	891
2023	12	1	895
2046	105	1	899
2058	37	1	894
2059	270	2	891	898
2066	40	1	895
2091	4	1	891
2125	14	1	890
2134	20	1	890
2135	17	1	895
2139	15	1	894
2149	29	1	893
2154	29	1	891
2160	82	1	891
2186	42	1	891
2192	26	1	899
2231	62	1	899
2264	37	2	890	899
2277	29	1	891
2288	20	1	891
2302	55	1	890
2315	28	1	893
2353	40	1	891
2413	2	1	891
2419	12	1	895
2423	3	1	899
2429	9	1	890
2448	26	1	899
2487	5	1	891
2532	9	1	899
2577	5	1	899
2688	29	1	895
2722	8	1	891
2750	11	1	891
2774	4	1	890
2803	2	1	890
2837	2	1	891
2841	13	1	893
2888	5	1	890
2892	4	1	891
2936	2	1	895
2938	1	1	890
3059	18	1	891
3126	15	1	899
3184	1	1	891
3190	10	1	899
3233	9	1	891
3408	5	1	896
3447	3	1	899
3495	1	1	891
3608	2	1	899
3633	12	1	890
3638	6	1	895
3769	19	1	894
3840	5	1	891
3947	2	1	890
3951	9	1	890
3990	1	1	899
3992	6	1	891
4024	20	1	891
4041	4	1	891
4055	3	1	891
4245	8	1	890
4461	2	1	891
4669	1	1	890
4686	1	1	890
4855	1	1	891
5037	2	1	899
5094	2	1	891
5200	5	1	899
5358	1	1	891
5907	1	1	890
