2	522	3	1094	1095	1096
5	41	1	1096
9	460	2	1094	1096
11	20	1	1098
12	126	1	1094
14	136	2	1092	1096
16	286	2	1094	1095
18	318	1	1096
29	22	1	1096
31	254	2	1094	1095
36	62	2	1094	1095
37	139	1	1094
48	257	2	1094	1095
49	124	1	1094
50	385	1	1096
54	733	6	1092	1094	1095	1096	1098	1099
59	236	1	1094
61	98	1	1095
65	159	2	1095	1096
67	827	2	1094	1095
69	271	2	1094	1095
71	218	1	1096
73	344	2	1096	1099
74	65	1	1095
96	113	2	1094	1095
103	237	1	1095
112	118	1	1096
123	59	1	1095
130	2	1	1095
132	187	1	1094
135	70	1	1092
137	73	2	1094	1095
155	49	2	1094	1095
156	205	2	1094	1095
158	258	2	1092	1099
167	516	2	1094	1095
169	194	1	1095
176	640	2	1095	1096
179	121	1	1095
180	221	1	1096
193	215	2	1092	1099
225	185	2	1095	1096
229	118	1	1094
235	20	1	1095
236	95	1	1095
279	332	2	1096	1099
280	61	1	1095
291	260	1	1096
293	151	1	1094
299	113	1	1095
311	42	2	1098	1098
320	52	1	1096
321	104	2	1095	1096
328	122	1	1096
359	233	1	1096
373	88	1	1096
374	249	2	1094	1095
379	46	2	1094	1095
380	42	1	1095
386	312	1	1096
397	159	1	1096
399	17	1	1092
400	38	1	1095
402	165	2	1094	1095
407	48	1	1095
410	48	1	1096
412	82	1	1094
416	106	2	1095	1095
426	110	1	1098
432	56	1	1096
437	26	1	1094
471	59	1	1096
481	56	1	1095
488	47	1	1095
494	29	1	1096
508	72	1	1095
515	94	2	1098	1098
529	709	1	1096
530	78	1	1094
534	102	1	1094
542	165	2	1094	1095
556	69	1	1095
576	117	1	1092
584	69	1	1092
593	56	1	1096
594	125	1	1094
597	193	1	1094
606	17	1	1096
621	23	1	1095
624	3	1	1094
628	47	1	1095
645	227	2	1094	1095
656	103	2	1094	1096
657	49	1	1095
663	44	1	1092
664	91	1	1094
670	126	1	1092
690	96	2	1094	1095
714	205	1	1095
721	216	2	1094	1095
725	80	2	1096	1099
726	27	1	1099
740	85	1	1092
747	93	2	1094	1095
751	166	2	1094	1095
764	51	1	1096
782	31	1	1094
786	56	1	1095
789	139	1	1099
801	104	1	1096
823	115	1	1099
829	34	1	1095
840	79	1	1092
855	51	1	1099
864	50	1	1094
867	120	1	1094
878	39	2	1095	1096
881	56	1	1092
884	150	1	1095
895	57	2	1094	1095
897	17	1	1096
899	65	1	1094
941	145	1	1094
948	190	3	1095	1096	1099
956	60	2	1094	1095
970	28	1	1095
978	41	1	1092
980	24	1	1092
983	184	2	1094	1095
986	108	2	1094	1095
998	101	1	1099
1000	66	1	1094
1028	90	2	1094	1095
1037	44	1	1096
1047	144	1	1099
1065	54	2	1094	1095
1078	65	1	1095
1097	5	2	1098	1098
1116	26	1	1092
1121	109	1	1096
1129	83	1	1094
1130	157	2	1095	1096
1136	55	1	1094
1166	30	1	1095
1189	121	1	1096
1194	52	1	1095
1209	24	1	1095
1216	108	1	1099
1217	16	1	1096
1229	58	1	1095
1247	39	1	1096
1248	42	1	1095
1255	2	1	1095
1256	59	1	1092
1274	63	1	1095
1287	72	1	1095
1297	52	1	1092
1299	66	1	1096
1336	48	1	1092
1342	44	1	1094
1346	87	1	1092
1364	54	1	1096
1368	147	2	1096	1099
1376	162	1	1098
1378	114	1	1096
1385	42	2	1094	1095
1389	30	1	1098
1409	15	1	1095
1414	282	2	1096	1099
1415	22	1	1099
1433	107	1	1096
1457	25	1	1099
1474	36	1	1095
1507	33	2	1094	1095
1512	23	1	1092
1515	25	1	1099
1529	33	1	1095
1546	32	1	1095
1556	24	1	1096
1575	53	1	1099
1621	7	1	1094
1622	33	3	1094	1095	1095
1631	8	1	1092
1668	13	1	1094
1685	67	1	1099
1692	54	2	1094	1095
1701	42	1	1094
1714	35	1	1094
1715	9	1	1096
1717	23	2	1098	1098
1728	97	1	1094
1742	90	1	1095
1782	26	1	1098
1801	69	2	1092	1098
1841	31	1	1096
1849	4	1	1095
1850	33	1	1096
1854	32	1	1098
1861	5	1	1094
1884	164	1	1099
1886	32	1	1096
1898	3	1	1096
1916	75	1	1096
1927	56	2	1096	1099
1993	45	1	1096
2037	41	1	1096
2046	105	2	1098	1098
2059	270	4	1092	1094	1095	1096
2078	45	1	1095
2108	52	1	1092
2126	2	1	1095
2131	44	1	1096
2192	26	1	1095
2240	20	1	1095
2242	27	1	1096
2291	29	1	1095
2313	10	1	1096
2328	13	1	1094
2329	11	1	1094
2343	8	1	1098
2348	47	1	1094
2375	22	1	1096
2424	28	1	1092
2437	13	1	1094
2448	26	2	1094	1095
2454	58	2	1094	1095
2459	10	1	1094
2479	50	1	1095
2557	10	1	1096
2627	31	1	1095
2700	12	1	1094
2706	33	1	1094
2745	1	1	1092
2748	32	1	1094
2787	16	1	1099
2793	27	1	1095
2822	13	1	1096
2842	15	1	1095
2863	12	1	1095
2869	10	1	1094
2875	22	1	1094
2899	21	1	1094
2906	31	1	1099
2908	19	1	1094
2939	1	1	1092
2949	1	1	1092
2963	9	1	1095
3055	11	1	1098
3104	13	1	1094
3137	6	1	1098
3230	16	1	1095
3358	10	1	1094
3390	6	1	1095
3497	18	1	1094
3704	8	1	1094
3904	6	1	1094
3985	11	1	1095
4085	2	1	1096
4248	3	1	1098
4252	2	1	1098
4262	4	1	1095
4275	6	1	1098
4598	2	1	1095
4622	2	1	1096
4682	3	1	1094
4717	1	1	1099
5598	1	1	1095
5704	1	1	1096
5937	1	1	1092
5977	1	1	1092
5983	1	1	1098
