2	522	2	1283	1286
3	402	2	1282	1289
9	460	1	1287
16	286	1	1286
18	318	1	1283
23	134	1	1289
36	62	1	1286
37	139	2	1283	1289
40	133	1	1289
50	385	2	1282	1283
53	219	1	1282
54	733	1	1286
55	104	1	1282
65	159	1	1287
67	827	7	1282	1283	1286	1286	1286	1288	1289
71	218	1	1287
74	65	2	1286	1286
75	182	1	1282
94	240	1	1282
100	35	1	1286
110	43	1	1283
115	225	1	1282
132	187	2	1283	1289
135	70	1	1283
137	73	1	1283
140	29	1	1286
144	23	1	1282
167	516	2	1282	1286
169	194	2	1282	1286
170	37	1	1282
171	137	1	1282
176	640	3	1282	1286	1287
179	121	1	1286
193	215	1	1287
205	241	1	1282
225	185	2	1286	1287
229	118	2	1282	1288
230	248	1	1282
236	95	1	1286
252	193	1	1287
256	137	2	1282	1289
258	112	1	1283
261	105	1	1282
264	224	1	1282
279	332	1	1287
291	260	1	1283
294	72	1	1282
298	69	1	1288
299	113	1	1288
306	128	1	1286
314	31	1	1282
315	40	1	1282
318	211	1	1282
328	122	1	1283
330	26	1	1283
335	232	1	1286
348	173	1	1282
358	26	1	1282
359	233	2	1283	1287
362	45	1	1286
374	249	3	1286	1286	1286
384	205	3	1286	1286	1288
386	312	1	1283
391	64	1	1283
393	119	1	1282
395	34	1	1282
412	82	1	1283
416	106	2	1282	1283
450	166	1	1282
453	83	1	1283
461	27	1	1286
464	11	1	1282
486	41	1	1286
491	74	1	1283
493	75	1	1282
497	106	1	1282
512	202	1	1289
518	31	1	1282
522	291	1	1282
529	709	2	1282	1283
555	72	1	1289
572	29	1	1282
586	93	1	1283
594	125	1	1283
597	193	2	1283	1286
599	69	1	1283
625	32	1	1282
627	148	1	1286
628	47	1	1286
629	76	1	1283
635	84	1	1283
645	227	1	1283
657	49	1	1286
658	64	1	1283
665	31	1	1289
666	34	1	1283
667	16	1	1282
668	49	1	1289
673	9	1	1282
688	133	1	1283
692	70	1	1283
695	143	1	1286
707	212	2	1282	1289
714	205	1	1286
721	216	1	1286
723	46	1	1286
727	23	1	1283
752	214	1	1282
769	124	1	1287
786	56	1	1286
790	49	1	1282
800	36	1	1283
820	36	1	1282
825	90	1	1283
832	32	1	1282
844	317	1	1282
850	279	1	1283
867	120	2	1286	1286
892	38	1	1282
893	12	1	1289
900	67	1	1286
903	77	1	1283
928	29	1	1286
932	22	1	1282
934	101	1	1282
941	145	2	1286	1286
942	92	1	1282
944	54	1	1289
947	56	1	1286
976	75	1	1286
982	22	1	1283
990	46	1	1289
995	28	1	1283
1002	106	1	1287
1016	26	1	1289
1028	90	1	1286
1031	32	1	1282
1041	49	1	1283
1058	177	1	1282
1069	138	1	1283
1075	120	1	1282
1095	20	1	1283
1108	92	1	1283
1148	78	1	1286
1156	82	1	1289
1163	10	1	1283
1172	21	1	1289
1189	121	1	1283
1198	42	1	1286
1200	5	1	1282
1207	66	1	1289
1213	80	2	1282	1289
1227	42	1	1289
1238	23	1	1289
1281	15	1	1282
1313	63	1	1289
1347	18	1	1282
1378	114	1	1286
1399	39	1	1287
1408	8	1	1286
1420	51	1	1287
1428	10	1	1289
1433	107	1	1282
1434	13	1	1283
1467	8	1	1282
1534	45	1	1282
1538	15	1	1289
1541	26	1	1289
1567	41	1	1282
1571	110	1	1287
1575	53	1	1287
1629	73	1	1282
1635	19	1	1289
1692	54	1	1288
1750	2	1	1282
1776	59	1	1287
1793	6	1	1282
1794	5	1	1282
1797	64	1	1282
1798	15	1	1288
1837	18	1	1282
1855	122	1	1289
1939	66	1	1283
1959	23	1	1289
2003	28	2	1283	1286
2017	20	1	1283
2058	37	1	1282
2086	4	1	1283
2112	35	1	1283
2136	12	1	1289
2168	28	1	1283
2170	35	1	1282
2212	68	1	1289
2280	21	1	1282
2302	55	1	1282
2348	47	1	1288
2409	44	1	1283
2430	11	1	1283
2448	26	1	1288
2461	6	1	1283
2498	12	1	1288
2629	9	1	1283
2703	10	1	1289
2857	19	1	1282
3011	14	1	1289
3020	26	1	1283
3233	9	1	1287
3276	20	1	1286
3305	13	1	1288
3408	5	1	1282
3467	17	1	1286
3478	2	1	1289
3526	2	1	1286
3804	3	1	1283
4268	1	1	1287
4432	3	1	1283
4548	2	1	1289
4966	1	1	1287
5482	1	1	1282
5865	2	1	1289
