2	522	2	604	605
3	402	3	600	601	608
6	30	1	609
8	114	1	606
9	460	2	604	605
14	136	1	604
16	286	1	607
18	318	3	604	607	608
19	91	2	608	609
23	134	1	608
29	22	1	609
31	254	2	604	609
34	16	1	607
36	62	1	604
37	139	1	609
40	133	1	600
41	71	2	600	607
42	52	1	607
46	63	1	609
48	257	1	609
49	124	1	604
50	385	1	600
52	57	1	601
53	219	1	608
54	733	5	603	604	604	605	606
55	104	1	604
59	236	1	603
64	81	1	600
65	159	2	605	609
66	71	1	604
67	827	5	600	601	604	604	607
69	271	1	609
71	218	1	606
72	17	1	609
73	344	3	604	605	606
74	65	1	609
75	182	1	607
77	63	1	606
94	240	1	608
96	113	1	604
103	237	1	604
112	118	1	605
115	225	1	607
118	60	1	608
123	59	1	604
131	90	1	604
132	187	2	607	608
137	73	1	609
141	95	1	603
143	116	1	607
145	64	1	603
156	205	2	601	607
157	64	1	607
158	258	1	603
162	75	1	606
167	516	2	604	608
171	137	1	607
174	118	1	608
176	640	3	604	607	609
179	121	3	604	604	609
180	221	1	605
181	147	1	608
184	42	1	604
189	121	1	607
193	215	2	603	604
197	42	1	609
202	306	3	604	608	609
203	36	1	608
205	241	2	604	609
210	118	2	605	606
213	56	1	603
219	42	1	607
225	185	1	605
230	248	2	601	607
231	25	1	607
232	92	2	601	607
236	95	1	604
240	128	3	601	607	608
241	35	1	601
244	18	1	600
247	233	3	604	608	609
248	38	1	605
251	11	1	609
252	193	1	607
256	137	1	600
258	112	2	603	605
259	28	1	604
260	98	2	601	609
261	105	1	607
262	57	1	609
264	224	2	607	608
279	332	3	603	605	606
285	237	3	600	601	607
286	88	1	603
291	260	3	601	607	608
293	151	1	604
296	135	1	607
297	6	1	604
298	69	1	604
299	113	1	600
303	42	1	603
306	128	2	604	609
315	40	1	608
318	211	1	608
323	39	1	601
326	12	1	609
335	232	3	604	608	609
336	30	1	609
339	70	2	601	607
340	24	1	607
343	101	1	609
345	54	1	603
359	233	2	603	605
369	21	1	609
372	183	3	600	601	607
373	88	1	605
374	249	2	604	609
386	312	2	603	608
393	119	1	601
395	34	1	604
397	159	2	605	606
399	17	1	608
401	34	1	604
402	165	1	609
407	48	1	609
410	48	1	605
411	16	1	609
428	52	1	605
435	71	1	609
441	80	1	607
442	25	1	600
448	41	2	601	607
450	166	1	608
451	209	1	603
454	79	3	600	601	607
465	79	2	604	608
467	113	1	605
468	70	1	604
471	59	2	603	605
475	194	1	607
479	38	1	609
481	56	1	609
482	42	1	608
488	47	2	604	608
489	19	1	609
490	261	3	603	605	609
492	134	1	609
494	29	1	609
496	30	1	609
497	106	1	607
499	36	1	600
502	98	2	608	609
510	111	2	601	607
512	202	2	604	608
515	94	1	603
516	36	1	608
522	291	2	601	608
528	45	1	609
529	709	3	600	604	607
530	78	1	603
537	231	5	600	601	604	607	609
544	101	2	604	609
545	70	1	607
557	69	1	604
558	64	1	609
561	130	1	605
576	117	1	609
586	93	1	609
591	1	1	604
594	125	1	609
607	45	1	608
634	18	1	609
635	84	1	603
649	30	1	609
651	41	1	609
655	50	1	605
658	64	1	600
661	24	1	607
664	91	2	607	608
670	126	1	603
675	87	3	600	601	607
678	28	1	609
688	133	1	607
694	90	1	609
695	143	1	609
700	32	1	608
701	107	1	609
703	75	1	607
704	88	1	609
707	212	2	600	608
710	84	1	606
715	250	2	604	609
721	216	1	609
740	85	1	603
747	93	1	604
749	62	1	607
751	166	1	604
752	214	3	604	608	609
753	47	1	607
757	20	1	600
764	51	1	603
766	132	1	609
767	49	1	608
771	101	1	605
773	57	1	607
777	114	2	600	607
778	47	1	600
789	139	3	603	608	609
790	49	1	607
796	12	1	608
797	35	1	608
798	40	1	600
801	104	1	605
804	49	1	609
806	50	2	600	608
814	171	1	603
817	10	1	607
823	115	2	605	606
824	85	2	603	609
842	137	1	603
843	51	2	600	607
846	96	1	609
848	100	2	601	607
850	279	2	608	609
852	37	1	607
861	115	2	603	609
864	50	1	609
867	120	1	609
872	70	2	604	604
882	17	1	608
895	57	1	604
901	7	1	604
905	125	2	604	604
909	31	1	608
912	41	2	601	607
921	113	1	609
925	46	1	609
927	42	1	605
934	101	1	608
942	92	1	608
947	56	2	604	609
948	190	1	605
956	60	1	604
957	75	1	601
963	31	1	607
975	82	1	605
986	108	2	604	609
996	15	1	606
999	21	1	608
1002	106	2	603	605
1005	95	3	600	601	607
1016	26	1	608
1018	42	1	609
1019	8	1	609
1021	21	2	601	607
1028	90	1	604
1030	17	1	609
1031	32	1	609
1032	33	1	609
1037	44	1	605
1045	186	3	600	604	609
1047	144	1	603
1050	29	1	609
1052	117	1	609
1056	8	1	605
1058	177	2	607	608
1068	3	1	607
1070	77	1	607
1075	120	1	608
1079	24	2	603	605
1082	34	1	606
1089	9	1	603
1094	99	2	604	608
1101	36	1	604
1111	25	1	605
1121	109	2	605	606
1124	70	2	607	608
1129	83	1	609
1130	157	1	604
1146	31	2	601	608
1148	78	1	605
1159	31	1	609
1175	42	1	605
1177	54	1	608
1179	54	2	604	609
1189	121	1	605
1190	29	1	601
1194	52	1	609
1213	80	1	607
1216	108	1	606
1233	59	1	609
1243	44	1	609
1245	18	1	607
1274	63	1	601
1280	57	1	607
1287	72	3	604	604	609
1295	6	1	609
1297	52	1	605
1300	40	1	609
1321	63	1	609
1323	21	1	601
1324	15	1	607
1346	87	3	604	608	609
1357	20	1	608
1360	64	1	603
1364	54	1	605
1365	53	1	604
1366	7	1	604
1367	21	1	609
1374	51	1	609
1378	114	1	609
1384	7	1	609
1391	21	1	607
1399	39	1	603
1400	19	1	603
1414	282	3	603	604	609
1424	57	1	603
1427	2	1	609
1433	107	1	605
1453	38	1	600
1477	39	1	609
1493	40	1	607
1507	33	1	604
1515	25	1	603
1531	41	1	605
1532	27	1	609
1540	32	1	603
1546	32	2	604	609
1552	27	1	604
1561	45	1	607
1563	11	1	609
1564	11	1	605
1571	110	1	603
1577	14	1	603
1580	58	1	607
1604	20	1	601
1636	79	1	608
1638	37	1	609
1643	24	1	603
1656	1	1	601
1657	33	1	607
1667	4	1	609
1676	4	1	607
1686	18	1	609
1689	8	1	604
1692	54	1	604
1695	47	1	607
1701	42	1	608
1711	25	1	608
1725	4	1	609
1733	12	1	609
1742	90	2	604	609
1754	77	1	603
1762	57	1	604
1767	20	1	603
1771	11	1	605
1776	59	2	601	603
1777	9	1	608
1794	5	1	607
1796	48	1	607
1815	1	1	608
1821	27	1	609
1855	122	2	600	607
1856	15	1	607
1862	28	1	604
1884	164	1	609
1888	8	1	601
1890	26	1	600
1916	75	1	601
1976	26	1	605
2023	12	1	609
2045	21	1	609
2062	33	1	604
2100	20	1	607
2111	28	1	603
2139	15	1	600
2155	8	1	604
2160	82	1	603
2163	51	1	603
2192	26	1	604
2222	20	1	607
2240	20	2	604	604
2264	37	1	609
2302	55	2	604	604
2310	13	1	608
2314	24	1	601
2354	10	1	605
2381	49	1	604
2399	6	1	608
2428	13	1	609
2454	58	1	609
2504	2	1	607
2589	8	1	607
2593	11	1	609
2620	25	1	604
2645	26	1	609
2671	17	1	604
2707	8	1	604
2713	11	1	604
2729	23	1	609
2787	16	1	606
2806	4	1	606
2815	27	1	606
2818	8	1	608
2844	10	1	603
2872	13	1	600
2886	6	1	600
2905	30	1	609
2925	23	1	605
2959	29	1	609
2976	16	1	604
2989	26	1	605
2991	19	1	603
3047	3	1	609
3074	8	1	604
3114	10	1	600
3168	23	1	609
3185	31	1	607
3187	30	2	601	607
3211	15	1	604
3230	16	1	604
3233	9	1	603
3292	4	1	601
3374	5	1	609
3494	12	1	601
3585	6	1	608
3654	17	1	609
3669	4	1	604
3731	2	1	601
3745	4	1	601
3830	1	1	609
3893	16	1	608
3894	6	1	605
3951	9	1	609
4050	7	1	609
4090	1	1	600
4098	15	1	601
4144	1	1	601
4149	1	1	601
4151	3	1	604
4194	2	1	601
4205	5	1	600
4260	2	1	600
4408	4	1	608
4417	2	1	609
4433	3	1	601
4490	3	1	608
4674	2	1	609
4726	1	1	609
4727	1	1	605
4790	1	1	601
4816	2	1	601
4986	1	1	601
5182	1	1	609
5312	1	1	601
5319	1	1	601
5435	1	1	601
5767	1	1	601
5769	1	1	601
5850	1	1	604
6136	1	1	609
