2	522	3	1745	1747	1749
3	402	1	1748
9	460	1	1745
12	126	1	1747
16	286	1	1747
18	318	1	1747
19	91	1	1748
31	254	1	1747
34	16	1	1748
36	62	1	1747
37	139	1	1747
44	85	2	1743	1744
46	63	1	1747
50	385	1	1745
54	733	4	1743	1744	1747	1749
62	89	1	1747
67	827	2	1745	1747
69	271	1	1747
71	218	1	1745
74	65	1	1747
77	63	1	1741
79	87	1	1743
107	71	1	1748
110	43	2	1745	1747
115	225	1	1748
122	100	1	1747
132	187	1	1745
133	113	1	1741
145	64	1	1744
156	205	2	1745	1747
158	258	2	1741	1749
169	194	1	1747
176	640	1	1743
179	121	1	1747
180	221	2	1743	1749
193	215	2	1741	1743
210	118	1	1749
213	56	2	1743	1744
225	185	1	1747
229	118	1	1747
230	248	1	1748
258	112	1	1743
262	57	1	1747
264	224	1	1748
279	332	4	1741	1743	1744	1749
283	25	1	1749
286	88	1	1744
293	151	1	1747
299	113	1	1747
321	104	1	1749
328	122	1	1745
330	26	2	1745	1747
341	50	1	1743
343	101	1	1745
359	233	2	1743	1749
362	45	1	1747
373	88	1	1749
374	249	1	1747
386	312	3	1743	1745	1749
388	35	1	1747
397	159	1	1749
400	38	1	1747
402	165	1	1747
407	48	1	1747
410	48	2	1745	1749
411	16	1	1749
412	82	3	1741	1745	1749
418	223	2	1741	1743
420	126	1	1743
421	42	1	1744
426	110	1	1743
451	209	1	1741
453	83	1	1745
456	54	1	1745
466	47	1	1743
467	113	1	1749
471	59	1	1749
481	56	1	1747
490	261	1	1747
491	74	1	1743
492	134	1	1748
519	77	1	1747
522	291	1	1747
529	709	2	1743	1745
530	78	2	1743	1747
534	102	1	1747
542	165	1	1747
557	69	1	1747
558	64	1	1747
561	130	3	1741	1743	1749
576	117	1	1744
594	125	1	1745
597	193	1	1745
628	47	1	1747
629	76	1	1745
645	227	2	1744	1745
670	126	3	1741	1743	1744
678	28	1	1748
688	133	2	1741	1744
690	96	2	1745	1747
704	88	1	1743
714	205	2	1741	1747
721	216	1	1747
725	80	1	1749
728	31	1	1743
733	173	1	1748
740	85	1	1741
751	166	1	1747
764	51	2	1743	1744
773	57	1	1747
775	14	1	1743
779	58	2	1743	1744
785	71	1	1749
786	56	1	1747
801	104	1	1743
806	50	1	1748
814	171	1	1744
824	85	1	1741
825	90	1	1747
829	34	1	1747
840	79	1	1744
842	137	1	1749
850	279	1	1745
854	39	1	1747
872	70	1	1747
884	150	1	1747
892	38	1	1748
895	57	1	1747
903	77	1	1745
921	113	2	1743	1749
925	46	1	1749
941	145	1	1747
943	38	1	1747
956	60	1	1747
975	82	1	1749
978	41	1	1743
983	184	1	1747
986	108	1	1747
990	46	1	1749
991	20	1	1745
998	101	2	1741	1745
1000	66	1	1747
1001	73	1	1747
1002	106	2	1743	1744
1028	90	1	1747
1032	33	1	1743
1036	59	1	1741
1041	49	1	1745
1047	144	1	1744
1057	20	1	1747
1069	138	1	1745
1074	38	1	1747
1075	120	1	1748
1094	99	1	1747
1103	34	1	1745
1108	92	1	1745
1124	70	1	1748
1129	83	1	1741
1130	157	2	1743	1744
1131	47	1	1747
1148	78	2	1747	1749
1156	82	1	1747
1166	30	1	1747
1184	105	1	1748
1186	12	1	1745
1189	121	2	1745	1749
1195	153	2	1744	1749
1248	42	1	1747
1251	27	1	1749
1256	59	1	1741
1257	18	1	1747
1274	63	1	1747
1284	46	1	1745
1286	28	1	1747
1299	66	2	1743	1749
1303	83	1	1747
1341	21	1	1743
1349	10	1	1748
1368	147	3	1743	1749	1749
1385	42	1	1747
1389	30	1	1741
1417	41	1	1745
1424	57	1	1744
1433	107	1	1747
1434	13	1	1749
1456	19	2	1743	1744
1475	69	1	1747
1504	41	1	1744
1520	35	2	1741	1743
1524	76	1	1741
1529	33	1	1747
1571	110	2	1741	1744
1572	57	1	1744
1575	53	1	1743
1598	12	1	1743
1623	24	2	1743	1744
1638	37	1	1747
1643	24	1	1744
1644	9	1	1743
1685	67	1	1745
1706	10	1	1749
1728	97	1	1747
1733	12	1	1747
1740	30	1	1741
1743	55	1	1744
1754	77	1	1744
1776	59	2	1744	1747
1781	20	1	1749
1812	39	1	1741
1813	19	1	1741
1814	16	1	1747
1821	27	1	1747
1839	29	1	1745
1916	75	1	1745
1937	53	1	1747
1939	66	1	1745
1977	26	1	1747
2026	23	1	1741
2058	37	1	1748
2059	270	1	1744
2066	40	1	1747
2078	45	1	1747
2080	7	1	1745
2096	22	1	1745
2112	35	1	1745
2133	29	1	1745
2144	30	1	1745
2151	18	1	1743
2157	2	1	1745
2163	51	2	1749	1749
2168	28	1	1745
2186	42	1	1741
2240	20	1	1747
2291	29	1	1747
2348	47	1	1747
2353	40	4	1743	1744	1749	1749
2368	50	1	1741
2424	28	1	1743
2430	11	1	1745
2437	13	1	1747
2448	26	1	1747
2601	12	1	1741
2620	25	1	1747
2632	9	1	1747
2634	14	1	1744
2672	13	1	1748
2683	11	1	1741
2706	33	1	1747
2735	28	1	1743
2808	27	1	1744
2815	27	2	1743	1744
2822	13	1	1749
2862	35	1	1744
2871	19	1	1747
2875	22	1	1747
2896	2	1	1749
3020	26	1	1745
3134	11	1	1747
3295	11	1	1747
3458	7	1	1743
3549	4	1	1745
3554	4	1	1747
3813	6	1	1747
4377	2	1	1747
4534	1	1	1747
4881	1	1	1747
5181	10	1	1743
6021	1	1	1747
