2	522	1	838
3	402	3	832	833	837
9	460	1	838
16	286	1	837
18	318	1	835
31	254	1	835
40	133	1	837
42	52	1	832
48	257	1	837
49	124	1	835
50	385	2	837	838
53	219	1	833
54	733	1	835
55	104	1	835
61	98	1	838
64	81	1	833
65	159	1	838
66	71	1	837
67	827	4	831	832	837	838
69	271	1	835
71	218	1	838
75	182	2	832	837
81	18	1	837
93	42	1	837
94	240	1	833
100	35	1	831
103	237	2	832	833
106	27	1	832
113	15	1	837
115	225	1	832
131	90	1	833
133	113	1	833
144	23	1	832
149	63	1	838
156	205	1	833
162	75	1	838
171	137	1	832
172	79	1	837
174	118	1	837
176	640	3	832	833	838
181	147	1	833
183	160	1	833
194	40	1	835
202	306	1	835
203	36	1	833
204	244	2	833	835
205	241	1	835
219	42	1	833
225	185	1	838
230	248	3	832	833	837
231	25	1	837
232	92	1	832
243	42	1	837
244	18	1	837
252	193	1	833
256	137	1	837
258	112	1	838
264	224	2	832	833
296	135	1	833
309	30	1	835
318	211	2	833	837
328	122	2	838	838
331	47	1	838
339	70	2	832	837
348	173	1	833
349	48	1	837
372	183	2	832	837
403	54	1	833
407	48	1	838
410	48	1	838
441	80	1	833
450	166	1	833
451	209	1	835
453	83	1	838
467	113	1	839
475	194	1	837
486	41	2	835	837
490	261	1	835
493	75	1	833
497	106	1	837
502	98	1	838
507	8	1	837
510	111	2	832	837
512	202	2	833	837
515	94	1	838
520	80	2	833	834
528	45	1	838
529	709	4	832	833	835	838
532	91	1	835
537	231	1	832
544	101	1	835
567	59	1	835
594	125	1	838
595	120	1	837
607	45	1	832
612	55	1	838
629	76	1	838
643	68	1	833
645	227	1	838
661	24	1	837
673	9	1	832
675	87	1	832
686	9	1	837
690	96	1	838
701	107	1	835
703	75	1	832
714	205	2	838	838
715	250	2	835	837
721	216	2	835	838
727	23	1	839
733	173	1	833
749	62	1	833
752	214	1	833
753	47	1	833
764	51	1	838
767	49	1	833
777	114	2	832	837
778	47	1	837
779	58	1	835
785	71	1	839
789	139	1	838
809	10	1	837
825	90	2	838	838
830	8	1	831
834	2	1	835
836	27	1	837
844	317	1	833
848	100	1	832
852	37	1	832
861	115	1	838
862	52	1	833
864	50	1	838
881	56	1	837
903	77	1	838
936	52	1	832
942	92	1	833
957	75	1	832
963	31	1	833
975	82	1	838
982	22	1	838
983	184	1	838
1002	106	1	833
1005	95	2	832	837
1021	21	1	832
1045	186	3	833	835	837
1048	1	1	837
1058	177	1	832
1067	11	1	837
1070	77	1	832
1078	65	1	837
1088	8	2	832	837
1101	36	1	835
1184	105	1	833
1189	121	1	838
1229	58	1	838
1233	59	1	835
1252	88	1	835
1265	9	1	837
1274	63	1	838
1286	28	1	838
1287	72	1	835
1292	15	1	835
1300	40	1	835
1321	63	1	835
1355	16	1	837
1365	53	1	835
1378	114	1	835
1414	282	1	835
1419	30	1	837
1514	4	1	838
1519	120	1	833
1529	33	1	832
1533	10	1	835
1550	16	1	838
1577	14	1	832
1580	58	1	832
1587	16	1	837
1620	31	1	837
1705	27	1	838
1714	35	1	838
1728	97	1	835
1753	40	1	835
1759	5	1	832
1775	18	1	838
1787	24	2	831	833
1797	64	1	838
1833	40	1	833
1846	48	1	833
1855	122	1	832
1872	24	1	837
2050	8	1	833
2100	20	1	832
2105	16	1	833
2222	20	1	832
2254	18	1	837
2263	15	1	837
2311	11	1	837
2318	17	1	837
2378	4	1	838
2400	6	1	833
2418	6	1	837
2458	44	1	835
2469	45	1	833
2474	57	1	838
2527	28	1	837
2559	5	1	837
2601	12	1	839
2650	18	1	838
2720	19	1	837
2793	27	1	833
2899	21	1	835
2950	26	1	833
2953	12	1	837
2990	19	1	835
3016	8	1	833
3065	12	1	837
3105	4	1	837
3196	7	1	837
3222	10	1	837
3247	15	1	838
3519	9	1	835
3571	5	1	835
3647	10	1	837
3767	4	1	837
3912	1	1	833
4043	2	1	837
4054	5	1	837
4067	4	1	837
4089	1	1	837
4140	3	1	835
4178	3	1	837
4195	2	1	835
4245	8	1	837
4387	3	1	835
4540	1	1	831
4558	5	1	833
4685	7	1	833
4760	3	1	837
4794	1	1	835
4930	3	1	832
4954	3	1	835
5024	1	1	833
5188	1	1	832
5395	1	1	838
5446	1	1	833
5560	1	1	832
5594	1	1	831
5779	1	1	831
