2	522	4	1162	1163	1168	1169
8	114	1	1162
9	460	3	1163	1168	1169
11	20	1	1161
12	126	1	1163
18	318	1	1169
31	254	2	1163	1169
36	62	1	1169
48	257	1	1169
50	385	1	1168
54	733	3	1161	1162	1169
61	98	1	1169
65	159	1	1162
67	827	2	1163	1169
69	271	1	1168
71	218	1	1163
73	344	1	1163
74	65	1	1169
77	63	1	1161
85	34	1	1162
94	240	1	1168
96	113	1	1169
100	35	1	1163
111	30	1	1163
115	225	1	1168
119	32	1	1168
132	187	3	1161	1168	1169
147	56	1	1168
167	516	2	1168	1169
172	79	2	1163	1168
176	640	3	1162	1168	1169
180	221	2	1162	1169
183	160	1	1168
191	49	1	1168
202	306	1	1168
205	241	1	1168
210	118	1	1162
225	185	1	1162
229	118	2	1163	1169
236	95	1	1169
238	93	1	1163
264	224	1	1168
267	58	2	1168	1169
279	332	1	1162
285	237	1	1168
286	88	1	1161
298	69	1	1169
299	113	1	1169
311	42	1	1161
328	122	1	1163
334	23	1	1163
343	101	1	1163
356	23	1	1162
359	233	1	1163
371	26	1	1163
374	249	1	1169
380	42	1	1168
381	88	1	1168
386	312	1	1162
400	38	1	1169
432	56	1	1168
435	71	1	1168
451	209	1	1162
453	83	1	1163
475	194	1	1168
490	261	2	1162	1163
492	134	1	1169
502	98	1	1162
508	72	1	1168
515	94	1	1169
522	291	2	1168	1169
529	709	2	1163	1168
534	102	1	1169
537	231	1	1169
542	165	1	1163
572	29	1	1168
594	125	1	1163
598	18	1	1161
627	148	1	1169
629	76	1	1163
641	56	1	1168
645	227	1	1163
664	91	1	1169
666	34	1	1163
695	143	1	1169
697	100	1	1168
699	43	1	1168
707	212	1	1168
714	205	1	1163
715	250	1	1168
718	187	1	1168
721	216	2	1168	1169
725	80	1	1169
727	23	1	1169
734	50	1	1169
770	58	1	1161
771	101	1	1162
781	11	1	1169
782	31	1	1163
823	115	1	1162
825	90	1	1169
844	317	1	1168
846	96	1	1168
850	279	1	1163
861	115	1	1162
870	28	1	1161
884	150	1	1169
903	77	1	1163
920	47	1	1168
930	39	1	1168
941	145	1	1169
945	49	1	1168
946	75	1	1169
947	56	1	1169
948	190	2	1162	1168
950	15	1	1169
975	82	1	1162
983	184	2	1163	1169
1063	30	1	1168
1065	54	1	1163
1069	138	1	1168
1113	11	1	1168
1121	109	1	1162
1130	157	1	1162
1158	20	1	1162
1160	3	1	1161
1167	11	1	1162
1189	121	1	1163
1194	52	1	1169
1216	108	1	1162
1261	54	1	1161
1269	41	1	1168
1283	31	1	1163
1286	28	1	1163
1288	16	1	1162
1337	58	1	1162
1344	47	1	1168
1346	87	1	1169
1368	147	1	1169
1411	31	1	1168
1424	57	1	1162
1433	107	1	1162
1460	139	1	1168
1480	29	2	1163	1169
1578	24	1	1169
1662	47	1	1168
1664	37	1	1168
1685	67	1	1162
1692	54	1	1169
1719	42	1	1168
1736	69	1	1168
1742	90	1	1169
1775	18	1	1162
1782	26	1	1161
1784	28	1	1161
1808	47	1	1169
1817	59	1	1168
1826	31	1	1169
1884	164	1	1161
1916	75	1	1169
1925	40	1	1168
1934	11	1	1163
1937	53	1	1168
1959	23	1	1168
2034	34	1	1168
2046	105	1	1161
2048	31	1	1163
2050	8	1	1168
2059	270	2	1162	1163
2131	44	1	1162
2133	29	1	1163
2147	12	1	1161
2160	82	1	1162
2168	28	1	1169
2248	4	1	1168
2367	8	1	1169
2409	44	1	1163
2417	1	1	1161
2448	26	1	1169
2498	12	1	1169
2683	11	1	1161
2735	28	1	1161
2779	1	1	1161
2814	1	1	1163
3055	11	1	1161
3098	5	1	1163
3120	13	1	1169
3124	11	1	1169
3137	6	1	1161
3140	5	1	1161
3306	7	1	1161
3467	17	1	1169
3674	10	1	1162
3799	8	1	1168
3874	9	1	1168
4024	20	1	1161
4153	4	1	1161
4275	6	1	1161
4456	1	1	1161
4610	3	1	1161
4822	2	1	1162
5447	1	1	1162
5570	1	1	1169
5702	1	1	1162
5730	1	1	1168
