2	522	2	1104	1106
9	460	3	1104	1106	1108
12	126	1	1104
14	136	1	1100
16	286	1	1106
18	318	3	1104	1106	1108
24	8	1	1106
28	25	1	1100
31	254	1	1106
46	63	1	1106
54	733	4	1100	1104	1106	1108
59	236	2	1100	1108
60	231	1	1100
65	159	1	1108
67	827	1	1106
69	271	1	1106
73	344	2	1104	1106
77	63	1	1100
79	87	1	1100
94	240	1	1106
117	36	1	1106
121	192	1	1108
149	63	1	1104
156	205	1	1104
158	258	1	1100
167	516	1	1106
176	640	2	1106	1108
177	53	1	1100
178	55	1	1100
179	121	1	1102
180	221	2	1104	1106
183	160	1	1106
193	215	2	1100	1108
202	306	2	1102	1106
204	244	1	1106
205	241	1	1106
210	118	1	1108
225	185	1	1108
252	193	2	1100	1108
272	63	1	1100
279	332	2	1106	1108
286	88	1	1108
293	151	1	1102
320	52	1	1104
328	122	1	1104
332	31	1	1100
335	232	1	1106
345	54	1	1104
359	233	2	1106	1108
373	88	1	1104
374	249	2	1102	1106
386	312	2	1100	1108
397	159	1	1108
405	58	1	1106
418	223	1	1100
426	110	1	1100
435	71	1	1106
451	209	2	1106	1108
460	155	1	1104
465	79	1	1106
467	113	1	1108
475	194	1	1106
479	38	1	1106
484	23	1	1108
489	19	1	1102
490	261	2	1100	1106
500	15	1	1106
512	202	1	1106
519	77	1	1100
529	709	1	1106
530	78	1	1108
542	165	1	1102
544	101	1	1102
561	130	1	1108
567	59	1	1106
574	51	1	1106
576	117	1	1100
577	29	1	1100
584	69	1	1100
602	37	1	1106
610	34	1	1106
612	55	2	1106	1108
616	40	1	1104
634	18	1	1106
641	56	1	1106
651	41	1	1102
655	50	1	1104
656	103	1	1104
670	126	1	1100
682	26	1	1108
688	133	1	1100
694	90	1	1102
695	143	1	1106
701	107	1	1106
714	205	1	1108
715	250	1	1106
718	187	1	1106
721	216	1	1106
725	80	1	1104
740	85	1	1108
759	11	1	1100
769	124	1	1100
801	104	1	1108
814	171	1	1100
840	79	1	1100
844	317	1	1106
859	26	1	1100
870	28	1	1100
905	125	1	1106
934	101	1	1106
948	190	1	1108
949	14	1	1104
975	82	1	1108
992	68	1	1100
996	15	1	1108
997	19	1	1100
998	101	1	1100
1001	73	1	1106
1002	106	1	1108
1012	71	1	1100
1017	20	1	1106
1040	26	1	1104
1045	186	1	1106
1047	144	1	1100
1052	117	1	1100
1085	7	1	1100
1099	3	1	1100
1101	36	1	1102
1103	34	1	1104
1107	15	1	1108
1121	109	1	1108
1122	40	1	1106
1145	16	1	1102
1171	22	1	1100
1189	121	1	1104
1192	8	1	1100
1233	59	1	1102
1251	27	1	1108
1288	16	1	1106
1295	6	1	1100
1297	52	1	1108
1307	22	1	1106
1321	63	1	1106
1336	48	1	1100
1346	87	1	1100
1368	147	1	1108
1376	162	1	1100
1377	13	1	1100
1414	282	1	1106
1415	22	1	1100
1464	27	1	1100
1512	23	1	1100
1524	76	1	1108
1527	51	1	1106
1532	27	1	1106
1540	32	1	1108
1551	1	1	1108
1577	14	1	1108
1579	53	1	1100
1620	31	1	1106
1681	12	1	1100
1685	67	1	1104
1706	10	1	1100
1740	30	1	1100
1754	77	1	1100
1808	47	1	1106
1827	2	1	1100
1831	89	1	1102
1854	32	1	1100
1879	44	1	1100
1884	164	1	1100
1896	8	1	1104
1916	75	2	1106	1108
1973	27	1	1106
1984	19	1	1100
1993	45	1	1106
2059	270	1	1108
2108	52	1	1100
2123	13	1	1100
2188	68	1	1108
2212	68	1	1100
2219	24	1	1100
2302	55	1	1106
2329	11	1	1106
2362	15	1	1102
2424	28	1	1100
2458	44	1	1102
2477	14	1	1106
2593	11	1	1100
2624	11	1	1106
2924	10	1	1102
3054	13	1	1106
3135	20	1	1106
3211	15	1	1106
3217	16	2	1102	1106
3520	1	1	1102
3593	6	1	1100
3616	2	1	1106
3619	7	1	1100
3624	6	1	1100
3639	8	1	1100
3728	1	1	1106
3942	4	1	1106
4050	7	1	1106
4319	4	1	1106
4630	1	1	1104
4750	3	1	1100
5401	2	1	1106
