2	522	6	62	64	65	67	67	69
3	402	4	64	67	67	68
8	114	1	65
9	460	3	61	64	65
14	136	1	67
16	286	6	62	66	67	67	67	69
18	318	5	65	66	67	67	68
23	134	1	68
29	22	1	65
31	254	3	66	67	67
36	62	1	67
40	133	1	68
44	85	2	60	69
46	63	1	66
48	257	6	65	67	67	67	68	69
49	124	2	66	67
50	385	2	62	67
53	219	4	64	67	68	68
54	733	4	60	65	66	67
55	104	1	67
57	33	1	65
59	236	3	60	61	68
60	231	1	64
61	98	2	62	65
62	89	3	62	67	69
63	91	2	64	67
64	81	1	68
65	159	2	61	66
67	827	5	62	64	66	68	69
69	271	4	64	66	67	68
71	218	2	65	69
73	344	6	62	64	65	67	67	69
74	65	2	67	67
75	182	4	64	67	67	68
79	87	1	60
99	7	1	67
103	237	1	65
107	71	2	64	68
108	55	1	64
112	118	1	65
115	225	1	64
116	15	1	67
121	192	3	61	62	65
122	100	1	67
124	13	1	61
131	90	2	67	67
132	187	1	66
133	113	1	67
135	70	1	60
141	95	2	60	64
143	116	5	64	67	67	68	68
155	49	1	67
156	205	3	64	65	67
157	64	1	64
162	75	2	61	65
165	38	1	68
167	516	3	67	67	67
169	194	2	67	67
170	37	1	68
172	79	3	62	68	69
176	640	7	64	65	66	67	67	68	68
179	121	2	67	67
180	221	3	64	65	67
181	147	2	68	68
184	42	1	66
189	121	3	67	67	68
193	215	5	60	61	65	67	67
200	79	1	66
202	306	1	66
204	244	3	64	66	67
205	241	4	64	66	67	67
210	118	1	61
218	84	1	68
225	185	3	61	65	67
229	118	1	67
230	248	2	64	68
232	92	3	64	67	67
236	95	1	67
238	93	3	62	65	67
240	128	2	64	67
247	233	3	66	67	67
251	11	1	66
252	193	1	66
254	20	1	60
258	112	1	65
261	105	1	67
262	57	1	65
264	224	2	67	68
279	332	1	61
280	61	1	62
284	18	1	64
291	260	5	62	64	65	67	67
293	151	3	67	67	67
294	72	1	64
296	135	1	68
298	69	2	67	67
306	128	1	66
309	30	1	66
318	211	1	64
319	45	2	67	67
320	52	2	62	69
321	104	1	65
328	122	3	62	65	69
334	23	1	69
335	232	3	66	67	67
336	30	2	62	66
348	173	2	64	67
357	12	1	64
359	233	4	61	65	68	69
362	45	2	67	67
366	34	1	67
372	183	1	68
373	88	1	65
374	249	3	67	67	67
382	34	1	64
384	205	3	64	67	67
386	312	6	61	62	65	66	67	67
392	34	1	64
393	119	2	64	67
398	22	1	61
401	34	1	67
402	165	2	66	67
409	36	1	65
416	106	1	65
418	223	2	60	65
420	126	1	61
424	83	1	66
432	56	1	65
437	26	1	62
441	80	4	64	67	68	68
450	166	3	64	68	68
451	209	1	66
453	83	1	62
454	79	3	64	67	68
456	54	1	67
460	155	1	60
461	27	1	67
464	11	1	64
465	79	1	66
471	59	1	65
475	194	1	68
480	31	1	65
486	41	1	68
488	47	1	67
490	261	3	62	65	67
491	74	1	65
492	134	3	67	67	67
496	30	1	67
510	111	1	68
511	13	1	67
512	202	1	66
514	27	1	65
515	94	2	62	69
519	77	1	68
522	291	1	68
524	56	2	67	67
529	709	8	62	64	65	66	67	67	67	69
530	78	1	65
532	91	1	66
534	102	2	67	67
537	231	2	67	68
542	165	1	62
544	101	1	66
555	72	1	67
556	69	2	67	67
558	64	2	62	69
584	69	1	60
586	93	1	69
593	56	1	61
594	125	1	62
595	120	1	64
597	193	2	67	67
599	69	1	67
606	17	1	65
612	55	2	62	65
616	40	1	65
623	6	1	67
625	32	1	68
629	76	1	62
635	84	2	61	62
643	68	1	68
645	227	2	62	69
649	30	1	64
656	103	2	62	65
658	64	2	62	66
664	91	1	67
666	34	1	69
670	126	1	60
675	87	1	67
688	133	3	60	62	66
690	96	2	62	65
692	70	1	62
695	143	1	62
699	43	1	66
701	107	1	66
707	212	2	67	68
710	84	1	65
714	205	2	67	67
715	250	3	64	67	68
721	216	1	67
723	46	1	67
725	80	2	62	65
726	27	1	65
733	173	1	68
736	16	1	65
738	85	1	66
751	166	3	67	67	67
752	214	1	66
769	124	2	60	61
770	58	1	60
771	101	2	61	65
773	57	2	68	68
777	114	1	67
778	47	1	68
785	71	1	61
789	139	2	61	67
795	16	1	66
798	40	1	66
804	49	2	66	67
814	171	1	60
820	36	1	68
823	115	1	67
824	85	1	61
825	90	1	65
827	19	1	64
836	27	1	68
838	18	1	65
840	79	1	60
844	317	2	64	67
846	96	1	66
848	100	1	67
855	51	1	62
857	9	1	68
861	115	1	65
864	50	3	67	67	67
867	120	2	67	67
868	8	1	66
875	11	1	67
878	39	1	65
881	56	1	67
885	43	1	68
892	38	1	68
895	57	2	67	67
897	17	1	65
899	65	1	67
900	67	1	67
903	77	2	62	69
921	113	1	61
928	29	2	67	67
930	39	1	69
943	38	1	67
944	54	2	67	67
946	75	2	61	65
947	56	1	67
948	190	2	65	66
949	14	1	65
956	60	1	67
957	75	1	68
961	65	1	68
963	31	1	68
975	82	3	62	65	69
978	41	1	60
980	24	2	60	61
983	184	2	62	69
986	108	2	66	67
1000	66	1	66
1018	42	1	67
1028	90	1	67
1037	44	3	62	65	67
1047	144	1	60
1049	26	1	65
1050	29	2	67	68
1058	177	1	64
1065	54	1	65
1070	77	1	64
1072	36	1	60
1078	65	3	62	67	69
1087	58	1	66
1096	95	1	65
1101	36	1	66
1103	34	1	65
1116	26	1	67
1124	70	1	67
1130	157	1	65
1131	47	1	69
1147	23	1	66
1148	78	4	61	62	65	67
1153	11	1	66
1168	37	1	65
1179	54	1	66
1184	105	1	64
1189	121	2	62	65
1190	29	1	68
1195	153	1	60
1198	42	1	67
1199	17	1	67
1207	66	2	68	68
1213	80	3	64	68	68
1216	108	1	61
1217	16	1	65
1229	58	1	65
1233	59	1	66
1238	23	1	68
1248	42	1	62
1256	59	1	65
1274	63	1	67
1283	31	3	65	67	67
1287	72	2	62	65
1293	32	1	60
1303	83	1	62
1305	8	1	65
1307	22	1	68
1313	63	1	67
1321	63	1	67
1331	31	1	67
1342	44	2	62	69
1346	87	1	60
1347	18	1	64
1350	30	2	62	69
1359	8	1	68
1365	53	1	66
1368	147	1	61
1375	8	1	60
1376	162	1	60
1378	114	1	65
1414	282	1	66
1423	24	1	66
1436	30	1	68
1477	39	1	66
1493	40	1	67
1497	7	1	64
1502	11	1	68
1504	41	1	67
1531	41	1	61
1550	16	1	67
1579	53	1	60
1580	58	1	68
1581	13	1	68
1603	55	1	60
1614	18	1	67
1630	15	1	68
1636	79	1	64
1655	14	1	67
1685	67	2	61	65
1693	9	1	68
1712	17	1	66
1716	37	1	64
1728	97	4	67	67	67	67
1729	76	2	65	67
1758	4	1	66
1762	57	1	66
1765	39	2	67	67
1788	12	1	65
1796	48	1	64
1798	15	1	67
1803	10	2	64	67
1808	47	1	65
1814	16	1	65
1817	59	1	67
1824	17	2	62	67
1826	31	1	67
1841	31	2	67	67
1853	37	2	64	67
1863	2	1	66
1878	6	1	61
1884	164	1	60
1892	4	1	66
1914	8	1	60
1927	56	1	60
1934	11	2	62	69
1937	53	1	67
1949	9	1	61
1952	15	1	68
1956	23	1	65
1970	12	1	66
1998	2	1	68
2005	7	1	68
2015	51	1	68
2037	41	1	61
2040	7	1	67
2048	31	2	62	65
2059	270	3	60	62	66
2062	33	1	67
2063	31	1	67
2071	45	1	62
2075	48	1	68
2077	13	1	67
2078	45	1	67
2082	26	1	66
2089	12	1	61
2129	9	1	65
2131	44	1	65
2133	29	2	62	69
2136	12	1	61
2158	5	1	67
2168	28	1	62
2169	8	1	67
2188	68	1	65
2191	16	1	68
2204	7	1	68
2206	22	1	64
2222	20	1	67
2247	22	1	64
2275	8	1	67
2291	29	1	66
2306	17	1	67
2315	28	1	68
2326	33	1	66
2362	15	1	67
2375	22	1	65
2381	49	1	66
2405	11	1	68
2409	44	2	62	69
2414	7	1	68
2422	1	1	62
2429	9	1	67
2448	26	1	67
2458	44	1	67
2481	7	1	62
2488	13	1	68
2499	3	2	62	69
2517	18	1	67
2543	2	1	67
2588	7	1	65
2650	18	1	69
2709	20	1	64
2715	1	1	68
2731	16	1	69
2735	28	1	60
2793	27	1	66
2857	19	1	68
2879	5	1	66
2884	33	1	64
2950	26	1	67
2959	29	1	66
2988	1	1	68
3012	2	1	67
3020	26	1	67
3027	11	1	69
3054	13	1	68
3065	12	1	64
3069	15	1	67
3088	8	1	68
3089	6	1	66
3217	16	1	67
3238	5	1	66
3244	6	1	67
3266	2	1	68
3305	13	1	67
3310	4	1	65
3331	18	1	67
3353	3	1	68
3358	10	1	68
3382	1	1	66
3417	2	1	67
3462	10	1	67
3503	2	1	65
3519	9	1	67
3611	2	1	68
3633	12	1	67
3647	10	1	64
3651	1	1	67
3670	11	1	67
3769	19	1	68
3770	5	1	67
3787	2	1	68
3857	10	1	68
3914	3	1	64
3949	2	1	64
4178	3	1	68
4222	5	1	67
4267	14	1	62
4425	4	1	66
4434	1	1	68
4568	3	1	60
4682	3	1	69
4776	4	1	65
4812	2	1	64
4871	6	1	68
4905	1	1	68
4930	3	1	65
5007	2	1	67
5048	6	1	65
5078	1	1	68
5471	5	1	67
5835	2	1	67
6025	1	1	69
6135	1	1	67
