2	522	2	1496	1498
3	402	4	1490	1492	1493	1497
5	41	1	1499
9	460	1	1490
12	126	1	1498
14	136	1	1499
16	286	1	1496
18	318	1	1498
23	134	1	1499
31	254	1	1498
40	133	2	1490	1497
41	71	1	1497
42	52	2	1492	1493
44	85	2	1496	1499
48	257	2	1496	1498
50	385	3	1490	1493	1498
53	219	1	1499
54	733	2	1496	1496
59	236	1	1498
60	231	1	1499
61	98	1	1496
62	89	2	1497	1499
67	827	6	1490	1492	1493	1497	1498	1499
71	218	1	1498
73	344	1	1496
75	182	2	1490	1492
87	54	1	1499
94	240	1	1497
96	113	1	1498
97	34	1	1496
103	237	1	1490
115	225	1	1493
121	192	1	1496
122	100	1	1498
123	59	1	1498
126	41	1	1499
131	90	1	1499
132	187	2	1490	1499
133	113	1	1499
137	73	2	1496	1498
145	64	1	1499
150	16	1	1498
151	39	1	1496
153	49	1	1490
158	258	2	1496	1499
167	516	2	1496	1498
176	640	2	1490	1498
178	55	1	1499
181	147	2	1490	1493
189	121	1	1493
193	215	2	1498	1499
194	40	1	1499
195	21	1	1499
210	118	1	1496
218	84	1	1497
225	185	1	1496
226	42	1	1498
229	118	1	1498
230	248	1	1492
232	92	3	1492	1493	1499
238	93	1	1496
241	35	2	1492	1493
243	42	1	1498
247	233	1	1493
252	193	1	1499
254	20	1	1499
256	137	1	1490
261	105	1	1497
264	224	1	1493
268	11	2	1492	1493
270	3	1	1493
276	69	1	1496
279	332	2	1498	1499
281	15	1	1496
285	237	1	1493
286	88	2	1498	1499
291	260	2	1493	1498
303	42	3	1493	1496	1499
306	128	1	1496
314	31	1	1497
331	47	1	1496
345	54	1	1499
348	173	1	1499
359	233	1	1499
366	34	1	1496
371	26	1	1496
372	183	2	1492	1493
374	249	2	1496	1498
376	6	1	1498
384	205	2	1493	1496
386	312	4	1496	1496	1498	1499
391	64	1	1498
395	34	1	1499
402	165	1	1498
405	58	1	1493
407	48	1	1499
412	82	3	1496	1496	1499
416	106	2	1498	1499
418	223	1	1496
420	126	1	1496
426	110	1	1499
435	71	1	1496
441	80	1	1492
450	166	1	1490
451	209	1	1499
458	18	1	1490
460	155	1	1498
466	47	1	1496
468	70	2	1492	1493
478	16	1	1499
488	47	1	1496
497	106	1	1492
504	26	1	1497
508	72	1	1496
510	111	2	1490	1493
512	202	1	1490
515	94	1	1498
522	291	1	1493
529	709	3	1490	1492	1498
530	78	1	1498
534	102	1	1496
537	231	4	1490	1492	1493	1497
542	165	1	1496
561	130	2	1496	1499
564	50	1	1493
569	13	1	1499
576	117	1	1498
577	29	1	1499
597	193	1	1496
602	37	1	1496
627	148	1	1498
628	47	2	1496	1498
632	61	1	1498
645	227	2	1496	1498
652	57	1	1490
656	103	1	1498
661	24	1	1493
664	91	1	1498
668	49	1	1493
670	126	1	1499
688	133	1	1499
690	96	1	1498
692	70	1	1498
695	143	1	1496
703	75	1	1490
704	88	1	1499
714	205	1	1496
721	216	1	1498
740	85	1	1499
747	93	1	1498
751	166	2	1496	1498
759	11	1	1499
766	132	1	1498
769	124	3	1496	1498	1499
777	114	2	1490	1492
778	47	1	1497
800	36	2	1498	1499
813	39	1	1493
814	171	2	1498	1499
816	37	1	1497
823	115	1	1498
824	85	1	1499
842	137	3	1496	1496	1498
843	51	1	1493
848	100	3	1490	1492	1493
850	279	2	1496	1498
852	37	1	1499
853	19	1	1493
855	51	2	1496	1496
866	24	1	1496
867	120	1	1498
879	19	1	1498
894	39	1	1498
905	125	1	1496
907	12	1	1492
916	45	1	1499
920	47	1	1498
928	29	1	1498
934	101	1	1499
941	145	2	1496	1498
948	190	1	1498
957	75	2	1492	1497
963	31	1	1498
970	28	1	1496
983	184	1	1498
986	108	1	1496
998	101	1	1499
1000	66	2	1496	1498
1001	73	1	1498
1005	95	2	1490	1492
1016	26	1	1492
1028	90	1	1498
1036	59	1	1499
1042	16	2	1492	1493
1047	144	1	1499
1052	117	1	1499
1058	177	2	1492	1493
1069	138	1	1498
1072	36	1	1499
1085	7	1	1499
1093	33	1	1490
1108	92	1	1496
1116	26	1	1499
1129	83	1	1499
1133	39	1	1490
1135	14	1	1497
1145	16	1	1497
1149	42	1	1498
1156	82	1	1496
1171	22	1	1499
1172	21	1	1499
1175	42	1	1496
1198	42	1	1498
1207	66	1	1490
1211	10	1	1499
1213	80	1	1490
1227	42	1	1497
1243	44	1	1499
1269	41	1	1499
1284	46	1	1498
1297	52	1	1499
1322	36	1	1498
1335	20	1	1498
1336	48	1	1499
1360	64	1	1499
1375	8	1	1499
1378	114	1	1498
1414	282	1	1499
1417	41	2	1496	1498
1423	24	1	1496
1445	25	1	1499
1460	139	1	1492
1475	69	1	1496
1476	39	1	1498
1480	29	1	1498
1489	19	1	1490
1491	3	1	1492
1493	40	1	1497
1495	2	1	1496
1504	41	1	1498
1519	120	1	1498
1520	35	1	1499
1526	32	1	1496
1529	33	1	1496
1532	27	1	1496
1571	110	1	1499
1573	59	1	1496
1578	24	1	1498
1580	58	1	1490
1584	12	1	1498
1614	18	1	1498
1617	12	1	1499
1630	15	1	1497
1651	22	1	1498
1684	53	2	1490	1492
1692	54	1	1496
1695	47	1	1498
1705	27	1	1498
1711	25	1	1496
1753	40	2	1498	1499
1801	69	1	1499
1804	9	1	1496
1811	21	1	1493
1846	48	1	1499
1855	122	3	1490	1492	1493
1872	24	1	1499
1888	8	1	1498
1900	16	2	1493	1499
1916	75	1	1498
1921	2	1	1499
1931	49	1	1492
1941	5	1	1498
2030	4	1	1498
2059	270	1	1498
2063	31	1	1498
2065	7	1	1499
2077	13	1	1498
2085	3	1	1498
2095	12	1	1496
2108	52	1	1496
2129	9	1	1499
2135	17	1	1498
2160	82	1	1496
2173	10	1	1499
2181	9	1	1499
2185	10	1	1499
2186	42	1	1499
2212	68	1	1496
2222	20	2	1492	1493
2244	18	1	1498
2276	7	1	1490
2300	14	1	1498
2314	24	1	1498
2340	13	1	1496
2348	47	1	1496
2368	50	2	1496	1499
2405	11	1	1497
2424	28	2	1496	1499
2426	7	2	1496	1496
2437	13	1	1496
2474	57	1	1498
2530	13	1	1498
2546	33	1	1498
2558	10	1	1497
2568	43	2	1499	1499
2685	13	1	1499
2709	20	1	1499
2732	2	1	1496
2752	18	1	1498
2823	8	1	1497
2901	3	1	1498
2941	8	1	1497
2950	26	1	1498
3011	14	1	1493
3062	13	1	1496
3072	6	1	1493
3093	5	1	1499
3112	3	1	1498
3128	22	1	1498
3134	11	1	1496
3157	9	1	1492
3185	31	1	1493
3224	4	1	1498
3307	5	1	1498
3323	38	1	1499
3360	2	1	1498
3444	1	1	1493
3525	6	1	1499
3668	10	1	1496
3769	19	2	1493	1497
3873	3	1	1498
3945	1	1	1496
3974	3	1	1497
4037	12	1	1497
4111	7	1	1499
4154	1	1	1490
4202	1	1	1498
4252	2	1	1499
4253	2	1	1496
4402	5	1	1492
4460	1	1	1496
4570	4	1	1496
4592	4	1	1499
4617	3	1	1493
4871	6	1	1496
4910	3	1	1498
5206	1	1	1499
5291	2	1	1490
5387	1	1	1493
5563	2	1	1498
5623	2	1	1492
5677	1	1	1499
6124	1	1	1497
6162	1	1	1493
