2	522	4	1071	1074	1076	1077
3	402	3	1071	1073	1076
9	460	4	1071	1074	1076	1077
16	286	1	1077
18	318	2	1074	1077
31	254	1	1074
40	133	1	1073
44	85	1	1077
48	257	1	1074
50	385	2	1076	1077
53	219	1	1071
59	236	1	1077
60	231	2	1071	1076
63	91	1	1071
65	159	1	1074
67	827	5	1071	1073	1074	1076	1077
69	271	1	1071
71	218	2	1074	1077
73	344	2	1076	1077
75	182	2	1073	1076
79	87	2	1077	1077
97	34	1	1074
100	35	1	1074
103	237	1	1071
107	71	1	1071
110	43	1	1077
115	225	1	1071
121	192	1	1074
122	100	1	1074
123	59	1	1074
132	187	1	1071
135	70	1	1077
137	73	1	1077
140	29	2	1074	1077
143	116	1	1071
149	63	1	1074
156	205	1	1077
157	64	1	1073
165	38	1	1073
167	516	1	1074
171	137	1	1073
172	79	1	1074
174	118	2	1071	1073
176	640	1	1076
180	221	1	1077
183	160	1	1076
193	215	1	1077
194	40	1	1077
204	244	1	1071
219	42	1	1076
225	185	1	1074
229	118	1	1074
230	248	3	1071	1073	1076
232	92	1	1076
238	93	1	1074
240	128	1	1076
242	18	1	1073
252	193	4	1074	1076	1077	1077
256	137	1	1073
258	112	1	1077
264	224	2	1071	1076
267	58	1	1074
276	69	1	1077
280	61	1	1074
284	18	1	1071
285	237	1	1071
291	260	2	1074	1076
293	151	1	1074
318	211	2	1071	1076
319	45	1	1077
328	122	1	1077
330	26	1	1077
343	101	2	1074	1077
348	173	2	1071	1076
353	61	1	1076
359	233	1	1077
364	15	1	1071
372	183	2	1073	1076
386	312	3	1074	1076	1077
391	64	2	1074	1077
393	119	2	1071	1076
397	159	2	1074	1077
403	54	1	1073
412	82	1	1077
421	42	1	1071
432	56	1	1077
438	10	1	1077
441	80	1	1071
450	166	2	1071	1073
451	209	1	1076
453	83	2	1074	1077
454	79	1	1071
456	54	1	1077
458	18	1	1073
460	155	2	1074	1077
465	79	1	1071
467	113	2	1074	1077
472	21	1	1074
475	194	1	1073
490	261	1	1074
497	106	1	1076
499	36	1	1073
522	291	1	1071
529	709	5	1071	1073	1074	1076	1077
530	78	1	1074
537	231	2	1073	1076
542	165	1	1074
545	70	2	1071	1076
558	64	1	1071
586	93	1	1074
592	32	1	1077
594	125	1	1077
595	120	2	1071	1073
597	193	1	1077
599	69	1	1077
612	55	1	1071
627	148	1	1071
629	76	1	1077
632	61	1	1077
635	84	1	1074
637	17	1	1071
645	227	2	1074	1077
656	103	1	1077
658	64	1	1077
665	31	1	1071
675	87	1	1073
680	45	1	1076
692	70	1	1071
695	143	1	1074
698	8	1	1071
714	205	1	1077
715	250	1	1076
738	85	1	1077
752	214	1	1073
753	47	1	1076
769	124	2	1074	1077
777	114	3	1071	1073	1076
801	104	1	1074
806	50	1	1071
813	39	1	1071
814	171	2	1071	1074
818	40	1	1071
831	34	1	1074
833	17	1	1076
843	51	1	1071
844	317	1	1071
850	279	1	1077
871	5	1	1071
884	150	1	1074
895	57	1	1074
899	65	1	1073
903	77	1	1077
907	12	1	1071
909	31	1	1071
926	33	1	1076
928	29	1	1077
932	22	1	1071
934	101	1	1076
944	54	1	1076
946	75	1	1077
948	190	2	1074	1077
976	75	1	1074
982	22	1	1077
1005	95	1	1073
1033	30	1	1077
1043	2	1	1071
1058	177	3	1071	1073	1076
1069	138	2	1074	1077
1070	77	2	1071	1076
1075	120	1	1076
1103	34	1	1074
1108	92	2	1074	1077
1124	70	1	1076
1130	157	2	1074	1077
1133	39	1	1073
1154	10	1	1076
1158	20	1	1071
1159	31	1	1071
1175	42	1	1074
1182	16	1	1073
1189	121	1	1074
1195	153	1	1077
1242	42	1	1071
1261	54	1	1077
1274	63	1	1074
1284	46	1	1074
1287	72	1	1074
1291	8	1	1071
1310	34	1	1077
1346	87	1	1076
1350	30	1	1077
1374	51	1	1074
1378	114	1	1077
1395	10	1	1074
1426	44	1	1076
1454	26	1	1077
1460	139	1	1076
1527	51	1	1071
1547	26	1	1074
1566	23	1	1074
1657	33	2	1071	1076
1683	13	1	1077
1684	53	1	1076
1690	2	1	1071
1695	47	1	1077
1707	22	1	1077
1712	17	1	1077
1716	37	1	1071
1719	42	1	1071
1728	97	1	1071
1743	55	1	1077
1753	40	1	1074
1754	77	1	1077
1762	57	1	1077
1769	16	1	1071
1808	47	2	1071	1074
1855	122	2	1073	1076
1873	5	1	1074
1884	164	1	1077
1885	22	1	1071
1890	26	1	1073
1895	24	1	1073
1901	2	1	1076
1916	75	1	1074
1927	56	1	1077
1939	66	1	1077
1976	26	1	1074
2015	51	1	1071
2066	40	1	1074
2071	45	1	1077
2075	48	1	1071
2092	49	2	1071	1076
2098	14	1	1076
2103	16	1	1077
2111	28	1	1071
2112	35	1	1077
2168	28	1	1077
2188	68	1	1074
2231	62	1	1071
2237	21	1	1073
2247	22	1	1077
2255	37	1	1071
2264	37	1	1073
2296	30	1	1074
2318	17	1	1073
2390	12	1	1071
2409	44	2	1074	1077
2428	13	1	1077
2430	11	1	1077
2470	26	1	1071
2521	17	1	1071
2537	7	1	1076
2599	27	1	1073
2602	20	1	1077
2622	1	1	1071
2649	10	1	1071
2762	15	1	1076
2770	7	1	1071
2799	38	1	1074
2801	4	1	1076
2808	27	1	1077
2823	8	1	1071
2852	3	1	1077
2878	5	1	1071
2885	4	1	1077
2953	12	1	1071
3014	29	1	1073
3018	3	1	1073
3064	2	1	1071
3128	22	1	1071
3185	31	1	1076
3314	3	1	1077
3375	4	1	1071
3395	4	1	1077
3561	6	1	1076
3756	6	1	1071
3857	10	1	1076
3875	6	1	1076
4061	1	1	1077
4267	14	1	1077
4399	4	1	1074
4618	4	1	1076
4834	4	1	1076
4840	2	1	1074
4895	4	1	1071
5265	1	1	1071
5522	1	1	1071
5691	1	1	1077
6221	1	1	1077
