2	522	3	902	904	906
3	402	2	906	908
9	460	2	904	906
16	286	1	900
31	254	3	900	902	904
37	139	1	900
40	133	1	908
48	257	1	904
49	124	2	900	902
50	385	1	906
53	219	1	906
54	733	2	900	902
55	104	1	902
61	98	2	902	904
62	89	1	904
67	827	4	900	902	904	908
69	271	1	902
71	218	1	904
72	17	1	900
73	344	1	904
94	240	1	906
95	15	1	902
96	113	1	902
100	35	1	904
103	237	1	906
115	225	1	906
121	192	1	902
123	59	1	902
131	90	1	906
153	49	1	908
155	49	1	902
167	516	1	902
170	37	1	906
172	79	1	904
174	118	1	908
176	640	3	900	902	904
179	121	1	900
182	53	1	906
183	160	1	906
189	121	1	908
193	215	1	906
202	306	1	906
204	244	1	906
218	84	1	906
229	118	1	904
235	20	1	904
238	93	1	904
240	128	1	906
247	233	1	902
251	11	1	900
264	224	1	906
267	58	1	900
280	61	1	904
282	12	1	900
285	237	1	906
298	69	1	900
299	113	2	900	902
300	4	1	906
306	128	2	900	902
323	39	1	906
328	122	1	904
334	23	1	904
335	232	2	900	902
353	61	1	906
372	183	1	908
374	249	2	900	902
381	88	1	906
386	312	1	904
401	34	1	900
402	165	2	900	902
424	83	1	902
437	26	1	900
453	83	1	904
461	27	1	900
465	79	1	900
486	41	1	908
489	19	1	900
490	261	2	902	904
496	30	1	900
502	98	1	904
512	202	1	906
522	291	1	906
529	709	3	902	904	906
532	91	1	906
537	231	1	900
542	165	2	902	904
555	72	2	900	902
556	69	2	900	902
580	36	1	906
594	125	1	904
597	193	2	902	906
599	69	1	904
625	32	1	906
629	76	1	904
645	227	2	902	904
656	103	1	906
657	49	1	900
666	34	1	904
680	45	1	902
686	9	1	908
697	100	1	906
701	107	1	906
714	205	1	902
715	250	3	900	902	906
718	187	1	906
721	216	1	902
733	173	1	906
751	166	2	900	902
766	132	2	900	902
774	5	1	900
782	31	1	904
797	35	1	906
804	49	2	900	902
829	34	1	902
842	137	1	908
844	317	1	906
846	96	1	908
863	27	2	902	906
872	70	1	900
882	17	1	906
884	150	1	902
903	77	1	904
905	125	2	900	906
907	12	1	908
936	52	1	906
942	92	1	906
945	49	1	906
948	190	1	906
983	184	1	904
1000	66	1	900
1001	73	1	906
1011	60	1	906
1030	17	1	902
1037	44	1	900
1045	186	1	906
1057	20	1	900
1061	5	1	904
1063	30	1	906
1075	120	1	906
1078	65	1	904
1123	25	1	906
1129	83	2	904	908
1130	157	1	902
1131	47	1	904
1136	55	1	900
1147	23	1	902
1150	5	1	906
1156	82	1	902
1166	30	1	900
1176	64	1	906
1189	121	1	904
1214	13	1	906
1257	18	1	902
1282	51	1	906
1283	31	1	906
1378	114	1	904
1403	10	1	908
1409	15	1	902
1414	282	3	900	902	906
1426	44	1	906
1527	51	1	900
1529	33	1	900
1550	16	1	904
1636	79	1	906
1662	47	1	906
1725	4	1	906
1742	90	2	902	904
1826	31	1	902
1874	24	1	906
1883	10	1	902
1895	24	1	904
1934	11	1	904
2034	34	1	906
2048	31	1	904
2059	270	2	900	904
2062	33	1	900
2066	40	1	902
2127	32	1	906
2128	52	1	902
2133	29	1	904
2143	9	1	902
2173	10	1	904
2202	9	1	906
2263	15	1	908
2275	8	1	900
2289	5	1	906
2393	10	1	902
2409	44	1	904
2420	9	1	906
2474	57	1	904
2556	29	1	906
2568	43	1	902
2647	1	1	908
2650	18	1	908
2688	29	1	904
2710	3	1	908
2729	23	1	902
2746	3	1	902
2748	32	2	900	902
2752	18	1	906
2793	27	1	900
2808	27	1	904
2863	12	1	902
3055	11	1	906
3060	1	1	908
3098	5	1	904
3128	22	1	908
3168	23	1	902
3211	15	1	906
3276	20	1	902
3339	3	1	908
3368	17	1	908
3394	1	1	904
3414	12	1	906
3442	10	1	908
3511	2	1	906
3523	1	1	902
3668	10	1	900
3758	4	1	902
3771	3	1	900
3879	6	1	908
4175	6	1	902
4179	3	1	906
4192	1	1	908
4328	1	1	908
4359	3	1	902
4401	1	1	902
4620	5	1	908
4723	1	1	904
4746	1	1	908
4761	1	1	908
5033	1	1	908
5133	2	1	908
5763	1	1	906
