2	522	2	2583	2588
9	460	2	2583	2588
12	126	1	2583
14	136	1	2581
18	318	1	2583
44	85	2	2583	2588
48	257	1	2588
54	733	2	2583	2588
57	33	1	2588
59	236	1	2583
60	231	1	2588
73	344	2	2583	2588
103	237	1	2588
149	63	1	2588
156	205	2	2583	2588
158	258	1	2581
180	221	1	2583
194	40	1	2583
248	38	1	2583
291	260	2	2583	2588
305	13	1	2583
328	122	2	2583	2588
386	312	1	2588
412	82	1	2588
426	110	2	2581	2588
453	83	1	2583
460	155	1	2583
467	113	1	2588
490	261	2	2583	2588
502	98	1	2583
519	77	2	2581	2588
594	125	1	2583
602	37	1	2583
606	17	1	2588
656	103	1	2583
726	27	1	2583
730	17	1	2588
738	85	1	2588
740	85	1	2583
772	37	1	2581
814	171	1	2588
823	115	1	2583
824	85	1	2588
850	279	2	2583	2588
891	23	1	2588
938	13	1	2583
1040	26	1	2588
1047	144	1	2588
1079	24	1	2583
1103	34	1	2588
1131	47	1	2583
1165	21	1	2588
1189	121	2	2583	2588
1222	6	1	2588
1232	48	1	2588
1256	59	1	2588
1480	29	1	2583
1664	37	1	2588
1850	33	1	2588
1865	16	1	2588
1886	32	1	2583
1956	23	1	2588
2048	31	1	2588
2108	52	1	2588
2212	68	1	2588
2339	50	1	2588
2479	50	1	2583
2586	2	1	2587
2699	4	1	2588
2825	10	1	2581
3129	6	1	2581
3139	3	1	2588
3155	20	1	2588
4827	1	1	2583
