2	522	4	354	355	356	359
3	402	2	350	351
8	114	3	355	356	359
9	460	4	350	354	356	359
12	126	2	352	354
14	136	2	352	357
16	286	3	350	353	354
18	318	3	354	356	359
23	134	1	351
24	8	1	350
28	25	1	352
29	22	1	359
31	254	1	354
36	62	1	354
37	139	1	354
40	133	1	350
42	52	1	350
48	257	1	354
49	124	1	352
50	385	2	350	352
52	57	1	351
53	219	2	351	358
54	733	6	352	353	354	355	356	359
55	104	2	352	358
59	236	2	356	359
60	231	2	358	359
61	98	2	356	359
62	89	1	352
65	159	3	355	356	359
67	827	6	350	352	352	353	354	357
69	271	2	351	352
71	218	2	355	359
73	344	3	352	355	359
74	65	1	354
79	87	1	359
85	34	1	359
87	54	1	359
93	42	1	357
94	240	1	351
96	113	2	352	354
103	237	3	351	354	359
110	43	2	354	355
112	118	1	359
115	225	1	351
121	192	3	354	356	359
127	31	1	350
132	187	1	354
133	113	1	359
135	70	1	359
141	95	1	358
143	116	1	357
149	63	1	352
153	49	1	350
155	49	1	354
156	205	3	351	354	358
158	258	2	354	359
167	516	6	351	352	352	353	354	358
171	137	1	350
172	79	2	358	359
174	118	1	350
176	640	5	351	352	355	358	359
180	221	3	355	356	359
181	147	1	358
182	53	1	351
183	160	2	350	352
193	215	1	359
194	40	1	359
202	306	3	351	352	353
204	244	2	351	352
205	241	1	352
210	118	3	355	356	359
212	2	1	359
225	185	2	356	359
226	42	2	356	359
229	118	1	354
230	248	3	350	351	358
235	20	1	354
236	95	2	352	354
239	10	1	358
242	18	1	350
243	42	1	354
252	193	4	352	355	356	359
256	137	1	350
258	112	2	356	359
259	28	1	356
260	98	2	353	358
262	57	1	359
264	224	1	351
267	58	1	358
276	69	3	352	358	359
277	37	1	354
279	332	3	352	355	359
280	61	2	355	359
285	237	1	358
286	88	1	359
291	260	2	358	359
293	151	1	354
299	113	1	352
303	42	1	359
306	128	1	352
310	11	1	351
315	40	1	351
318	211	1	351
320	52	1	359
321	104	1	359
327	4	1	359
328	122	1	359
332	31	1	359
335	232	3	352	352	353
341	50	1	359
348	173	1	351
349	48	2	350	356
352	7	1	353
353	61	2	352	354
355	9	2	356	359
356	23	1	359
357	12	1	358
359	233	2	355	356
366	34	1	354
374	249	2	352	354
379	46	1	354
384	205	2	352	353
386	312	4	352	354	356	359
392	34	1	350
393	119	1	357
397	159	3	352	356	359
400	38	1	354
401	34	1	352
402	165	3	352	352	354
407	48	1	354
410	48	1	359
412	82	1	359
416	106	1	351
418	223	1	356
420	126	1	354
422	36	1	359
424	83	1	352
428	52	1	359
432	56	1	359
435	71	2	352	353
436	24	1	350
441	80	2	350	358
450	166	3	351	356	359
451	209	2	352	353
455	29	1	358
460	155	1	359
465	79	1	352
471	59	1	359
472	21	2	356	359
475	194	2	350	352
481	56	1	354
482	42	1	359
488	47	1	354
490	261	2	355	359
492	134	2	352	358
494	29	1	359
502	98	2	356	359
512	202	1	352
518	31	1	351
522	291	2	351	358
529	709	5	350	351	352	353	356
530	78	2	356	359
537	231	1	350
542	165	2	352	354
544	101	1	352
545	70	1	350
550	6	1	359
557	69	1	358
564	50	2	351	358
567	59	1	352
575	37	1	358
576	117	4	353	355	356	359
578	12	2	351	358
580	36	1	354
586	93	1	359
590	11	1	352
593	56	1	356
595	120	2	351	353
597	193	2	352	353
602	37	1	350
606	17	1	359
612	55	2	353	354
619	31	1	356
627	148	1	352
631	8	1	359
632	61	2	355	356
633	13	1	359
635	84	1	356
641	56	1	353
643	68	2	351	358
651	41	1	353
655	50	2	355	359
656	103	2	356	359
657	49	1	354
658	64	2	356	359
664	91	1	354
666	34	1	359
670	126	1	359
675	87	1	350
682	26	1	356
688	133	1	359
692	70	3	350	356	359
695	143	1	359
701	107	1	352
703	75	1	350
704	88	1	359
707	212	1	358
710	84	1	359
714	205	3	354	356	359
715	250	2	352	353
718	187	2	352	353
725	80	1	356
726	27	1	359
727	23	1	359
728	31	3	355	356	359
729	2	1	354
733	173	2	351	358
738	85	1	359
740	85	1	359
748	4	1	350
749	62	1	351
751	166	1	354
752	214	3	351	352	353
764	51	1	359
766	132	1	352
769	124	2	356	359
770	58	1	359
771	101	3	355	356	359
777	114	1	350
779	58	2	352	353
785	71	1	359
789	139	1	359
790	49	1	357
798	40	1	350
801	104	1	355
806	50	1	351
813	39	1	350
814	171	1	353
823	115	1	355
824	85	1	359
825	90	2	354	359
842	137	1	359
844	317	2	352	358
850	279	1	358
855	51	3	355	356	359
857	9	1	358
861	115	3	353	356	358
867	120	1	358
881	56	1	350
885	43	1	354
895	57	2	352	354
915	10	1	350
921	113	1	359
925	46	2	355	359
926	33	1	354
927	42	1	359
928	29	1	353
930	39	1	358
934	101	1	352
938	13	1	354
942	92	2	351	358
946	75	1	356
948	190	5	350	354	355	356	359
957	75	1	350
975	82	1	355
983	184	3	352	354	358
986	108	2	352	354
988	5	1	350
992	68	1	354
995	28	2	352	359
1002	106	3	354	356	359
1011	60	1	358
1018	42	1	359
1028	90	1	352
1036	59	1	359
1037	44	1	359
1041	49	1	358
1045	186	3	351	352	353
1047	144	1	359
1061	5	1	350
1069	138	1	358
1078	65	2	354	358
1086	16	1	359
1094	99	1	354
1096	95	2	356	359
1108	92	1	359
1111	25	1	359
1113	11	1	353
1121	109	3	355	356	359
1124	70	1	357
1130	157	2	356	359
1133	39	1	350
1136	55	1	352
1140	19	1	359
1143	1	1	359
1148	78	1	359
1151	47	1	351
1155	6	1	350
1156	82	2	352	354
1159	31	1	351
1175	42	2	355	359
1177	54	1	353
1184	105	1	351
1186	12	1	359
1188	36	1	350
1189	121	1	359
1194	52	1	354
1195	153	2	356	359
1209	24	1	352
1213	80	1	358
1216	108	2	356	359
1217	16	1	355
1233	59	2	352	353
1236	16	1	359
1251	27	2	356	359
1252	88	1	352
1261	54	1	352
1277	13	1	354
1282	51	1	351
1283	31	1	359
1287	72	1	356
1299	66	1	359
1313	63	1	350
1327	34	1	359
1346	87	1	354
1360	64	1	356
1364	54	1	359
1365	53	1	352
1368	147	2	356	359
1372	12	1	354
1378	114	2	354	359
1382	10	1	354
1397	8	1	359
1410	41	1	352
1414	282	3	350	352	353
1417	41	1	352
1433	107	3	351	355	356
1448	3	1	354
1454	26	1	359
1457	25	1	359
1460	139	1	353
1471	7	1	351
1475	69	1	352
1476	39	1	352
1489	19	1	350
1501	3	1	355
1519	120	2	354	359
1527	51	1	352
1531	41	1	356
1532	27	1	352
1542	16	1	359
1561	45	1	350
1565	3	1	359
1572	57	1	359
1573	59	1	359
1575	53	1	359
1585	7	1	359
1602	7	1	359
1623	24	1	359
1629	73	1	351
1637	11	1	355
1665	13	1	359
1684	53	1	350
1685	67	3	355	356	359
1686	18	1	359
1692	54	2	352	354
1693	9	1	358
1695	47	1	354
1711	25	1	359
1716	37	1	350
1728	97	2	352	354
1729	76	1	359
1733	12	1	353
1742	90	1	359
1765	39	1	354
1771	11	2	355	359
1781	20	2	355	359
1801	69	1	359
1808	47	1	355
1823	9	1	359
1825	5	1	350
1833	40	1	351
1850	33	1	359
1855	122	2	350	358
1862	28	1	354
1884	164	1	354
1890	26	1	350
1895	24	1	350
1898	3	1	359
1905	34	1	356
1916	75	3	356	358	359
1920	16	1	356
1925	40	1	352
1927	56	1	359
1939	66	1	359
1976	26	1	359
1977	26	1	354
1993	45	3	352	353	359
1994	3	1	350
2015	51	2	350	358
2017	20	1	354
2037	41	2	356	359
2044	29	1	359
2046	105	1	356
2053	37	1	359
2058	37	1	358
2059	270	4	352	353	356	359
2072	7	1	353
2078	45	1	352
2111	28	1	359
2131	44	2	355	359
2134	20	1	353
2140	3	1	352
2155	8	1	352
2160	82	2	356	359
2163	51	2	356	359
2186	42	1	354
2191	16	1	353
2192	26	1	352
2206	22	1	358
2208	4	1	350
2231	62	1	354
2247	22	1	354
2255	37	1	350
2266	38	1	358
2295	2	1	358
2314	24	1	353
2315	28	1	358
2326	33	1	352
2329	11	1	354
2345	4	1	350
2348	47	1	354
2354	10	2	355	356
2368	50	1	359
2399	6	1	350
2469	45	1	351
2496	7	2	355	359
2557	10	1	359
2568	43	1	356
2576	15	1	354
2615	3	1	355
2626	2	1	358
2641	25	1	354
2649	10	1	350
2654	17	1	359
2748	32	1	354
2765	5	1	359
2822	13	1	359
2841	13	1	358
2851	14	1	354
2857	19	1	358
2875	22	1	354
2883	23	1	350
2902	2	1	350
2925	23	1	359
2943	7	1	354
2953	12	1	350
2967	7	1	352
2989	26	2	356	359
3016	8	1	358
3045	6	1	358
3096	10	1	356
3104	13	1	353
3124	11	1	354
3135	20	1	352
3155	20	2	356	359
3164	5	1	354
3197	13	1	359
3228	9	1	358
3303	9	1	359
3331	18	1	357
3433	18	1	358
3493	2	1	359
3501	1	1	351
3633	12	1	352
3647	10	1	350
3655	4	1	356
3657	1	1	354
3681	4	1	353
3715	2	1	350
3894	6	1	359
3904	6	1	354
3985	11	1	354
4041	4	1	359
4048	2	1	358
4070	2	1	351
4101	8	1	358
4262	4	1	352
4276	8	1	350
4306	1	1	355
4414	3	1	350
4455	3	1	350
4479	3	1	358
4508	1	1	350
4542	3	1	350
4584	2	1	359
4647	4	1	353
4789	1	1	350
5084	1	1	359
5168	1	1	355
5324	1	1	354
5338	1	1	355
5349	1	1	354
5355	1	1	355
5359	1	1	350
5673	1	1	354
5720	1	1	350
5770	1	1	351
5890	1	1	355
5984	1	1	355
5985	2	1	352
6081	1	1	359
