2	522	3	1862	1863	1865
7	14	1	1863
8	114	1	1865
9	460	2	1862	1865
14	136	1	1864
16	286	1	1862
18	318	1	1865
20	70	1	1864
22	52	1	1863
36	62	1	1862
44	85	2	1864	1865
49	124	1	1862
54	733	3	1862	1864	1865
60	231	2	1862	1864
66	71	2	1862	1863
67	827	3	1860	1862	1863
69	271	2	1860	1863
71	218	1	1865
79	87	1	1864
94	240	2	1860	1863
96	113	1	1862
97	34	1	1862
103	237	1	1865
108	55	1	1864
112	118	1	1865
115	225	1	1863
121	192	1	1865
133	113	1	1864
139	16	1	1863
143	116	2	1860	1863
147	56	1	1863
155	49	1	1863
156	205	2	1862	1865
160	11	1	1863
162	75	1	1865
167	516	2	1860	1863
169	194	1	1863
171	137	1	1860
176	640	3	1860	1863	1865
179	121	2	1860	1863
180	221	1	1863
182	53	1	1860
183	160	2	1860	1863
193	215	1	1864
202	306	2	1860	1863
204	244	1	1860
205	241	2	1860	1863
218	84	2	1860	1863
225	185	1	1862
229	118	1	1863
247	233	2	1862	1863
258	112	1	1865
272	63	1	1864
279	332	1	1865
285	237	1	1863
291	260	1	1865
306	128	1	1862
311	42	1	1864
321	104	2	1862	1865
328	122	1	1865
335	232	1	1862
343	101	1	1862
359	233	1	1865
374	249	1	1862
376	6	1	1864
397	159	1	1862
400	38	1	1862
402	165	2	1860	1863
407	48	1	1863
412	82	1	1860
418	223	2	1864	1865
421	42	1	1862
426	110	1	1864
433	45	2	1860	1863
435	71	2	1862	1863
446	6	1	1865
451	209	2	1860	1863
455	29	1	1863
460	155	1	1863
465	79	1	1863
467	113	1	1865
475	194	2	1860	1863
481	56	1	1862
490	261	2	1862	1865
492	134	1	1863
500	15	1	1860
514	27	1	1863
515	94	1	1865
520	80	2	1860	1863
523	35	1	1863
528	45	1	1862
529	709	4	1860	1862	1863	1865
532	91	1	1863
537	231	1	1860
539	55	1	1863
542	165	3	1860	1862	1863
544	101	2	1860	1863
561	130	1	1865
572	29	1	1860
574	51	1	1860
576	117	2	1864	1865
579	24	1	1863
589	3	1	1862
594	125	1	1863
597	193	2	1862	1863
598	18	1	1864
602	37	1	1862
612	55	1	1862
627	148	1	1862
632	61	1	1865
641	56	2	1860	1863
652	57	1	1863
688	133	3	1860	1863	1864
694	90	1	1863
697	100	1	1863
701	107	1	1860
714	205	2	1865	1865
715	250	2	1860	1863
718	187	1	1863
721	216	2	1862	1863
725	80	2	1865	1865
732	45	1	1862
751	166	1	1862
752	214	2	1860	1863
766	132	1	1860
769	124	1	1865
772	37	1	1864
804	49	1	1862
814	171	1	1865
823	115	1	1865
824	85	1	1865
842	137	1	1862
844	317	2	1860	1863
850	279	1	1863
853	19	1	1860
861	115	3	1860	1863	1865
868	8	1	1863
878	39	1	1862
881	56	1	1865
884	150	2	1862	1863
885	43	1	1863
905	125	1	1862
921	113	2	1862	1864
925	46	1	1863
926	33	1	1862
927	42	2	1863	1865
941	145	1	1863
943	38	1	1863
948	190	3	1862	1863	1865
954	4	1	1862
971	24	1	1863
975	82	2	1865	1865
983	184	1	1862
1002	106	1	1863
1024	32	1	1863
1028	90	1	1862
1031	32	1	1863
1035	9	1	1863
1036	59	1	1864
1045	186	2	1860	1863
1054	19	1	1860
1065	54	2	1863	1865
1096	95	1	1865
1118	15	1	1863
1128	48	1	1864
1130	157	1	1865
1131	47	1	1864
1135	14	1	1863
1156	82	1	1863
1172	21	1	1863
1176	64	1	1863
1177	54	1	1860
1179	54	1	1860
1189	121	1	1865
1192	8	1	1864
1195	153	1	1864
1208	8	1	1863
1209	24	1	1862
1211	10	1	1865
1216	108	1	1865
1224	81	1	1863
1232	48	2	1865	1865
1238	23	1	1863
1252	88	1	1863
1256	59	2	1864	1865
1269	41	1	1863
1295	6	1	1865
1297	52	1	1862
1299	66	1	1865
1305	8	1	1865
1321	63	2	1860	1863
1344	47	2	1860	1863
1367	21	1	1863
1376	162	1	1864
1378	114	1	1863
1410	41	1	1860
1411	31	1	1860
1414	282	4	1860	1862	1863	1865
1433	107	1	1865
1460	139	1	1862
1500	52	2	1860	1863
1518	12	1	1865
1524	76	1	1864
1534	45	1	1863
1546	32	1	1862
1554	8	1	1860
1560	2	1	1863
1569	28	1	1860
1629	73	1	1863
1651	22	1	1865
1658	6	1	1864
1661	2	1	1860
1707	22	1	1860
1714	35	1	1863
1733	12	1	1862
1736	69	1	1863
1742	90	1	1863
1753	40	1	1862
1754	77	1	1864
1758	4	2	1860	1863
1781	20	1	1865
1801	69	1	1865
1808	47	1	1865
1831	89	2	1863	1864
1846	48	1	1862
1850	33	1	1865
1872	24	1	1862
1884	164	2	1863	1864
1886	32	1	1865
1892	4	1	1863
1925	40	2	1860	1863
1946	1	1	1863
1956	23	1	1865
1980	9	1	1860
2031	21	1	1863
2048	31	1	1865
2059	270	2	1864	1865
2098	14	1	1860
2108	52	1	1865
2111	28	1	1863
2134	20	1	1862
2192	26	1	1862
2231	62	1	1863
2314	24	1	1865
2326	33	1	1860
2339	50	1	1862
2355	4	1	1863
2469	45	1	1860
2496	7	1	1865
2525	18	1	1860
2555	19	1	1864
2588	7	1	1865
2624	11	1	1860
2625	15	1	1863
2727	12	1	1860
2761	4	1	1860
2851	14	1	1862
2869	10	1	1862
2884	33	1	1864
2934	10	1	1865
2955	19	1	1863
2972	14	1	1863
3053	8	1	1865
3123	3	1	1865
3124	11	1	1860
3128	22	1	1862
3189	12	2	1860	1863
3348	3	1	1865
3575	14	1	1862
3584	5	1	1860
3705	4	1	1863
3789	3	1	1863
3982	7	1	1865
3988	2	1	1863
4097	3	1	1863
4233	5	1	1860
4615	2	1	1862
4660	1	1	1863
4704	2	1	1864
4825	1	1	1862
4845	3	1	1860
4861	2	1	1860
5021	3	1	1860
5037	2	1	1862
5186	2	1	1862
5273	1	1	1865
5367	2	1	1860
5750	1	1	1863
