2	522	3	1962	1968	1969
3	402	1	1966
5	41	1	1963
9	460	1	1968
16	286	1	1962
23	134	1	1960
31	254	1	1962
33	25	1	1966
37	139	1	1962
48	257	1	1962
50	385	2	1960	1969
52	57	1	1966
54	733	2	1962	1968
57	33	1	1968
60	231	1	1968
67	827	1	1966
73	344	2	1960	1968
96	113	1	1962
108	55	1	1966
115	225	1	1966
119	32	1	1960
121	192	2	1962	1968
122	100	1	1962
127	31	1	1966
131	90	1	1962
132	187	1	1968
156	205	2	1962	1968
167	516	1	1962
174	118	1	1966
176	640	1	1968
180	221	1	1968
197	42	1	1962
202	306	2	1960	1969
218	84	1	1969
226	42	2	1962	1963
230	248	1	1966
231	25	1	1966
232	92	1	1966
236	95	1	1962
238	93	1	1968
241	35	1	1966
247	233	1	1960
248	38	1	1963
256	137	1	1966
263	17	1	1960
280	61	2	1962	1968
285	237	1	1966
291	260	2	1966	1968
299	113	1	1962
306	128	1	1962
320	52	1	1968
328	122	1	1968
330	26	1	1963
335	232	1	1960
339	70	1	1966
341	50	1	1962
349	48	1	1968
353	61	2	1960	1966
359	233	1	1962
366	34	1	1962
370	13	1	1969
371	26	1	1960
372	183	1	1966
373	88	1	1968
374	249	2	1960	1962
388	35	1	1962
397	159	1	1962
400	38	1	1962
402	165	1	1962
410	48	1	1968
412	82	1	1968
426	110	1	1963
432	56	1	1968
435	71	2	1960	1969
481	56	1	1962
482	42	1	1963
490	261	1	1968
494	29	2	1962	1968
497	106	1	1966
499	36	1	1966
502	98	1	1969
508	72	1	1969
512	202	2	1960	1966
528	45	1	1963
529	709	2	1966	1968
534	102	1	1962
537	231	1	1960
539	55	1	1969
542	165	1	1962
545	70	1	1966
561	130	1	1968
567	59	1	1960
568	25	1	1963
580	36	1	1968
592	32	1	1968
594	125	1	1968
595	120	1	1966
597	193	1	1962
599	69	1	1963
606	17	1	1968
632	61	1	1968
646	15	1	1962
651	41	1	1960
655	50	1	1968
656	103	1	1968
663	44	1	1962
664	91	1	1966
675	87	1	1966
685	28	1	1968
692	70	1	1962
701	107	1	1960
714	205	1	1968
738	85	1	1963
747	93	1	1962
751	166	1	1962
769	124	1	1968
777	114	1	1966
782	31	1	1962
785	71	1	1969
798	40	1	1960
814	171	1	1969
818	40	1	1966
824	85	1	1962
829	34	1	1962
840	79	1	1969
842	137	1	1963
844	317	1	1960
850	279	2	1963	1968
861	115	1	1968
899	65	1	1969
903	77	1	1963
934	101	1	1960
938	13	1	1960
941	145	1	1962
944	54	1	1966
946	75	1	1968
947	56	1	1962
948	190	1	1968
957	75	1	1966
975	82	1	1968
983	184	2	1962	1969
990	46	1	1963
992	68	1	1962
993	36	1	1960
998	101	1	1962
1002	106	1	1968
1005	95	1	1966
1017	20	1	1960
1033	30	1	1969
1041	49	1	1963
1045	186	1	1966
1049	26	1	1968
1052	117	1	1963
1058	177	1	1966
1069	138	1	1968
1087	58	1	1962
1094	99	1	1960
1096	95	1	1962
1103	34	1	1963
1118	15	1	1969
1130	157	1	1968
1135	14	1	1960
1183	25	1	1966
1189	121	1	1963
1252	88	1	1960
1284	46	1	1969
1295	6	1	1963
1297	52	1	1963
1300	40	1	1962
1303	83	1	1962
1310	34	1	1968
1316	14	1	1968
1331	31	1	1969
1378	114	1	1968
1389	30	1	1960
1417	41	1	1960
1426	44	1	1960
1438	8	1	1968
1460	139	1	1960
1500	52	1	1969
1505	30	1	1966
1524	76	1	1968
1529	33	1	1962
1556	24	1	1963
1569	28	1	1960
1570	5	1	1962
1590	7	1	1962
1683	13	1	1968
1692	54	1	1962
1707	22	1	1963
1728	97	1	1962
1732	25	1	1960
1776	59	1	1969
1839	29	1	1963
1846	48	1	1960
1855	122	1	1966
1883	10	1	1962
1884	164	1	1963
1896	8	1	1968
1950	7	1	1968
1965	17	1	1966
1972	10	1	1962
1973	27	1	1960
1977	26	1	1962
1993	45	1	1962
2003	28	1	1968
2059	270	2	1968	1969
2075	48	1	1966
2078	45	1	1962
2082	26	1	1962
2086	4	1	1963
2095	12	1	1962
2096	22	1	1963
2100	20	1	1966
2103	16	1	1968
2192	26	1	1962
2203	23	1	1960
2231	62	2	1962	1966
2239	27	1	1968
2266	38	1	1969
2314	24	1	1969
2320	3	1	1966
2368	50	2	1962	1968
2379	20	1	1962
2403	7	1	1966
2430	11	1	1963
2530	13	1	1969
2563	30	1	1960
2641	25	1	1962
2676	6	1	1969
3014	29	1	1966
3158	1	1	1960
3174	5	1	1966
3185	31	1	1966
3230	16	1	1962
3281	3	1	1966
3413	6	1	1962
3535	2	1	1968
3654	17	1	1966
3908	3	1	1969
3926	4	1	1960
4161	9	1	1960
4547	6	1	1962
4935	3	1	1960
5233	2	1	1969
5491	1	1	1962
5721	1	1	1969
