3	402	2	454	455
9	460	1	459
12	126	1	452
14	136	1	451
16	286	1	452
26	18	1	459
40	133	3	454	455	459
41	71	1	454
42	52	1	454
48	257	1	454
49	124	1	452
54	733	1	452
55	104	1	452
59	236	1	451
67	827	3	452	454	459
69	271	1	452
74	65	1	457
75	182	1	454
79	87	1	451
81	18	1	454
91	28	1	459
94	240	1	454
97	34	1	452
103	237	1	459
131	90	1	459
132	187	1	457
143	116	1	454
144	23	1	454
153	49	1	454
158	258	1	451
167	516	1	452
171	137	1	454
176	640	3	451	455	459
178	55	1	451
189	121	1	459
200	79	1	452
202	306	1	452
204	244	1	452
205	241	1	452
224	14	1	454
230	248	2	454	459
231	25	1	454
252	193	2	451	452
256	137	2	454	459
260	98	1	459
279	332	2	451	452
285	237	1	454
291	260	1	455
293	151	1	452
303	42	1	451
316	6	1	454
317	9	1	454
335	232	1	452
339	70	1	454
341	50	1	451
359	233	1	451
366	34	1	452
372	183	1	454
386	312	1	451
412	82	1	451
418	223	1	451
426	110	1	451
441	80	1	454
451	209	1	452
454	79	1	455
456	54	1	457
458	18	1	459
462	26	1	455
475	194	2	452	454
486	41	1	454
490	261	1	452
497	106	1	454
510	111	3	454	455	459
512	202	1	454
519	77	2	451	455
523	35	1	454
529	709	3	451	452	459
533	26	1	452
534	102	1	452
537	231	3	452	455	459
542	165	1	452
544	101	1	452
567	59	1	452
595	120	1	454
596	61	1	452
602	37	1	459
637	17	1	451
641	56	1	452
652	57	1	459
670	126	1	451
688	133	1	451
701	107	1	452
703	75	1	459
704	88	1	451
707	212	1	454
714	205	1	451
715	250	2	452	455
718	187	1	452
721	216	1	457
740	85	1	451
752	214	1	454
759	11	1	451
766	132	1	452
769	124	1	451
777	114	1	459
778	47	1	455
779	58	1	452
790	49	1	454
801	104	1	452
820	36	1	454
824	85	1	451
836	27	1	455
843	51	1	454
844	317	1	452
848	100	1	454
852	37	2	454	455
854	39	1	452
855	51	1	452
859	26	1	451
894	39	1	454
899	65	1	459
913	13	1	454
919	53	1	451
921	113	1	451
942	92	1	455
956	60	1	452
957	75	1	454
978	41	1	451
992	68	1	451
1005	95	1	459
1047	144	1	451
1052	117	1	451
1072	36	1	451
1078	65	1	455
1087	58	1	452
1093	33	1	459
1116	26	1	451
1147	23	1	452
1154	10	1	459
1175	42	1	452
1227	42	2	454	455
1233	59	1	452
1236	16	1	451
1244	10	1	454
1252	88	1	452
1256	59	1	451
1264	22	1	454
1299	66	1	457
1310	34	1	451
1319	7	1	455
1331	31	1	452
1336	48	1	451
1346	87	1	451
1355	16	1	454
1360	64	1	451
1369	7	1	454
1391	21	1	459
1411	31	1	452
1414	282	1	452
1415	22	1	451
1446	4	1	455
1489	19	1	459
1515	25	1	451
1521	42	1	454
1524	76	1	451
1534	45	1	459
1561	45	2	455	459
1562	4	1	452
1572	57	1	451
1574	3	1	451
1587	16	1	454
1602	7	1	451
1603	55	1	451
1697	5	1	451
1728	97	1	452
1744	14	1	451
1784	28	1	451
1798	15	1	457
1801	69	1	451
1836	10	1	454
1855	122	1	459
1884	164	1	451
1918	9	1	451
1920	16	1	451
1927	56	1	451
1950	7	1	457
1952	15	1	459
2004	22	1	452
2027	12	1	451
2059	270	1	452
2072	7	1	452
2090	22	1	454
2100	20	1	454
2123	13	1	451
2127	32	1	452
2160	82	1	451
2173	10	1	451
2186	42	1	451
2219	24	1	451
2231	62	1	451
2301	39	1	451
2311	11	1	454
2318	17	1	454
2351	15	1	454
2438	14	1	454
2458	44	1	452
2473	14	1	452
2527	28	1	454
2542	14	1	454
2675	17	1	454
2678	4	1	451
2685	13	1	451
2692	1	1	454
2699	4	1	451
2750	11	1	451
2772	29	1	452
2788	24	1	454
2818	8	1	451
2872	13	1	454
2963	9	1	459
3001	9	1	451
3011	14	1	459
3039	11	1	459
3088	8	1	454
3187	30	1	454
3385	4	1	452
3392	16	1	454
3595	9	1	459
3751	14	1	452
3769	19	1	454
3778	10	1	454
3943	7	1	455
4054	5	1	454
4067	4	1	459
4068	8	1	452
4602	3	1	454
5031	1	1	455
5123	1	1	457
5578	1	1	451
5894	1	1	451
