2	522	3	1033	1034	1035
6	30	1	1031
12	126	2	1031	1035
16	286	1	1030
18	318	1	1031
22	52	1	1033
23	134	1	1031
49	124	2	1031	1038
54	733	3	1031	1032	1034
60	231	1	1035
61	98	1	1034
66	71	1	1033
67	827	4	1030	1031	1031	1035
69	271	1	1031
73	344	1	1034
89	39	1	1036
91	28	1	1036
100	35	1	1030
103	237	1	1031
108	55	1	1036
121	192	1	1034
122	100	1	1031
132	187	2	1030	1033
133	113	1	1036
137	73	1	1035
141	95	1	1036
142	23	1	1036
156	205	1	1035
158	258	3	1032	1034	1036
167	516	2	1031	1033
169	194	1	1031
170	37	1	1033
171	137	1	1033
176	640	4	1031	1032	1033	1034
179	121	2	1031	1031
183	160	1	1031
196	93	1	1033
200	79	1	1031
202	306	2	1031	1033
204	244	2	1031	1033
205	241	2	1031	1033
213	56	1	1032
240	128	1	1033
252	193	2	1031	1036
262	57	1	1034
272	63	1	1036
278	49	1	1031
306	128	1	1031
328	122	2	1034	1035
335	232	1	1031
341	50	1	1032
343	101	1	1035
345	54	1	1036
374	249	1	1031
384	205	2	1030	1031
386	312	1	1032
397	159	1	1034
398	22	1	1032
401	34	1	1031
405	58	1	1031
412	82	1	1032
418	223	1	1032
426	110	1	1036
428	52	2	1031	1036
438	10	1	1033
451	209	2	1031	1032
453	83	1	1035
466	47	1	1032
467	113	1	1034
475	194	1	1031
489	19	2	1031	1031
500	15	1	1031
512	202	1	1031
522	291	1	1033
529	709	3	1031	1033	1035
530	78	1	1032
532	91	2	1031	1033
542	165	1	1031
544	101	1	1031
558	64	1	1031
559	87	1	1036
567	59	1	1031
574	51	1	1031
592	32	1	1035
594	125	1	1035
598	18	1	1036
629	76	1	1035
641	56	1	1031
645	227	1	1035
651	41	1	1038
656	103	1	1035
663	44	1	1036
688	133	1	1032
694	90	2	1031	1033
697	100	1	1033
701	107	1	1031
707	212	1	1033
714	205	1	1032
715	250	2	1031	1038
718	187	2	1031	1033
723	46	1	1038
734	50	1	1034
740	85	1	1032
749	62	1	1033
751	166	1	1031
760	41	1	1036
770	58	1	1036
825	90	1	1035
844	317	2	1031	1033
861	115	1	1031
867	120	1	1030
872	70	1	1031
900	67	1	1031
903	77	1	1035
919	53	1	1032
921	113	1	1036
927	42	1	1032
943	38	1	1033
946	75	1	1034
975	82	1	1034
976	75	1	1030
1002	106	1	1034
1028	90	2	1031	1038
1030	17	1	1031
1034	28	1	1035
1045	186	1	1031
1069	138	1	1033
1078	65	1	1034
1083	4	1	1036
1094	99	1	1031
1108	92	1	1035
1120	18	1	1035
1131	47	1	1036
1148	78	1	1035
1150	5	1	1033
1189	121	2	1034	1035
1195	153	1	1036
1198	42	1	1030
1260	12	1	1030
1261	54	1	1032
1269	41	1	1031
1284	46	1	1035
1301	2	1	1034
1311	2	1	1035
1337	58	1	1031
1365	53	1	1031
1367	21	1	1031
1368	147	1	1032
1371	12	1	1031
1376	162	1	1036
1378	114	1	1031
1414	282	3	1031	1033	1035
1468	38	1	1036
1477	39	1	1031
1518	12	1	1036
1526	32	1	1032
1572	57	1	1031
1575	53	1	1032
1582	74	1	1033
1590	7	1	1038
1598	12	1	1032
1620	31	1	1031
1629	73	1	1033
1662	47	1	1033
1681	12	1	1036
1707	22	1	1035
1712	17	1	1035
1720	15	1	1035
1732	25	1	1031
1742	90	1	1035
1753	40	1	1030
1762	57	1	1035
1782	26	1	1036
1812	39	1	1036
1824	17	1	1035
1831	89	1	1036
1874	24	1	1033
1883	10	1	1031
1886	32	1	1034
1913	6	1	1034
1939	66	1	1035
2046	105	1	1036
2048	31	1	1034
2062	33	1	1031
2065	7	1	1033
2075	48	1	1033
2133	29	1	1035
2143	9	1	1031
2154	29	1	1034
2160	82	1	1034
2179	20	1	1032
2213	7	1	1031
2242	27	1	1034
2381	49	1	1031
2409	44	1	1035
2454	58	1	1035
2458	44	1	1031
2474	57	1	1035
2618	21	1	1036
2624	11	1	1031
2662	8	1	1033
2740	16	1	1031
2748	32	1	1031
2787	16	1	1034
3027	11	1	1035
3038	19	1	1036
3132	12	1	1036
3155	20	1	1031
3213	2	1	1033
3217	16	1	1031
3431	2	1	1033
3551	8	1	1031
3831	3	1	1031
3897	1	1	1033
3966	1	1	1031
4472	1	1	1038
4559	2	1	1032
4954	3	1	1031
5179	2	1	1031
5181	10	1	1032
5288	1	1	1034
5413	1	1	1034
5415	2	1	1038
5439	1	1	1032
5812	1	1	1034
