2	522	2	951	955
3	402	2	957	958
6	30	1	956
9	460	2	957	958
16	286	2	957	958
17	35	1	956
18	318	2	951	957
19	91	1	957
22	52	1	957
23	134	1	957
24	8	1	957
26	18	1	957
31	254	1	951
34	16	1	957
36	62	1	956
37	139	1	956
40	133	1	957
41	71	1	957
42	52	1	957
46	63	1	951
48	257	3	951	953	954
49	124	1	953
50	385	1	957
55	104	1	953
62	89	2	953	956
64	81	1	958
67	827	8	951	953	954	955	956	956	957	958
69	271	2	951	953
74	65	1	951
91	28	1	957
93	42	1	957
94	240	1	958
96	113	1	951
103	237	1	951
111	30	1	951
120	19	1	957
127	31	2	957	958
132	187	2	951	955
133	113	1	956
143	116	1	957
152	15	1	958
153	49	1	957
156	205	1	951
157	64	2	957	958
165	38	1	957
166	10	1	957
167	516	5	951	953	954	956	956
169	194	1	957
171	137	1	957
176	640	6	951	953	956	956	957	958
179	121	1	956
184	42	3	953	956	956
189	121	1	957
193	215	2	951	955
200	79	2	953	956
202	306	2	953	956
204	244	1	953
205	241	1	953
225	185	2	956	956
229	118	1	951
230	248	2	957	958
231	25	1	958
232	92	1	958
236	95	2	951	955
238	93	1	951
240	128	1	957
242	18	1	957
243	42	1	951
247	233	2	953	956
251	11	1	955
256	137	1	957
260	98	1	951
263	17	1	958
268	11	1	957
279	332	1	957
285	237	2	957	958
287	23	1	957
291	260	2	951	958
293	151	5	951	953	955	956	956
296	135	1	957
297	6	1	955
298	69	2	955	955
299	113	1	954
302	22	1	956
306	128	1	953
309	30	1	953
318	211	1	957
323	39	1	958
335	232	2	953	956
339	70	1	957
348	173	1	957
372	183	1	957
374	249	7	951	954	955	955	956	956	956
381	88	1	958
384	205	1	955
386	312	1	951
391	64	1	951
397	159	1	951
400	38	1	951
402	165	2	951	953
405	58	2	953	956
420	126	1	951
424	83	1	953
441	80	1	957
442	25	1	958
448	41	1	957
451	209	1	953
458	18	1	957
461	27	1	955
475	194	2	956	957
479	38	1	955
490	261	5	951	953	955	955	956
497	106	1	957
504	26	1	957
510	111	1	958
512	202	1	957
519	77	1	955
520	80	1	956
522	291	1	957
529	709	6	951	953	955	956	956	957
532	91	1	953
534	102	1	956
537	231	4	951	955	957	958
542	165	2	953	955
545	70	1	957
547	33	1	957
557	69	1	956
572	29	1	958
597	193	2	953	956
599	69	1	956
601	23	1	957
607	45	2	957	958
626	28	1	953
627	148	1	955
628	47	1	951
645	227	2	951	955
651	41	2	953	956
657	49	1	951
664	91	1	951
675	87	1	958
699	43	1	956
700	32	1	956
701	107	1	956
703	75	1	957
707	212	1	957
714	205	1	951
715	250	1	953
718	187	3	953	955	957
721	216	2	951	953
747	93	4	951	955	955	956
748	4	1	957
751	166	3	951	955	955
752	214	2	953	957
753	47	1	957
756	8	1	958
757	20	2	957	958
766	132	1	951
777	114	2	957	958
779	58	1	956
798	40	4	953	956	957	958
800	36	1	957
809	10	1	957
816	37	1	957
818	40	1	957
819	19	1	953
820	36	1	957
825	90	1	956
831	34	1	951
832	32	1	957
844	317	1	953
848	100	1	958
861	115	2	956	957
863	27	1	955
864	50	1	955
867	120	1	953
868	8	1	957
881	56	1	957
894	39	1	957
895	57	1	951
899	65	1	953
900	67	2	954	955
903	77	2	953	956
912	41	1	957
925	46	1	951
931	10	1	957
936	52	1	957
940	14	1	953
941	145	1	951
945	49	1	957
947	56	2	951	953
948	190	1	956
950	15	1	951
952	7	1	953
957	75	1	958
958	5	1	957
986	108	2	951	956
1000	66	1	951
1001	73	2	951	957
1005	95	1	958
1011	60	1	957
1016	26	1	957
1045	186	1	953
1047	144	1	955
1052	117	1	955
1057	20	1	955
1058	177	1	958
1065	54	1	955
1067	11	1	958
1069	138	1	951
1070	77	1	957
1078	65	1	957
1090	2	1	953
1094	99	1	953
1101	36	1	955
1118	15	1	953
1123	25	1	953
1129	83	1	953
1133	39	1	957
1145	16	1	953
1147	23	1	956
1151	47	1	957
1156	82	1	953
1182	16	1	953
1188	36	1	957
1190	29	1	957
1213	80	1	957
1227	42	1	957
1233	59	2	953	956
1252	88	1	955
1274	63	1	957
1280	57	1	958
1287	72	1	956
1303	83	1	951
1313	63	1	957
1326	30	1	957
1342	44	1	957
1346	87	1	953
1391	21	1	958
1394	6	1	951
1414	282	3	953	956	957
1417	41	1	951
1426	44	1	956
1429	34	1	956
1436	30	1	957
1466	19	1	955
1474	36	1	956
1519	120	1	951
1527	51	1	958
1534	45	1	957
1561	45	1	957
1562	4	1	957
1578	24	1	953
1594	2	1	957
1614	18	1	951
1618	14	1	955
1620	31	1	957
1653	56	1	957
1657	33	1	958
1664	37	1	957
1679	15	1	957
1701	42	1	957
1714	35	3	956	956	956
1716	37	1	957
1728	97	2	955	958
1733	12	1	951
1736	69	1	957
1742	90	1	951
1776	59	1	955
1796	48	1	958
1805	2	1	957
1841	31	1	956
1855	122	2	957	958
1857	1	1	958
1872	24	1	955
1877	5	1	957
1884	164	1	956
1895	24	1	953
1922	21	1	951
1966	1	1	957
2040	7	2	951	954
2059	270	1	953
2062	33	2	955	956
2066	40	1	955
2077	13	1	951
2106	3	1	955
2108	52	1	955
2134	20	1	955
2168	28	2	951	954
2208	4	1	957
2216	6	1	957
2222	20	1	958
2240	20	2	956	956
2258	17	1	951
2302	55	1	956
2306	17	1	951
2352	19	1	951
2362	15	1	956
2428	13	1	956
2448	26	1	954
2470	26	1	953
2479	50	1	951
2498	12	1	954
2563	30	1	953
2577	5	1	953
2595	15	1	957
2620	25	1	956
2627	31	1	951
2649	10	1	957
2698	5	1	956
2729	23	1	955
2767	23	1	957
2772	29	2	953	956
2788	24	1	957
2827	7	1	956
2851	14	1	955
2863	12	1	955
2871	19	1	954
2875	22	1	955
2878	5	1	957
2882	13	1	956
2922	8	1	957
2947	4	1	953
2950	26	1	951
3104	13	1	956
3124	11	1	956
3134	11	1	956
3135	20	1	953
3162	6	1	953
3168	23	1	953
3175	6	1	957
3185	31	1	958
3187	30	1	958
3190	10	1	953
3300	3	1	957
3316	3	1	958
3332	1	1	955
3346	1	1	957
3402	10	1	957
3462	10	1	953
3494	12	1	957
3582	2	1	958
3647	10	1	957
3719	10	1	957
3723	1	1	958
3751	14	1	953
3776	5	1	956
3810	6	1	957
3856	6	2	951	954
3935	1	1	955
3938	5	1	957
3969	1	1	957
3985	11	1	951
4006	3	1	953
4068	8	1	956
4111	7	1	958
4161	9	1	953
4467	5	1	955
4506	1	1	955
4601	4	1	957
4762	2	1	955
4884	3	1	953
4895	4	1	957
5108	5	1	953
5200	5	1	953
5244	1	1	957
5262	1	1	955
5728	1	1	955
5811	1	1	957
6064	1	1	957
