2	522	4	72	73	74	78
3	402	3	70	75	76
5	41	1	78
7	14	1	72
8	114	2	71	73
9	460	4	70	73	74	78
14	136	1	78
16	286	1	74
17	35	1	74
18	318	2	75	78
19	91	1	75
20	70	1	79
23	134	1	70
31	254	2	72	74
32	15	1	76
33	25	1	76
37	139	1	71
42	52	1	75
44	85	2	73	76
48	257	2	73	74
49	124	1	72
50	385	2	71	76
53	219	2	75	76
54	733	5	71	72	73	78	79
55	104	1	72
57	33	1	73
59	236	1	72
60	231	2	73	79
63	91	2	75	76
64	81	1	75
65	159	1	71
66	71	1	72
67	827	7	72	72	74	75	75	76	76
69	271	2	70	72
71	218	2	76	78
73	344	2	74	78
75	182	1	76
77	63	1	78
87	54	1	78
93	42	1	75
96	113	1	74
103	237	3	70	73	75
107	71	2	75	76
108	55	2	75	79
111	30	1	74
112	118	1	78
115	225	1	75
116	15	1	75
121	192	1	73
141	95	1	75
143	116	1	75
149	63	1	74
156	205	3	73	74	75
158	258	2	71	78
163	16	1	74
167	516	5	70	72	74	75	76
169	194	2	72	75
170	37	1	75
171	137	2	70	75
174	118	1	76
176	640	6	70	71	72	75	75	76
178	55	1	79
179	121	2	72	74
180	221	2	73	76
181	147	1	76
184	42	1	72
189	121	2	75	75
193	215	3	72	74	79
195	21	1	72
196	93	1	70
202	306	2	70	72
204	244	3	70	72	76
205	241	1	72
210	118	2	73	78
218	84	1	76
225	185	1	73
229	118	1	74
230	248	3	75	75	76
232	92	2	75	76
236	95	2	72	74
240	128	3	70	75	75
247	233	2	75	76
252	193	2	71	79
259	28	1	71
264	224	1	75
267	58	1	72
272	63	1	79
280	61	1	73
285	237	2	70	75
291	260	2	73	75
293	151	1	74
296	135	1	75
299	113	1	72
311	42	1	72
314	31	1	75
318	211	1	76
320	52	1	73
321	104	1	73
324	9	1	75
328	122	1	73
333	32	1	79
335	232	1	72
339	70	2	75	75
348	173	2	75	75
358	26	1	75
359	233	3	71	73	78
362	45	1	72
367	17	1	73
372	183	2	75	76
373	88	2	73	78
374	249	2	72	74
382	34	1	76
384	205	1	74
386	312	2	71	73
388	35	1	72
393	119	3	75	75	76
402	165	2	72	74
403	54	2	75	75
415	7	1	75
416	106	1	73
418	223	1	79
420	126	2	71	73
426	110	2	73	73
432	56	1	73
441	80	1	75
442	25	1	75
448	41	2	75	75
450	166	1	75
454	79	2	75	76
456	54	1	76
460	155	1	73
465	79	2	70	72
466	47	1	71
467	113	1	73
468	70	1	75
475	194	1	75
478	16	1	73
481	56	1	72
490	261	3	72	73	74
492	134	4	70	72	73	74
497	106	1	75
510	111	1	75
512	202	2	70	75
515	94	1	70
519	77	1	75
522	291	3	70	75	75
529	709	7	70	71	72	73	74	75	76
530	78	1	71
534	102	2	72	74
537	231	2	72	75
544	101	2	72	75
545	70	1	75
546	39	1	75
547	33	1	76
557	69	2	72	74
567	59	1	72
572	29	1	70
576	117	1	79
584	69	1	79
592	32	1	73
594	125	1	73
595	120	1	75
596	61	1	72
597	193	1	74
607	45	1	75
619	31	1	71
625	32	2	70	75
627	148	2	72	74
628	47	1	74
645	227	3	71	73	74
646	15	1	74
647	29	1	75
649	30	2	72	72
651	41	1	72
652	57	1	75
656	103	1	73
658	64	1	76
661	24	1	75
665	31	1	75
668	49	2	75	75
670	126	1	71
675	87	1	75
685	28	1	73
688	133	1	78
690	96	1	72
694	90	1	72
695	143	1	74
699	43	1	72
701	107	1	72
707	212	1	75
710	84	1	73
714	205	2	72	74
715	250	2	72	75
721	216	1	74
734	50	1	72
745	11	1	76
747	93	2	72	74
751	166	2	72	74
752	214	1	75
766	132	1	74
769	124	1	76
770	58	1	79
773	57	1	75
777	114	1	75
789	139	3	71	72	78
790	49	1	75
798	40	1	76
801	104	1	73
804	49	1	72
809	10	1	75
813	39	2	75	76
824	85	1	76
831	34	1	72
832	32	1	75
833	17	1	75
843	51	2	75	76
844	317	2	70	76
848	100	1	75
850	279	2	73	76
852	37	1	75
884	150	1	72
897	17	1	73
903	77	1	76
905	125	1	72
921	113	1	78
925	46	2	74	78
934	101	1	75
936	52	1	75
941	145	2	72	74
942	92	2	70	75
946	75	1	73
948	190	1	74
957	75	2	75	76
961	65	2	75	76
963	31	2	72	75
975	82	1	73
983	184	1	74
986	108	2	72	75
998	101	1	78
1001	73	1	74
1005	95	1	75
1018	42	1	72
1024	32	1	72
1028	90	1	72
1033	30	1	72
1049	26	1	73
1052	117	1	79
1058	177	2	75	76
1069	138	1	72
1070	77	1	75
1075	120	2	75	75
1088	8	1	75
1101	36	1	72
1103	34	1	73
1108	92	1	76
1120	18	1	72
1121	109	1	78
1130	157	1	72
1136	55	1	72
1146	31	1	70
1148	78	3	73	73	76
1156	82	1	72
1167	11	1	72
1184	105	2	70	76
1186	12	1	76
1189	121	2	73	76
1190	29	2	75	75
1195	153	1	79
1213	80	1	75
1222	6	1	73
1229	58	1	78
1238	23	1	76
1245	18	1	75
1261	54	1	79
1262	38	1	73
1280	57	1	75
1282	51	1	75
1293	32	1	78
1299	66	1	78
1304	5	1	72
1313	63	2	75	75
1324	15	1	75
1336	48	1	79
1346	87	2	74	78
1348	19	1	75
1352	4	1	75
1360	64	2	78	78
1364	54	1	78
1368	147	2	71	78
1376	162	1	79
1377	13	1	78
1414	282	4	70	72	78	78
1417	41	1	74
1420	51	1	71
1424	57	1	71
1433	107	2	72	78
1436	30	1	70
1437	4	1	73
1463	29	1	75
1469	13	2	78	78
1477	39	1	75
1493	40	1	75
1507	33	1	72
1519	120	1	78
1521	42	1	75
1524	76	2	73	76
1526	32	1	74
1531	41	1	71
1552	27	1	72
1556	24	1	73
1568	6	1	75
1571	110	1	71
1575	53	2	78	78
1580	58	1	75
1582	74	1	76
1588	9	1	75
1591	36	1	76
1604	20	1	70
1636	79	1	72
1653	56	1	75
1658	6	1	79
1665	13	1	72
1685	67	1	73
1695	47	1	72
1705	27	1	72
1706	10	1	73
1711	25	1	70
1716	37	1	75
1726	27	1	79
1728	97	3	72	72	75
1753	40	1	76
1764	4	1	76
1797	64	1	78
1850	33	1	73
1853	37	1	75
1855	122	1	75
1865	16	1	73
1879	44	1	79
1884	164	2	78	78
1932	4	1	72
1945	57	1	75
1959	23	1	70
2008	3	1	73
2015	51	2	75	76
2017	20	1	72
2053	37	1	78
2059	270	3	72	73	79
2075	48	1	76
2078	45	1	74
2100	20	1	75
2108	52	1	78
2110	5	1	71
2128	52	1	72
2147	12	2	78	78
2163	51	1	78
2168	28	1	76
2172	26	1	71
2188	68	1	73
2291	29	1	74
2312	13	1	76
2348	47	1	76
2381	49	1	72
2407	8	1	75
2424	28	1	78
2432	6	1	79
2474	57	1	74
2479	50	1	74
2539	1	1	72
2545	9	1	71
2556	29	1	70
2574	5	1	76
2645	26	1	72
2762	15	1	76
2767	23	1	70
2774	4	1	72
2799	38	1	73
2804	8	1	73
2811	10	1	75
2822	13	1	78
2856	13	1	79
2857	19	1	75
2875	22	1	74
2882	13	1	72
2883	23	1	75
2884	33	1	79
2888	5	1	72
2906	31	1	74
2925	23	1	78
2959	29	1	72
3056	1	1	76
3080	4	1	75
3083	4	1	73
3163	1	1	74
3183	6	1	76
3185	31	1	75
3194	6	1	76
3232	13	1	72
3240	12	1	76
3252	12	1	72
3289	5	1	76
3301	2	1	72
3392	16	1	75
3413	6	1	74
3439	4	1	73
3456	3	1	75
3503	2	1	74
3641	1	1	76
3670	11	1	74
3708	4	1	74
3794	8	1	73
3827	3	1	73
3863	2	2	76	76
3953	3	1	73
4033	3	1	74
4072	3	1	75
4098	15	1	72
4174	2	1	70
4257	2	1	74
4384	7	1	78
4577	2	1	75
4619	2	1	72
4716	2	1	78
5142	1	1	76
5339	1	1	78
5362	2	1	74
5366	2	1	74
5379	1	1	76
5407	1	1	76
5573	1	1	72
5631	1	1	72
5716	2	1	74
6095	1	1	74
