2	522	2	2095	2098
3	402	2	2095	2098
9	460	1	2095
52	57	1	2095
53	219	2	2095	2098
94	240	2	2095	2098
98	6	1	2098
103	237	1	2098
131	90	1	2098
143	116	1	2095
167	516	1	2098
171	137	1	2098
172	79	1	2095
176	640	1	2098
181	147	1	2095
182	53	1	2098
183	160	2	2095	2098
196	93	1	2098
203	36	1	2098
205	241	1	2098
224	14	1	2098
230	248	2	2095	2098
240	128	1	2098
264	224	1	2095
285	237	2	2095	2098
296	135	1	2098
306	128	1	2098
318	211	2	2095	2098
348	173	2	2095	2098
379	46	1	2095
416	106	1	2095
450	166	1	2098
475	194	1	2098
492	134	1	2098
493	75	1	2095
497	106	1	2098
512	202	1	2098
520	80	1	2098
522	291	2	2095	2098
523	35	1	2098
529	709	2	2095	2098
574	51	1	2098
595	120	1	2095
643	68	2	2095	2098
668	49	1	2098
694	90	1	2098
707	212	1	2098
715	250	1	2098
733	173	1	2095
749	62	1	2098
752	214	1	2098
766	132	1	2098
767	49	1	2098
797	35	1	2098
806	50	1	2095
844	317	2	2095	2098
853	19	1	2098
862	52	1	2095
881	56	1	2098
892	38	1	2098
936	52	1	2098
983	184	1	2095
1002	106	1	2098
1045	186	1	2098
1058	177	1	2098
1075	120	1	2098
1159	31	1	2095
1177	54	1	2098
1184	105	1	2098
1207	66	2	2095	2098
1242	42	1	2098
1288	16	1	2098
1391	21	1	2098
1486	7	1	2098
1521	42	1	2098
1567	41	1	2098
1766	13	1	2098
1796	48	1	2098
1810	10	1	2095
1841	31	1	2095
1884	164	1	2098
1895	24	1	2098
1979	6	1	2098
2000	13	1	2098
2202	9	1	2098
2260	8	1	2098
2315	28	1	2095
2362	15	1	2098
2420	9	1	2098
2469	45	2	2095	2098
2600	6	1	2098
2922	8	1	2095
3054	13	1	2095
3189	12	1	2098
3302	5	1	2098
3710	8	1	2098
3868	5	1	2098
4131	2	1	2098
4532	8	1	2098
4687	1	1	2098
