3	402	3	161	165	166
5	41	1	162
7	14	1	163
8	114	1	162
9	460	2	165	168
12	126	1	164
16	286	3	163	164	165
18	318	1	168
26	18	1	166
31	254	1	163
37	139	1	163
40	133	2	165	166
41	71	1	165
42	52	1	166
46	63	1	164
48	257	2	164	168
49	124	1	163
50	385	3	164	165	166
53	219	1	161
54	733	2	162	163
55	104	1	163
57	33	1	168
59	236	2	162	164
60	231	1	162
61	98	1	162
62	89	1	165
64	81	2	161	165
65	159	1	162
66	71	1	165
67	827	6	161	163	164	165	166	168
69	271	1	163
71	218	3	162	164	168
73	344	1	164
74	65	1	163
75	182	2	165	166
79	87	1	162
86	4	1	168
91	28	1	165
96	113	1	164
97	34	1	168
112	118	1	164
115	225	2	161	165
121	192	1	162
122	100	2	164	168
132	187	1	164
133	113	1	162
134	18	1	165
153	49	1	166
158	258	1	162
163	16	1	164
165	38	1	166
167	516	3	163	164	168
169	194	1	161
174	118	1	166
176	640	4	161	162	163	166
179	121	1	163
181	147	1	161
193	215	1	162
196	93	1	164
202	306	1	163
204	244	1	163
205	241	1	163
225	185	1	162
229	118	1	164
230	248	2	161	165
238	93	1	168
243	42	1	164
247	233	2	161	166
250	19	1	161
256	137	1	166
259	28	1	162
261	105	1	161
268	11	1	166
279	332	1	165
285	237	1	161
291	260	1	165
296	135	2	161	165
299	113	1	163
306	128	1	163
318	211	1	161
335	232	1	164
339	70	1	166
345	54	1	164
359	233	2	162	168
372	183	1	165
374	249	1	164
386	312	1	162
391	64	1	164
393	119	1	166
401	34	1	163
402	165	1	163
403	54	1	166
407	48	1	163
416	106	1	164
420	126	1	162
424	83	1	163
430	13	1	161
450	166	2	162	165
465	79	1	163
466	47	1	162
471	59	1	162
491	74	1	162
492	134	1	163
493	75	1	161
496	30	1	163
499	36	1	166
512	202	1	165
522	291	1	161
529	709	5	162	163	164	165	168
530	78	1	162
532	91	1	163
534	102	1	163
537	231	1	165
542	165	1	164
551	16	1	162
556	69	1	163
558	64	2	164	168
561	130	1	162
586	93	1	168
596	61	2	163	164
599	69	1	168
610	34	1	164
625	32	1	161
627	148	2	163	164
629	76	1	168
635	84	1	162
645	227	1	164
657	49	1	163
658	64	1	163
664	91	1	164
670	126	1	162
675	87	2	165	166
688	133	1	162
690	96	1	164
703	75	1	165
706	6	1	161
707	212	1	166
714	205	1	164
715	250	1	163
721	216	2	163	168
728	31	1	168
751	166	2	163	164
753	47	1	165
764	51	1	162
766	132	1	161
767	49	1	161
777	114	1	166
778	47	1	166
779	58	1	164
787	14	1	165
789	139	1	162
803	10	1	165
809	10	1	165
816	37	1	166
823	115	1	164
829	34	1	163
833	17	1	165
840	79	1	165
848	100	2	165	166
854	39	1	164
867	120	2	164	168
881	56	1	162
896	16	1	166
919	53	1	162
936	52	1	165
941	145	1	163
942	92	1	161
946	75	1	162
957	75	1	165
961	65	1	161
966	1	1	162
976	75	1	164
983	184	1	164
986	108	1	163
1011	60	1	165
1014	10	1	165
1016	26	1	161
1022	48	1	164
1030	17	1	163
1031	32	1	163
1034	28	1	164
1040	26	1	162
1045	186	2	165	166
1047	144	1	162
1050	29	1	161
1069	138	1	163
1072	36	1	164
1075	120	1	161
1079	24	1	162
1087	58	1	163
1128	48	1	162
1133	39	1	165
1148	78	1	168
1149	42	1	164
1151	47	1	161
1179	54	1	163
1182	16	1	164
1184	105	1	161
1187	18	1	162
1194	52	1	165
1209	24	1	163
1213	80	1	165
1277	13	1	163
1287	72	1	162
1323	21	1	165
1350	30	1	168
1359	8	1	166
1368	147	1	162
1374	51	1	163
1378	114	1	163
1414	282	1	163
1420	51	1	162
1424	57	1	162
1452	25	1	164
1466	19	1	161
1507	33	1	163
1519	120	1	164
1536	15	1	162
1546	32	1	163
1547	26	1	164
1566	23	1	168
1569	28	1	163
1571	110	1	162
1575	53	1	162
1581	13	1	165
1636	79	1	165
1665	13	1	163
1684	53	1	165
1713	5	1	164
1716	37	1	165
1728	97	1	163
1742	90	1	163
1753	40	1	163
1755	24	1	164
1762	57	1	162
1765	39	1	163
1767	20	1	162
1817	59	1	163
1821	27	1	163
1841	31	1	164
1855	122	1	165
1890	26	1	165
1949	9	1	162
2037	41	1	162
2058	37	1	161
2059	270	1	162
2066	40	2	164	168
2077	13	1	164
2090	22	1	165
2116	4	1	163
2163	51	1	162
2208	4	1	165
2244	18	1	164
2291	29	1	164
2296	30	1	168
2306	17	1	162
2393	10	1	163
2399	6	1	165
2419	12	1	164
2472	12	1	164
2541	5	1	163
2645	26	1	163
2651	23	1	163
2654	17	1	162
2671	17	1	163
2688	29	1	164
2845	25	1	168
2924	10	1	163
3168	23	1	163
3217	16	1	163
3316	3	1	166
3325	6	1	164
3399	1	1	162
3448	6	1	163
3476	2	1	162
3633	12	1	163
3762	6	1	163
3777	2	1	163
3942	4	1	163
5197	1	1	164
5258	1	1	164
5429	4	1	161
5469	1	1	161
6003	1	1	164
6199	1	1	163
