2	522	9	11	11	13	13	16	17	18	19	19
3	402	1	19
4	2	1	15
5	41	2	11	14
9	460	6	11	11	13	16	18	19
10	30	2	11	11
12	126	2	13	13
14	136	2	11	15
16	286	5	13	13	17	18	19
17	35	1	16
18	318	2	16	19
22	52	1	19
31	254	5	13	13	16	17	18
36	62	2	13	17
37	139	2	16	18
44	85	1	13
46	63	2	13	17
48	257	3	16	17	18
49	124	2	13	17
50	385	4	11	16	18	19
52	57	2	19	19
53	219	1	19
54	733	6	11	13	14	15	16	17
59	236	5	11	11	15	16	18
60	231	3	16	18	19
61	98	1	18
62	89	1	16
65	159	1	13
67	827	6	11	13	13	16	17	18
69	271	2	19	19
71	218	2	11	13
73	344	2	13	19
74	65	3	13	16	17
75	182	1	19
77	63	1	14
78	7	1	14
79	87	3	14	15	18
85	34	1	19
87	54	1	11
94	240	1	19
96	113	4	13	16	17	18
97	34	1	16
103	237	2	19	19
107	71	1	19
110	43	2	16	17
112	118	3	13	13	18
113	15	1	16
115	225	1	19
118	60	1	19
126	41	1	11
131	90	2	18	19
132	187	1	11
133	113	1	11
135	70	3	13	15	18
139	16	1	19
141	95	1	14
147	56	1	19
150	16	1	16
151	39	1	16
155	49	3	13	16	17
156	205	4	16	17	18	19
158	258	3	11	11	14
163	16	2	16	17
167	516	4	16	17	18	19
169	194	1	13
171	137	1	19
172	79	1	17
176	640	3	13	19	19
177	53	1	14
178	55	1	14
179	121	3	13	16	17
180	221	3	11	17	18
181	147	1	19
182	53	1	19
193	215	6	13	14	15	16	17	18
194	40	1	11
195	21	2	11	17
202	306	2	19	19
204	244	1	19
205	241	2	19	19
218	84	1	19
225	185	1	18
229	118	6	13	16	17	18	19	19
230	248	1	19
235	20	2	13	17
236	95	4	13	16	17	18
238	93	5	13	13	16	17	18
243	42	2	13	17
246	21	2	11	11
247	233	1	19
252	193	1	15
256	137	1	19
260	98	2	11	19
261	105	2	19	19
262	57	1	18
264	224	1	19
265	3	1	19
267	58	1	18
272	63	1	14
275	16	1	17
276	69	2	17	18
278	49	2	17	19
281	15	1	15
283	25	2	17	18
284	18	2	19	19
285	237	2	19	19
286	88	1	11
290	6	1	19
291	260	3	11	13	18
293	151	2	13	16
294	72	1	19
296	135	1	19
298	69	2	17	18
299	113	1	17
305	13	1	13
306	128	3	16	17	19
311	42	1	11
318	211	1	19
320	52	1	13
321	104	2	16	18
328	122	1	11
330	26	2	11	13
331	47	1	16
335	232	4	13	16	17	18
336	30	1	19
341	50	1	18
343	101	1	11
345	54	2	17	18
348	173	1	19
349	48	1	16
353	61	2	16	17
359	233	4	11	13	13	18
362	45	1	17
366	34	2	16	17
371	26	1	16
373	88	1	11
374	249	4	13	16	17	18
376	6	1	11
379	46	1	13
380	42	1	18
384	205	5	16	17	18	19	19
386	312	9	11	11	13	13	14	15	16	18	19
397	159	1	13
399	17	1	14
400	38	2	17	18
402	165	4	16	17	18	19
407	48	1	13
412	82	1	18
416	106	1	17
418	223	2	14	15
420	126	1	18
424	83	2	17	18
426	110	1	14
432	56	2	17	18
435	71	1	19
438	10	1	16
439	37	3	16	17	18
441	80	1	19
450	166	1	19
451	209	2	19	19
455	29	1	19
456	54	1	18
460	155	1	16
465	79	1	19
467	113	3	11	11	13
480	31	2	11	18
481	56	1	13
482	42	1	11
484	23	1	11
490	261	3	15	16	18
491	74	1	11
492	134	1	18
493	75	1	19
494	29	1	18
497	106	1	19
502	98	2	11	18
508	72	1	19
515	94	1	11
518	31	1	19
522	291	1	19
524	56	2	16	17
529	709	6	13	13	15	16	18	19
532	91	1	19
533	26	1	16
534	102	5	13	13	16	17	18
537	231	3	16	17	18
539	55	1	19
542	165	2	16	17
556	69	1	13
557	69	3	17	18	19
558	64	1	16
559	87	1	11
564	50	1	19
568	25	1	11
576	117	2	15	17
580	36	1	17
586	93	2	11	13
592	32	1	19
594	125	3	11	13	17
595	120	1	19
596	61	1	16
597	193	5	13	16	17	18	19
598	18	1	11
599	69	2	16	18
610	34	2	16	17
620	17	1	16
623	6	2	16	17
627	148	4	16	17	18	19
628	47	3	13	16	18
629	76	2	11	13
632	61	1	13
635	84	1	18
643	68	1	19
645	227	6	11	13	13	16	17	18
649	30	1	18
652	57	2	19	19
656	103	1	16
657	49	2	16	17
658	64	2	13	19
663	44	2	14	15
664	91	4	13	16	17	18
666	34	1	16
670	126	2	14	15
688	133	3	15	16	18
690	96	3	13	17	18
692	70	1	18
695	143	4	16	17	19	19
697	100	1	19
699	43	1	19
704	88	1	17
707	212	1	19
714	205	5	11	11	13	13	18
715	250	1	19
718	187	1	19
721	216	3	13	17	18
723	46	1	16
728	31	1	13
730	17	2	11	11
732	45	1	16
734	50	2	13	13
736	16	1	11
737	6	1	11
738	85	3	11	16	18
747	93	2	16	18
749	62	1	19
751	166	4	13	16	17	18
752	214	1	19
753	47	1	19
759	11	1	14
760	41	4	11	14	17	18
766	132	4	13	16	17	18
767	49	1	19
769	124	1	18
770	58	1	11
781	11	2	13	16
782	31	1	13
786	56	2	16	17
789	139	2	11	11
795	16	1	19
801	104	3	11	13	16
814	171	2	14	15
825	90	4	11	13	13	18
830	8	1	13
831	34	2	16	17
832	32	1	19
842	137	2	11	18
844	317	2	19	19
846	96	1	19
850	279	5	11	17	18	19	19
854	39	1	16
855	51	1	16
861	115	1	18
864	50	1	16
866	24	1	16
867	120	3	16	17	18
875	11	1	17
879	19	1	19
880	14	1	13
881	56	1	19
884	150	3	16	17	18
885	43	1	19
895	57	3	13	17	18
899	65	1	18
901	7	1	19
903	77	1	11
905	125	1	19
907	12	1	19
909	31	2	17	19
921	113	2	11	16
925	46	1	19
926	33	2	16	17
930	39	1	18
932	22	1	19
936	52	1	19
939	4	1	19
941	145	4	13	13	17	18
942	92	1	19
945	49	1	19
947	56	2	18	19
948	190	2	17	18
950	15	2	16	17
956	60	2	13	16
963	31	1	18
976	75	1	13
978	41	2	11	14
982	22	1	13
983	184	5	13	16	17	18	19
984	18	1	19
986	108	2	17	18
990	46	1	11
993	36	1	16
998	101	2	11	15
1000	66	3	16	17	18
1001	73	3	16	17	19
1002	106	1	16
1003	15	1	19
1018	42	1	17
1028	90	1	16
1031	32	1	19
1033	30	1	13
1036	59	1	15
1037	44	2	13	13
1045	186	1	19
1047	144	2	14	15
1049	26	1	17
1050	29	1	19
1052	117	4	11	11	14	15
1055	33	2	13	16
1057	20	2	13	13
1062	7	1	19
1065	54	2	16	17
1069	138	3	11	13	18
1074	38	3	16	17	18
1075	120	1	19
1078	65	3	11	13	16
1082	34	1	15
1087	58	1	19
1094	99	3	16	17	18
1096	95	1	11
1103	34	1	11
1108	92	2	11	18
1116	26	1	19
1120	18	1	18
1128	48	1	14
1130	157	4	13	13	16	17
1136	55	1	13
1146	31	1	19
1148	78	1	18
1151	47	1	19
1153	11	1	19
1156	82	1	13
1166	30	2	13	17
1175	42	1	16
1177	54	1	19
1188	36	1	18
1189	121	1	11
1194	52	3	13	16	17
1195	153	1	11
1197	24	1	19
1198	42	3	16	17	18
1199	17	2	16	17
1216	108	1	16
1218	14	2	16	17
1224	81	1	19
1232	48	1	18
1248	42	2	13	17
1251	27	1	11
1256	59	1	14
1257	18	1	18
1269	41	1	17
1282	51	1	19
1283	31	1	18
1284	46	2	16	18
1286	28	1	17
1287	72	1	11
1293	32	1	14
1297	52	2	14	18
1299	66	1	13
1300	40	1	17
1303	83	2	16	18
1307	22	1	19
1309	5	1	17
1314	3	1	11
1316	14	1	18
1321	63	1	19
1331	31	1	17
1335	20	1	17
1337	58	1	18
1342	44	3	16	17	19
1346	87	4	11	11	18	19
1360	64	1	14
1374	51	4	16	17	19	19
1376	162	2	11	15
1378	114	1	17
1380	6	1	17
1382	10	2	17	18
1389	30	1	14
1395	10	1	13
1399	39	1	14
1408	8	1	17
1415	22	1	14
1417	41	1	18
1433	107	1	19
1452	25	2	13	13
1456	19	1	16
1460	139	2	19	19
1471	7	1	19
1474	36	2	16	17
1475	69	1	13
1480	29	1	17
1497	7	1	19
1504	41	2	17	18
1507	33	1	13
1519	120	4	13	13	15	18
1524	76	2	11	11
1527	51	1	19
1528	17	1	19
1531	41	1	13
1533	10	1	18
1550	16	1	13
1566	23	1	13
1579	53	1	14
1600	2	1	16
1617	12	1	19
1618	14	1	13
1622	33	4	13	13	16	17
1623	24	1	16
1627	26	2	11	11
1629	73	2	19	19
1638	37	1	18
1646	10	1	11
1663	3	1	17
1667	4	1	17
1668	13	1	16
1672	5	1	11
1695	47	2	13	18
1703	17	1	15
1714	35	1	16
1717	23	1	15
1720	15	1	11
1728	97	3	13	16	17
1733	12	1	17
1743	55	1	17
1751	26	1	19
1753	40	1	17
1755	24	2	13	19
1762	57	2	11	18
1765	39	2	13	16
1784	28	1	15
1796	48	1	19
1801	69	3	11	13	14
1804	9	2	16	17
1808	47	1	17
1812	39	2	14	15
1818	4	1	19
1820	9	1	17
1824	17	1	13
1833	40	1	19
1839	29	2	11	17
1841	31	3	13	13	16
1842	6	1	19
1849	4	1	13
1862	28	1	17
1870	3	2	19	19
1884	164	3	11	14	19
1894	6	1	16
1922	21	1	18
1938	19	1	19
1939	66	1	11
1941	5	1	16
1977	26	1	17
1979	6	1	19
1984	19	1	15
1993	45	1	18
2017	20	1	18
2025	16	1	11
2026	23	1	15
2031	21	1	19
2040	7	1	18
2044	29	1	16
2046	105	1	11
2058	37	1	19
2059	270	1	19
2063	31	2	16	17
2069	11	1	17
2071	45	1	19
2078	45	2	13	16
2082	26	1	19
2111	28	1	18
2112	35	1	11
2120	24	2	11	11
2122	22	1	19
2127	32	1	17
2144	30	2	11	11
2147	12	1	11
2163	51	2	14	18
2179	20	1	11
2188	68	1	11
2195	8	1	16
2200	10	2	19	19
2212	68	2	11	14
2231	62	1	15
2258	17	1	11
2264	37	2	16	17
2266	38	1	16
2286	1	1	15
2291	29	1	16
2292	4	1	18
2296	30	1	16
2301	39	1	14
2313	10	3	13	13	19
2315	28	1	19
2329	11	1	18
2347	9	1	19
2348	47	2	16	17
2352	19	2	16	17
2368	50	1	16
2379	20	1	17
2384	5	1	17
2448	26	2	13	17
2454	58	1	17
2459	10	1	13
2478	10	1	16
2479	50	2	17	18
2517	18	1	19
2544	3	1	19
2546	33	3	16	17	18
2561	16	1	15
2576	15	1	17
2600	6	1	19
2620	25	1	17
2621	7	1	18
2625	15	1	19
2627	31	2	13	16
2632	9	1	17
2634	14	1	16
2641	25	1	18
2651	23	1	16
2698	5	1	17
2700	12	1	17
2706	33	1	16
2735	28	1	14
2748	32	1	13
2808	27	1	18
2815	27	3	11	16	18
2843	7	1	18
2869	10	1	16
2871	19	2	16	17
2875	22	2	16	17
2883	23	1	18
2884	33	1	17
2891	5	1	19
2899	21	1	18
2950	26	2	16	17
2952	4	1	16
2957	2	1	17
2959	29	1	11
2989	26	1	18
3001	9	1	11
3015	12	1	19
3016	8	1	19
3020	26	1	18
3034	12	1	11
3038	19	1	18
3045	6	1	19
3062	13	1	16
3084	2	1	15
3103	10	1	16
3120	13	1	17
3145	3	1	19
3181	3	1	13
3201	14	2	19	19
3211	15	2	19	19
3227	7	1	19
3228	9	1	19
3247	15	1	18
3252	12	1	17
3279	5	1	11
3288	2	1	17
3304	11	1	19
3349	16	1	11
3358	10	1	16
3362	5	1	17
3374	5	1	19
3376	2	1	17
3419	11	1	19
3455	2	1	17
3473	9	1	11
3549	4	1	11
3554	4	1	13
3665	3	1	17
3668	10	1	16
3669	4	1	16
3670	11	1	16
3719	10	1	13
3776	5	1	13
3786	6	1	17
3804	3	1	11
3841	4	1	11
3891	2	1	13
3983	12	1	18
4014	3	1	11
4033	3	1	17
4101	8	1	19
4243	1	1	17
4249	3	1	13
4284	7	1	13
4379	2	1	16
4486	3	1	16
4624	2	1	17
4628	3	1	19
4771	2	1	17
4803	10	1	16
5106	1	1	17
5124	3	1	11
5222	2	1	17
5333	1	1	16
5423	3	1	16
5529	1	1	17
5547	1	1	18
5579	2	1	18
5624	1	1	17
5745	1	1	16
5813	1	1	17
5841	1	1	17
5847	2	1	19
5849	1	1	13
5872	1	1	13
6107	2	1	16
