2	522	2	432	438
3	402	3	433	434	436
9	460	2	432	438
16	286	1	432
18	318	3	432	433	438
23	134	1	438
37	139	2	433	434
46	63	1	436
47	5	1	436
48	257	2	432	438
50	385	2	431	432
53	219	3	431	434	436
54	733	2	436	438
57	33	1	438
59	236	1	432
60	231	2	432	438
61	98	1	432
64	81	1	434
67	827	2	432	436
69	271	1	434
71	218	1	432
73	344	2	432	438
87	54	1	432
91	28	1	436
95	15	1	436
115	225	2	433	436
117	36	1	432
118	60	1	433
121	192	2	432	438
131	90	1	434
135	70	1	432
137	73	1	432
143	116	1	436
156	205	3	432	436	438
162	75	1	432
167	516	3	431	434	436
169	194	1	436
174	118	1	436
176	640	3	431	432	436
180	221	2	432	438
181	147	2	431	436
183	160	1	434
191	49	1	433
193	215	1	438
202	306	2	433	434
205	241	1	436
218	84	1	434
230	248	1	436
232	92	1	431
238	93	1	438
240	128	1	434
247	233	1	434
260	98	2	432	436
261	105	1	433
264	224	3	431	434	436
267	58	1	432
275	16	1	434
277	37	1	433
279	332	1	436
280	61	1	438
283	25	1	432
285	237	1	434
286	88	1	436
291	260	2	432	438
296	135	2	434	436
302	22	1	432
310	11	1	434
318	211	2	431	436
320	52	2	436	438
321	104	2	432	438
328	122	2	432	438
339	70	1	436
343	101	1	432
348	173	1	436
358	26	1	432
359	233	1	432
367	17	1	438
379	46	1	432
380	42	1	432
384	205	3	433	433	434
386	312	2	432	438
391	64	1	432
403	54	2	433	436
410	48	1	432
416	106	1	432
426	110	2	434	438
430	13	1	431
433	45	1	434
435	71	1	436
437	26	1	438
439	37	1	432
450	166	1	436
453	83	1	432
456	54	1	432
460	155	1	438
467	113	2	432	438
468	70	2	433	433
480	31	1	432
490	261	1	438
491	74	1	432
492	134	2	432	433
493	75	1	436
497	106	1	436
508	72	1	433
512	202	2	433	434
522	291	4	431	433	434	436
529	709	4	432	434	436	438
532	91	1	433
545	70	1	436
554	1	1	436
572	29	1	434
592	32	2	432	438
594	125	1	432
597	193	1	432
599	69	1	432
627	148	1	433
629	76	1	432
645	227	1	432
656	103	1	432
658	64	1	432
667	16	1	436
690	96	1	432
692	70	1	436
695	143	1	432
697	100	1	433
701	107	1	433
704	88	1	432
707	212	3	433	433	434
710	84	1	438
714	205	1	438
715	250	3	433	433	436
733	173	4	431	433	434	436
736	16	1	432
752	214	1	433
766	132	1	436
769	124	1	432
771	101	1	432
773	57	1	434
790	49	1	431
797	35	1	433
813	39	1	436
814	171	1	436
825	90	1	432
844	317	2	434	436
850	279	2	432	438
861	115	1	434
881	56	1	434
903	77	1	432
912	41	1	436
933	25	1	436
941	145	1	432
942	92	2	434	436
948	190	2	432	436
962	1	1	436
975	82	1	438
1009	20	1	434
1035	9	1	434
1037	44	1	438
1041	49	1	432
1042	16	1	436
1049	26	2	434	438
1050	29	1	436
1058	177	1	436
1067	11	1	436
1075	120	2	434	436
1078	65	1	432
1096	95	2	432	438
1108	92	1	432
1113	11	1	436
1124	70	1	433
1130	157	2	432	438
1147	23	1	436
1151	47	1	436
1165	21	1	432
1176	64	1	433
1184	105	1	436
1188	36	1	436
1189	121	1	438
1208	8	1	433
1213	80	1	433
1224	81	1	434
1229	58	1	432
1243	44	1	438
1256	59	1	438
1269	41	1	434
1278	14	2	433	433
1281	15	1	436
1284	46	1	438
1310	34	1	432
1322	36	1	436
1346	87	1	434
1350	30	1	432
1423	24	1	433
1466	19	1	436
1467	8	1	434
1514	4	1	432
1521	42	1	434
1528	17	1	433
1534	45	1	433
1556	24	1	438
1564	11	1	438
1591	36	3	433	434	436
1605	5	1	438
1617	12	1	433
1628	3	1	433
1653	56	1	433
1695	47	1	432
1712	17	1	432
1729	76	1	432
1762	57	1	432
1763	9	1	434
1788	12	1	438
1835	11	1	434
1841	31	1	432
1846	48	1	436
1884	164	1	433
1885	22	1	436
1886	32	1	432
1939	66	1	432
1956	23	1	438
2017	20	1	432
2048	31	1	438
2058	37	1	436
2059	270	1	436
2082	26	1	433
2093	1	1	433
2096	22	1	432
2122	22	1	436
2133	29	1	432
2168	28	1	432
2206	22	1	438
2255	37	1	436
2280	21	1	431
2300	14	1	438
2301	39	1	432
2310	13	1	434
2315	28	1	436
2375	22	1	432
2391	13	1	432
2409	44	1	432
2430	11	1	432
2469	45	1	436
2479	50	1	432
2481	7	1	432
2517	18	1	436
2566	10	1	434
2568	43	1	434
2597	7	1	433
2623	19	1	438
2633	5	1	438
2663	2	1	438
2777	3	1	433
2787	16	1	432
2799	38	2	432	438
2811	10	1	433
2986	5	1	436
3006	9	1	433
3189	12	1	433
3227	7	1	434
3370	4	1	434
3562	6	1	433
3577	9	1	434
4597	2	1	432
4941	2	1	436
5173	4	1	433
5468	1	1	431
5473	1	1	438
6070	2	1	436
