2	522	2	701	705
3	402	3	703	706	707
6	30	1	701
9	460	1	701
14	136	1	708
16	286	1	701
18	318	1	701
22	52	1	701
23	134	1	701
26	18	1	706
29	22	1	701
37	139	1	701
40	133	1	707
42	52	1	709
50	385	1	706
52	57	1	701
54	733	3	704	708	708
59	236	1	704
60	231	2	704	705
63	91	1	706
66	71	1	701
67	827	6	701	703	705	706	707	709
69	271	1	701
73	344	1	701
75	182	2	707	709
77	63	1	705
79	87	2	708	708
81	18	1	709
94	240	2	701	709
115	225	2	701	707
132	187	1	707
135	70	1	708
137	73	1	705
141	95	1	704
143	116	1	701
144	23	1	703
147	56	1	701
153	49	2	707	709
155	49	1	701
158	258	1	708
167	516	3	701	705	707
169	194	1	701
171	137	2	701	709
176	640	4	701	706	707	709
182	53	1	701
183	160	1	701
189	121	4	701	706	707	709
193	215	1	708
194	40	1	705
196	93	1	707
197	42	1	701
200	79	1	701
202	306	1	701
203	36	1	707
204	244	1	701
205	241	1	701
206	29	1	701
221	3	1	709
225	185	1	705
230	248	1	707
238	93	1	701
247	233	1	701
252	193	3	701	708	708
256	137	1	703
258	112	1	704
261	105	1	701
264	224	2	706	707
272	63	1	708
285	237	2	701	709
286	88	1	704
287	23	1	707
289	18	1	701
291	260	1	709
299	113	1	701
306	128	1	701
311	42	1	705
316	6	1	709
318	211	2	701	707
323	39	1	709
324	9	1	701
332	31	1	708
335	232	2	701	705
343	101	1	705
348	173	2	707	707
364	15	1	706
372	183	1	707
374	249	1	705
380	42	1	705
386	312	2	704	707
388	35	1	701
402	165	1	705
403	54	1	707
412	82	1	708
416	106	1	701
418	223	3	704	708	708
420	126	1	704
426	110	1	708
428	52	1	708
436	24	1	701
441	80	1	707
442	25	1	707
444	28	1	701
450	166	2	707	709
451	209	2	704	708
454	79	3	706	707	709
455	29	1	703
460	155	1	701
465	79	1	701
466	47	1	704
475	194	2	701	709
486	41	1	709
491	74	1	705
497	106	1	709
504	26	1	709
510	111	1	709
512	202	3	701	706	709
515	94	1	705
519	77	2	705	708
520	80	1	701
522	291	3	701	706	707
524	56	1	701
529	709	2	701	708
530	78	1	704
532	91	1	701
533	26	1	701
534	102	1	705
537	231	1	705
542	165	1	701
545	70	1	709
548	6	1	705
557	69	1	705
559	87	2	708	708
566	6	1	707
574	51	1	701
575	37	1	707
576	117	1	704
584	69	1	708
585	4	1	705
586	93	1	705
595	120	1	707
596	61	1	701
601	23	1	709
627	148	1	705
635	84	1	705
641	56	1	701
649	30	1	705
651	41	1	701
680	45	1	706
688	133	1	704
690	96	1	705
694	90	1	701
697	100	1	701
699	43	1	701
700	32	1	701
704	88	1	705
707	212	2	701	706
714	205	2	704	705
715	250	1	701
718	187	1	701
721	216	1	705
728	31	1	704
732	45	2	701	709
733	173	1	707
751	166	1	705
752	214	2	701	707
753	47	1	709
764	51	1	704
768	15	1	701
769	124	1	701
771	101	1	708
778	47	3	703	707	709
779	58	1	704
789	139	1	705
790	49	1	709
794	8	1	701
795	16	1	701
798	40	1	706
801	104	1	701
813	39	1	706
816	37	1	707
827	19	1	701
840	79	1	708
842	137	1	704
843	51	1	709
844	317	2	701	707
846	96	1	701
848	100	1	709
850	279	1	701
852	37	3	703	707	709
862	52	1	709
867	120	1	705
871	5	1	706
884	150	1	705
894	39	1	709
896	16	1	706
899	65	1	701
919	53	1	704
920	47	1	701
933	25	1	701
934	101	1	701
936	52	1	701
941	145	1	705
942	92	2	701	707
943	38	1	705
948	190	1	705
959	20	1	701
961	65	1	706
983	184	1	705
984	18	1	701
997	19	1	705
1001	73	1	709
1002	106	1	701
1025	4	1	705
1034	28	1	705
1035	9	1	705
1046	14	1	701
1047	144	3	704	705	708
1052	117	1	701
1058	177	1	706
1065	54	1	705
1070	77	1	706
1075	120	1	701
1082	34	1	705
1087	58	2	706	709
1094	99	1	705
1129	83	1	705
1130	157	1	704
1131	47	1	705
1167	11	1	701
1176	64	1	701
1177	54	1	701
1181	13	1	701
1183	25	1	703
1186	12	1	704
1192	8	1	708
1207	66	2	701	706
1213	80	1	709
1218	14	1	705
1223	27	1	705
1227	42	1	709
1232	48	2	704	705
1243	44	1	708
1244	10	1	709
1265	9	1	709
1297	52	1	704
1299	66	1	704
1328	5	1	709
1332	7	1	706
1344	47	1	701
1355	16	1	709
1368	147	1	704
1372	12	1	705
1376	162	1	708
1377	13	1	705
1378	114	1	705
1388	8	1	705
1392	16	1	703
1393	2	1	708
1399	39	1	704
1410	41	1	701
1411	31	1	701
1414	282	1	701
1422	4	1	705
1424	57	1	704
1426	44	1	701
1429	34	1	701
1433	107	1	705
1436	30	1	707
1445	25	1	704
1456	19	1	701
1457	25	1	705
1460	139	1	701
1463	29	1	707
1476	39	1	701
1477	39	1	701
1485	9	1	709
1500	52	1	701
1511	9	1	701
1534	45	1	701
1561	45	1	709
1567	41	1	701
1571	110	1	704
1579	53	1	708
1580	58	1	706
1630	15	1	703
1653	56	2	703	707
1662	47	1	701
1695	47	1	701
1708	20	1	709
1719	42	1	707
1801	69	1	704
1829	10	1	708
1831	89	1	708
1833	40	1	701
1836	10	1	709
1856	15	1	709
1879	44	1	708
1905	34	1	705
1925	40	1	701
1927	56	1	704
1945	57	1	706
1973	27	1	701
1979	6	1	701
2026	23	1	704
2031	21	1	701
2059	270	1	704
2075	48	1	706
2092	49	1	706
2094	4	1	707
2097	35	1	706
2100	20	1	709
2108	52	1	705
2111	28	1	705
2160	82	1	704
2186	42	1	704
2191	16	1	701
2212	68	1	709
2266	38	1	701
2284	8	1	709
2311	11	1	709
2339	50	1	705
2348	47	1	706
2353	40	1	704
2370	5	1	701
2381	49	1	701
2405	11	1	707
2433	15	1	708
2438	14	1	709
2458	44	1	701
2542	14	1	709
2549	9	1	705
2556	29	1	707
2558	10	1	709
2640	5	1	701
2675	17	1	709
2703	10	1	709
2720	19	1	709
2735	28	1	704
2741	1	1	708
2767	23	1	709
2799	38	1	705
2856	13	1	708
2872	13	1	707
2971	5	1	705
2998	9	1	705
3014	29	1	703
3051	2	1	705
3073	8	1	708
3079	6	1	701
3105	4	1	709
3187	30	1	709
3217	16	1	701
3326	1	1	709
3331	18	1	706
3368	17	1	709
3428	9	1	708
3434	3	1	701
3483	5	1	708
3507	5	1	709
3552	2	1	701
3638	6	1	705
3654	17	1	705
3691	19	1	705
3727	2	1	703
3759	5	1	701
3769	19	1	709
3855	6	1	704
3890	3	1	709
3924	7	1	709
3930	2	1	707
3943	7	1	709
3960	3	1	709
4054	5	1	709
4098	15	1	705
4132	2	1	709
4188	5	1	705
4261	1	1	707
4327	2	1	709
4381	2	1	709
4481	3	1	707
4620	5	1	709
4880	1	1	707
4976	3	1	708
4977	1	1	701
5069	1	1	705
5490	1	1	705
5558	1	1	709
5596	1	1	701
5799	2	1	709
6258	1	1	705
