2	522	4	692	693	695	698
8	114	1	693
9	460	4	692	695	696	698
12	126	1	695
14	136	1	691
16	286	3	690	692	695
17	35	1	690
18	318	5	692	695	696	699	699
19	91	1	696
22	52	1	695
23	134	2	690	699
37	139	3	690	696	699
48	257	2	690	695
49	124	2	691	699
50	385	6	691	692	695	696	697	698
52	57	1	696
53	219	2	696	699
54	733	1	690
57	33	2	690	695
59	236	1	698
60	231	1	695
65	159	1	690
66	71	3	691	696	699
67	827	4	690	690	695	699
69	271	2	696	698
72	17	1	691
73	344	3	690	691	695
74	65	1	690
94	240	3	692	696	699
96	113	1	691
103	237	4	692	696	699	699
110	43	1	695
111	30	1	690
115	225	3	692	696	699
119	32	1	699
122	100	2	692	698
135	70	1	695
141	95	1	695
143	116	1	698
150	16	1	695
156	205	2	690	691
167	516	6	690	691	692	695	696	699
169	194	2	691	696
170	37	1	699
171	137	1	696
176	640	4	690	696	698	699
179	121	2	690	691
180	221	3	690	695	699
182	53	1	696
183	160	1	696
184	42	1	699
191	49	1	696
193	215	2	692	699
198	33	1	693
200	79	1	692
202	306	2	692	696
204	244	1	692
205	241	3	692	696	698
218	84	2	697	699
225	185	1	693
229	118	3	690	691	695
236	95	1	690
247	233	1	699
251	11	1	692
258	112	1	695
260	98	1	692
261	105	1	699
264	224	1	692
267	58	1	698
277	37	1	698
278	49	1	692
280	61	1	695
285	237	1	696
293	151	3	690	690	695
299	113	2	690	691
303	42	1	699
306	128	1	691
318	211	2	692	696
330	26	1	690
335	232	3	690	691	697
343	101	1	695
349	48	1	695
353	61	1	692
362	45	1	690
366	34	1	690
374	249	3	690	691	699
379	46	1	691
381	88	3	692	696	698
384	205	1	695
386	312	2	696	699
388	35	2	692	696
391	64	1	695
397	159	2	690	693
400	38	1	691
402	165	2	690	699
405	58	1	696
407	48	1	690
409	36	1	695
415	7	1	699
416	106	2	691	699
421	42	1	692
424	83	1	696
435	71	3	691	692	699
436	24	1	692
444	28	2	692	698
451	209	2	692	696
453	83	1	695
456	54	1	691
465	79	1	696
467	113	1	690
468	70	1	692
475	194	4	692	696	698	699
482	42	1	690
488	47	1	697
490	261	2	691	699
494	29	1	699
502	98	2	690	699
508	72	1	698
512	202	2	692	696
514	27	1	696
519	77	2	690	691
520	80	1	696
522	291	3	692	696	698
523	35	1	696
524	56	1	692
528	45	1	699
529	709	6	691	692	695	696	698	699
530	78	1	699
534	102	2	690	691
535	11	1	695
537	231	2	690	699
539	55	1	696
541	6	1	697
542	165	2	691	695
544	101	1	699
555	72	3	691	696	698
558	64	2	699	699
561	130	1	693
576	117	1	692
580	36	2	696	699
586	93	1	696
594	125	2	690	691
596	61	2	695	696
597	193	4	690	691	695	699
627	148	1	695
628	47	2	690	695
632	61	1	695
645	227	2	690	695
649	30	1	691
657	49	1	692
664	91	1	695
669	3	1	698
688	133	1	695
690	96	1	691
692	70	1	693
695	143	2	692	696
697	100	3	692	696	698
701	107	2	696	699
707	212	3	692	696	698
714	205	4	690	690	695	699
715	250	2	696	697
718	187	2	692	696
721	216	2	690	691
723	46	2	690	690
727	23	1	699
747	93	2	691	695
751	166	3	690	691	698
752	214	1	696
766	132	1	690
769	124	1	692
773	57	1	699
786	56	1	690
789	139	1	691
797	35	1	692
814	171	1	692
824	85	1	692
825	90	1	690
831	34	1	690
838	18	1	690
842	137	1	692
844	317	3	692	696	698
846	96	3	692	696	698
850	279	2	692	695
861	115	1	695
863	27	1	699
867	120	1	695
881	56	2	695	699
882	17	2	696	697
885	43	1	699
900	67	1	691
903	77	1	690
905	125	3	696	699	699
920	47	2	692	696
921	113	1	691
934	101	1	696
936	52	1	698
941	145	2	690	695
942	92	1	699
950	15	1	690
959	20	1	696
963	31	1	690
976	75	2	690	695
983	184	1	691
984	18	1	696
986	108	1	699
990	46	1	699
993	36	1	692
1018	42	1	691
1022	48	1	695
1028	90	2	691	699
1036	59	1	692
1038	15	1	696
1041	49	1	690
1046	14	1	696
1049	26	1	699
1050	29	1	691
1063	30	1	692
1069	138	2	690	698
1074	38	1	695
1078	65	1	691
1094	99	1	691
1101	36	1	692
1108	92	1	695
1113	11	1	692
1122	40	2	696	699
1130	157	1	690
1149	42	2	690	695
1176	64	1	696
1188	36	1	692
1194	52	2	690	691
1197	24	1	699
1216	108	1	695
1226	4	1	693
1230	15	1	692
1239	6	1	696
1242	42	2	692	696
1257	18	1	692
1269	41	1	696
1274	63	1	696
1277	13	1	691
1282	51	1	699
1283	31	2	692	697
1284	46	1	695
1299	66	1	691
1303	83	1	696
1327	34	2	695	699
1331	31	1	690
1335	20	1	690
1337	58	1	695
1344	47	2	692	696
1364	54	1	691
1365	53	1	699
1368	147	1	690
1374	51	3	691	695	699
1395	10	1	690
1410	41	1	696
1411	31	1	696
1414	282	1	699
1423	24	1	699
1445	25	1	695
1460	139	1	696
1474	36	1	696
1476	39	1	695
1483	15	1	693
1488	3	1	699
1504	41	1	690
1519	120	2	690	695
1527	51	1	692
1528	17	1	696
1531	41	1	690
1546	32	1	699
1547	26	1	695
1550	16	1	690
1552	27	1	699
1563	11	1	692
1582	74	3	692	696	698
1610	2	1	695
1618	14	1	695
1622	33	1	690
1636	79	2	691	699
1638	37	1	695
1662	47	2	692	696
1664	37	1	692
1668	13	1	695
1679	15	1	692
1692	54	2	691	695
1695	47	1	695
1712	17	1	699
1719	42	1	692
1736	69	1	696
1742	90	1	699
1755	24	1	695
1765	39	1	699
1776	59	1	692
1790	9	1	691
1798	15	1	696
1820	9	1	691
1825	5	1	692
1831	89	1	696
1840	13	1	692
1846	48	1	696
1861	5	1	690
1864	18	1	695
1879	44	2	692	696
1894	6	1	690
1916	75	1	692
1938	19	1	696
1972	10	1	691
2034	34	1	699
2045	21	1	699
2059	270	1	692
2063	31	1	690
2066	40	1	695
2071	45	1	699
2078	45	2	690	691
2124	6	1	696
2127	32	1	699
2134	20	1	691
2135	17	1	695
2169	8	1	690
2184	4	1	691
2188	68	1	693
2191	16	1	696
2192	26	1	691
2194	23	1	692
2240	20	1	690
2244	18	1	695
2296	30	1	695
2302	55	1	699
2314	24	1	692
2352	19	1	690
2362	15	1	690
2384	5	1	691
2434	3	1	692
2454	58	1	690
2479	50	1	691
2498	12	1	690
2530	13	1	692
2546	33	1	690
2571	12	1	692
2631	10	1	690
2632	9	1	691
2641	25	1	695
2649	10	1	692
2662	8	1	699
2676	6	1	692
2693	25	1	695
2739	11	1	692
2793	27	1	699
2799	38	2	690	695
2815	27	1	690
2830	4	1	692
2845	25	1	695
2851	14	1	692
2864	30	1	699
2906	31	1	696
2908	19	1	696
2920	15	1	691
2926	16	1	695
2932	8	1	692
2972	14	1	696
3006	9	1	696
3015	12	1	692
3126	15	1	691
3135	20	1	699
3192	12	1	691
3217	16	1	696
3232	13	1	691
3240	12	1	698
3247	15	1	690
3257	5	1	692
3325	6	1	691
3362	5	1	690
3445	5	1	699
3572	2	1	699
3580	11	1	699
3583	1	1	692
3720	3	1	695
3747	3	1	695
3756	6	1	692
3798	2	1	699
3874	9	1	696
3892	4	1	692
3925	1	1	690
3967	4	1	691
4063	1	1	699
4239	3	1	698
4305	4	1	690
4800	1	1	692
4811	3	1	699
5380	1	1	699
5800	1	1	690
