2	522	3	2250	2257	2259
8	114	2	2250	2259
9	460	2	2250	2259
10	30	1	2253
16	286	1	2256
18	318	1	2259
19	91	1	2256
20	70	1	2258
54	733	2	2250	2259
59	236	1	2256
60	231	2	2253	2259
61	98	1	2259
65	159	1	2259
67	827	1	2256
71	218	2	2250	2259
72	17	1	2257
73	344	1	2259
79	87	1	2258
91	28	1	2256
115	225	1	2256
121	192	1	2259
141	95	2	2251	2253
145	64	2	2251	2253
147	56	1	2256
158	258	4	2250	2251	2253	2258
162	75	2	2250	2259
167	516	1	2256
176	640	3	2250	2256	2259
177	53	2	2253	2258
189	121	1	2257
200	79	1	2256
202	306	1	2256
205	241	1	2256
206	29	1	2256
210	118	1	2259
213	56	1	2250
225	185	2	2250	2259
252	193	1	2258
267	58	1	2256
272	63	1	2253
285	237	1	2256
286	88	2	2251	2253
318	211	1	2256
319	45	1	2256
321	104	1	2250
356	23	1	2259
359	233	1	2250
381	88	1	2256
384	205	1	2256
397	159	1	2259
410	48	1	2259
420	126	1	2250
426	110	1	2258
428	52	1	2258
433	45	1	2256
450	166	1	2259
451	209	1	2259
460	155	1	2256
466	47	1	2259
467	113	1	2259
491	74	2	2250	2259
508	72	1	2256
515	94	2	2251	2253
524	56	1	2256
529	709	1	2256
532	91	1	2256
539	55	1	2256
542	165	1	2256
549	12	1	2256
559	87	2	2251	2253
576	117	1	2258
656	103	1	2259
680	45	1	2250
681	3	1	2259
682	26	1	2259
694	90	1	2256
695	143	1	2256
697	100	1	2256
710	84	1	2250
764	51	1	2259
770	58	2	2251	2253
771	101	1	2259
772	37	2	2251	2253
774	5	1	2259
789	139	1	2250
800	36	1	2256
801	104	1	2257
823	115	1	2259
840	79	1	2253
844	317	1	2256
846	96	1	2256
850	279	1	2256
861	115	1	2259
878	39	1	2259
899	65	1	2256
920	47	1	2256
921	113	1	2258
948	190	1	2259
959	20	1	2256
975	82	1	2259
998	101	1	2258
1012	71	2	2251	2253
1037	44	1	2259
1050	29	1	2257
1072	36	1	2253
1109	4	1	2259
1121	109	2	2250	2259
1130	157	1	2259
1131	47	1	2258
1168	37	1	2256
1176	64	1	2256
1195	153	2	2251	2253
1196	6	1	2258
1224	81	1	2256
1251	27	1	2259
1274	63	1	2256
1287	72	1	2259
1300	40	1	2259
1344	47	1	2256
1368	147	2	2250	2259
1374	51	1	2256
1376	162	3	2251	2253	2258
1420	51	1	2250
1433	107	1	2259
1460	139	1	2256
1474	36	1	2257
1511	9	1	2257
1541	26	1	2259
1573	59	1	2250
1627	26	2	2251	2253
1646	10	1	2259
1685	67	2	2250	2259
1695	47	1	2256
1717	23	1	2259
1729	76	1	2259
1772	4	1	2258
1817	59	1	2256
1831	89	1	2253
1872	24	1	2257
1916	75	1	2250
1930	14	1	2256
1964	2	1	2256
2037	41	1	2259
2046	105	2	2251	2253
2053	37	1	2250
2059	270	2	2251	2259
2071	45	1	2256
2131	44	1	2259
2147	12	1	2258
2252	4	1	2253
2257	20	1	2256
2266	38	1	2256
2376	5	1	2253
2381	49	1	2256
2472	12	1	2259
2555	19	1	2253
2571	12	1	2256
2584	2	1	2257
2623	19	1	2250
2924	10	1	2257
3009	26	2	2251	2253
3034	12	1	2258
3055	11	1	2253
3096	10	1	2259
3648	3	1	2253
3846	5	1	2259
3870	2	1	2259
3928	2	1	2259
3937	5	1	2253
3987	10	1	2251
4275	6	1	2258
5256	4	1	2251
6169	1	1	2253
