2	522	1	793
3	402	2	794	797
9	460	1	795
12	126	1	799
14	136	1	792
16	286	1	794
18	318	1	791
19	91	2	792	795
22	52	1	795
23	134	3	791	794	799
31	254	1	797
34	16	1	792
37	139	1	797
40	133	1	794
41	71	1	794
48	257	1	794
49	124	1	793
50	385	3	791	795	799
53	219	2	791	797
54	733	2	793	799
55	104	2	793	799
61	98	1	793
65	159	1	793
67	827	5	791	793	794	799	799
69	271	4	793	795	797	799
71	218	1	799
73	344	1	793
81	18	1	794
94	240	2	795	797
96	113	1	793
103	237	2	795	797
115	225	3	791	795	797
118	60	2	792	795
122	100	3	793	795	799
123	59	1	793
131	90	1	793
132	187	1	797
133	113	1	791
137	73	1	799
151	39	1	793
152	15	1	794
153	49	1	794
156	205	1	793
165	38	1	797
167	516	5	791	793	795	797	799
169	194	3	791	791	792
170	37	1	797
171	137	1	797
172	79	1	793
176	640	4	791	792	795	797
180	221	1	792
181	147	2	791	792
183	160	3	792	795	797
189	121	1	794
191	49	1	795
202	306	3	795	797	799
204	244	3	795	797	799
218	84	1	797
232	92	1	791
240	128	1	797
246	21	1	791
247	233	2	791	791
250	19	1	792
256	137	1	794
260	98	1	793
261	105	2	791	797
264	224	4	791	792	795	797
267	58	1	791
276	69	1	795
277	37	1	792
278	49	1	793
279	332	1	799
285	237	4	791	791	795	797
291	260	1	791
299	113	1	793
306	128	2	793	797
310	11	2	795	797
314	31	1	791
315	40	3	791	794	797
316	6	1	794
317	9	1	794
318	211	1	795
319	45	1	797
323	39	1	791
335	232	2	793	799
336	30	1	793
339	70	1	794
348	173	3	791	792	797
349	48	1	792
359	233	1	792
372	183	1	794
374	249	1	793
381	88	2	791	795
384	205	2	794	797
386	312	2	793	795
387	11	1	797
391	64	1	797
392	34	1	791
393	119	1	791
402	165	2	793	799
416	106	1	791
424	83	1	793
444	28	1	791
450	166	1	791
468	70	1	792
475	194	2	794	799
482	42	1	799
486	41	1	794
490	261	1	793
492	134	2	792	793
493	75	1	792
497	106	3	792	794	797
504	26	1	794
508	72	2	791	791
510	111	1	794
512	202	3	792	795	797
518	31	1	792
522	291	3	791	795	797
524	56	1	797
528	45	1	797
529	709	4	793	795	797	799
532	91	2	795	799
539	55	1	791
542	165	2	793	795
546	39	2	791	792
547	33	1	790
555	72	1	795
556	69	1	793
567	59	1	799
574	51	1	797
578	12	1	791
595	120	2	791	794
597	193	2	792	793
627	148	1	799
641	56	2	793	795
643	68	1	792
645	227	1	793
657	49	1	793
695	143	1	795
697	100	1	795
698	8	1	797
701	107	2	795	799
707	212	1	795
715	250	2	792	799
718	187	2	795	799
721	216	1	793
723	46	1	793
732	45	1	794
733	173	2	792	797
741	9	1	791
749	62	2	791	794
751	166	1	793
752	214	1	797
766	132	1	799
790	49	1	791
796	12	1	797
798	40	1	799
799	5	1	799
804	49	1	793
806	50	1	791
818	40	1	792
820	36	1	797
844	317	2	795	797
846	96	1	795
850	279	2	792	799
894	39	1	797
905	125	2	793	795
926	33	1	793
930	39	1	797
934	101	1	797
942	92	1	797
945	49	1	799
948	190	1	793
959	20	1	795
961	65	1	792
983	184	1	793
984	18	1	799
990	46	1	792
995	28	1	791
1003	15	1	792
1009	20	1	797
1011	60	1	797
1016	26	1	797
1028	90	1	793
1041	49	1	792
1045	186	1	799
1046	14	2	795	797
1058	177	1	792
1062	7	1	792
1063	30	1	795
1108	92	2	795	799
1112	3	1	795
1122	40	1	795
1135	14	1	794
1146	31	1	797
1158	20	1	799
1162	5	1	799
1167	11	1	799
1177	54	1	797
1189	121	1	799
1199	17	1	793
1207	66	1	794
1209	24	1	793
1214	13	1	797
1224	81	2	791	797
1227	42	1	794
1233	59	1	799
1238	23	1	791
1245	18	1	794
1282	51	1	797
1288	16	1	797
1322	36	1	792
1336	48	1	795
1337	58	1	799
1351	7	1	794
1355	16	1	794
1373	3	1	791
1374	51	1	795
1391	21	1	791
1414	282	4	793	795	797	799
1423	24	1	793
1436	30	1	792
1460	139	2	793	799
1519	120	1	792
1521	42	1	792
1546	32	1	793
1572	57	1	793
1582	74	1	791
1591	36	1	799
1629	73	2	791	797
1636	79	1	791
1660	21	1	793
1662	47	1	795
1684	53	1	797
1692	54	1	793
1696	20	1	791
1728	97	1	799
1736	69	1	797
1742	90	1	793
1743	55	1	794
1768	4	1	791
1787	24	1	797
1797	64	1	792
1798	15	1	793
1833	40	1	797
1837	18	1	791
1872	24	1	794
1931	49	1	791
1959	23	1	797
2015	51	1	791
2034	34	2	791	797
2058	37	1	791
2098	14	1	794
2134	20	1	799
2194	23	2	791	795
2195	8	1	793
2206	22	1	797
2231	62	1	792
2238	3	1	799
2254	18	1	794
2263	15	1	794
2280	21	1	791
2302	55	1	791
2311	11	1	794
2326	33	1	799
2362	15	1	793
2379	20	1	793
2381	49	1	799
2438	14	1	794
2469	45	1	792
2527	28	1	794
2532	9	1	793
2632	9	1	793
2634	14	1	794
2645	26	1	797
2675	17	1	794
2731	16	1	799
2767	23	1	797
2787	16	1	799
2863	12	1	793
2906	31	1	797
3006	9	1	791
3091	11	1	797
3183	6	1	799
3192	12	1	799
3194	6	1	793
3196	7	1	794
3204	4	1	795
3419	11	1	792
3577	9	1	797
3751	14	1	799
3778	10	1	794
3799	8	1	795
3837	5	1	793
3867	8	1	797
3893	16	1	795
3989	16	1	797
4022	1	1	799
4080	3	1	795
4161	9	1	795
4175	6	1	793
4381	2	1	794
4602	3	1	794
4952	1	1	792
5243	1	1	791
5267	1	1	794
5313	3	1	797
5504	1	1	797
5607	3	1	792
5725	1	1	799
