2	522	1	49
3	402	4	40	41	42	43
6	30	1	49
9	460	3	41	42	43
16	286	2	42	43
18	318	1	49
24	8	1	42
31	254	1	49
36	62	1	49
40	133	3	41	42	43
42	52	1	43
44	85	1	45
46	63	1	47
48	257	1	49
50	385	3	40	41	42
54	733	2	45	49
55	104	2	41	49
59	236	1	45
60	231	2	45	49
66	71	3	41	42	49
67	827	6	40	41	42	43	47	49
69	271	1	49
72	17	1	49
75	182	1	41
85	34	1	45
94	240	1	40
103	237	2	42	43
115	225	1	43
120	19	2	42	47
127	31	1	43
132	187	3	42	44	49
135	70	1	45
139	16	1	47
141	95	1	45
143	116	1	42
145	64	1	45
153	49	1	42
157	64	1	41
165	38	1	41
167	516	1	49
169	194	1	49
171	137	2	41	42
174	118	2	41	42
176	640	4	41	45	47	49
177	53	1	45
179	121	1	49
180	221	1	45
193	215	2	45	49
196	93	1	47
202	306	2	47	49
204	244	1	47
205	241	2	47	49
213	56	1	45
230	248	3	41	42	43
241	35	1	41
247	233	3	40	41	49
252	193	1	45
256	137	3	40	41	42
258	112	1	45
272	63	1	44
276	69	2	47	49
279	332	1	45
281	15	1	44
287	23	1	43
293	151	2	47	49
298	69	1	49
306	128	1	49
320	52	1	47
323	39	3	40	41	43
339	70	1	41
353	61	1	49
359	233	1	45
372	183	2	41	42
379	46	1	49
384	205	2	47	49
386	312	1	45
390	2	1	43
393	119	1	41
401	34	1	49
402	165	1	49
412	82	1	45
418	223	1	45
433	45	1	47
435	71	1	47
436	24	1	47
441	80	2	41	42
450	166	3	40	41	42
451	209	1	45
454	79	1	41
465	79	3	41	42	49
468	70	2	40	47
471	59	1	45
475	194	2	42	47
479	38	1	47
481	56	1	49
482	42	1	45
490	261	1	45
491	74	1	45
497	106	1	41
499	36	2	40	41
506	5	2	42	43
510	111	1	40
512	202	2	42	47
516	36	1	42
522	291	2	40	42
529	709	3	41	43	49
530	78	1	45
534	102	1	49
537	231	3	43	47	49
542	165	1	47
543	12	1	47
544	101	1	47
545	70	3	40	41	42
561	130	1	45
564	50	1	47
576	117	1	44
584	69	1	45
590	11	1	49
593	56	1	45
595	120	2	43	47
597	193	1	47
601	23	1	41
624	3	1	49
645	227	1	45
651	41	1	49
661	24	1	42
670	126	1	45
675	87	3	40	41	42
694	90	1	49
703	75	3	41	42	43
704	88	1	45
707	212	1	40
715	250	1	49
718	187	1	47
721	216	1	49
738	85	1	45
740	85	1	45
748	4	1	42
752	214	1	42
764	51	1	45
766	132	1	47
771	101	1	45
777	114	3	40	42	43
778	47	1	40
789	139	1	40
790	49	1	42
795	16	1	42
801	104	1	45
803	10	1	42
804	49	1	49
809	10	1	41
811	2	1	42
813	39	2	42	43
816	37	2	40	42
817	10	2	42	43
818	40	1	40
824	85	2	45	47
842	137	1	45
843	51	1	42
844	317	1	43
848	100	2	41	42
850	279	3	40	45	47
854	39	1	49
864	50	1	49
884	150	2	42	49
885	43	1	43
895	57	1	49
905	125	2	47	49
909	31	1	42
915	10	1	43
928	29	1	49
931	10	1	42
932	22	1	42
944	54	1	43
946	75	1	45
957	75	2	41	42
971	24	1	41
978	41	1	45
986	108	1	49
1000	66	1	49
1001	73	1	49
1005	95	1	40
1011	60	1	49
1018	42	1	49
1019	8	1	49
1028	90	1	49
1033	30	1	40
1036	59	1	44
1045	186	3	41	43	47
1047	144	1	45
1055	33	1	45
1058	177	1	41
1069	138	1	47
1089	9	1	45
1093	33	1	43
1094	99	1	49
1108	92	1	45
1109	4	1	45
1129	83	1	44
1131	47	1	44
1133	39	2	41	42
1136	55	1	49
1151	47	1	41
1153	11	1	49
1156	82	1	49
1166	30	1	49
1179	54	2	47	49
1181	13	1	47
1183	25	1	41
1188	36	1	47
1194	52	1	41
1195	153	1	44
1207	66	1	42
1213	80	1	42
1227	42	1	42
1243	44	1	45
1245	18	1	42
1252	88	2	47	49
1287	72	1	49
1299	66	1	45
1313	63	2	40	42
1321	63	1	49
1323	21	1	41
1342	44	1	42
1348	19	1	40
1365	53	1	49
1368	147	1	45
1376	162	1	44
1378	114	1	49
1391	21	1	40
1392	16	1	43
1399	39	1	45
1414	282	1	49
1423	24	1	49
1424	57	1	45
1436	30	2	41	43
1464	27	1	45
1466	19	1	49
1489	19	1	43
1504	41	1	45
1507	33	1	49
1529	33	1	49
1534	45	1	41
1538	15	1	42
1540	32	1	45
1552	27	1	49
1561	45	2	42	43
1572	57	1	45
1580	58	2	41	43
1581	13	1	42
1616	4	1	42
1620	31	1	42
1635	19	1	41
1636	79	1	49
1638	37	1	49
1643	24	1	45
1667	4	1	49
1681	12	1	44
1716	37	1	42
1726	27	1	44
1732	25	1	40
1734	12	1	42
1740	30	1	45
1743	55	2	45	49
1765	39	1	47
1767	20	1	45
1808	47	1	42
1855	122	4	40	41	42	43
1879	44	1	44
1884	164	1	45
1890	26	1	40
1959	23	1	42
1965	17	1	43
1967	1	1	43
1977	26	1	49
1993	45	1	49
2026	23	1	45
2046	105	1	44
2058	37	1	40
2075	48	1	41
2101	26	1	49
2128	52	1	49
2134	20	1	47
2139	15	1	43
2160	82	1	45
2212	68	1	45
2237	21	1	41
2276	7	2	42	43
2277	29	1	42
2284	8	1	40
2288	20	1	45
2302	55	1	49
2318	17	1	41
2345	4	2	42	43
2353	40	1	45
2381	49	1	49
2387	12	1	45
2390	12	1	42
2473	14	1	47
2484	8	1	44
2523	7	1	43
2537	7	1	42
2542	14	1	41
2558	10	1	42
2585	2	1	47
2599	27	1	41
2618	21	1	47
2644	2	1	49
2645	26	1	49
2671	17	1	49
2685	13	1	45
2726	3	1	42
2767	23	1	41
2780	6	1	43
2784	18	2	40	41
2789	6	1	42
2793	27	1	49
2926	16	1	47
2931	2	1	47
2989	26	1	45
3004	1	1	40
3009	26	1	45
3010	7	1	42
3014	29	1	41
3114	10	2	41	42
3192	12	1	49
3312	5	1	49
3379	11	1	40
3412	1	1	42
3474	3	1	42
3494	12	1	43
3507	5	1	43
3524	4	1	41
3595	9	1	42
3769	19	1	40
3810	6	1	43
3988	2	1	49
4000	3	1	49
4155	2	1	42
4189	2	1	41
4205	5	1	40
4443	3	1	43
4620	5	1	40
4677	4	1	42
4781	2	1	49
4845	3	1	47
5016	1	1	47
5162	1	1	42
5210	3	1	42
5226	1	1	42
5502	2	1	42
5731	1	1	43
5799	2	1	40
5829	2	1	41
6189	1	1	43
