2	522	3	1154	1156	1159
3	402	2	1151	1155
9	460	4	1151	1156	1157	1159
16	286	5	1152	1153	1154	1155	1159
18	318	2	1151	1157
19	91	1	1151
23	134	1	1154
28	25	1	1155
29	22	2	1156	1157
31	254	3	1153	1157	1159
34	16	1	1151
37	139	1	1159
40	133	1	1155
41	71	1	1155
42	52	1	1155
46	63	1	1157
48	257	1	1152
49	124	3	1153	1157	1159
50	385	2	1154	1157
52	57	1	1159
53	219	1	1151
54	733	4	1153	1156	1157	1159
55	104	1	1153
60	231	2	1151	1159
61	98	1	1156
64	81	1	1151
65	159	1	1156
67	827	5	1152	1153	1154	1155	1159
69	271	3	1153	1157	1157
71	218	2	1152	1156
73	344	2	1152	1156
74	65	1	1153
75	182	1	1155
79	87	1	1157
94	240	1	1151
96	113	1	1157
99	7	1	1153
103	237	1	1153
107	71	1	1151
115	225	1	1151
119	32	1	1159
120	19	1	1155
121	192	1	1159
131	90	1	1159
132	187	3	1152	1153	1157
134	18	1	1155
135	70	1	1159
137	73	3	1152	1156	1159
147	56	1	1157
150	16	1	1152
156	205	1	1156
158	258	1	1158
167	516	5	1153	1154	1157	1157	1159
169	194	1	1154
171	137	1	1153
174	118	2	1151	1155
176	640	5	1151	1155	1156	1157	1159
180	221	1	1156
181	147	2	1151	1155
183	160	3	1151	1154	1157
193	215	1	1158
194	40	1	1156
196	93	2	1151	1154
200	79	1	1153
202	306	4	1151	1153	1157	1159
203	36	1	1151
204	244	3	1151	1153	1159
205	241	5	1151	1153	1154	1157	1159
213	56	1	1158
224	14	1	1151
229	118	2	1152	1157
230	248	2	1151	1155
238	93	1	1156
239	10	1	1151
243	42	1	1152
247	233	2	1154	1159
248	38	2	1156	1158
250	19	1	1159
252	193	1	1151
254	20	1	1158
258	112	1	1156
260	98	1	1157
261	105	1	1157
262	57	1	1153
264	224	2	1151	1154
267	58	1	1151
275	16	1	1154
276	69	1	1154
278	49	3	1152	1157	1159
279	332	2	1151	1156
280	61	1	1156
283	25	1	1156
285	237	2	1151	1157
286	88	1	1156
287	23	1	1155
289	18	1	1151
291	260	1	1156
293	151	1	1157
296	135	1	1155
298	69	1	1157
299	113	1	1153
302	22	1	1152
305	13	1	1156
306	128	1	1157
312	2	1	1156
326	12	1	1159
327	4	1	1156
328	122	1	1156
335	232	2	1153	1159
336	30	1	1151
339	70	1	1151
340	24	1	1151
348	173	1	1151
356	23	1	1151
359	233	1	1156
372	183	1	1155
373	88	1	1156
374	249	2	1152	1157
381	88	2	1151	1157
384	205	1	1154
386	312	2	1156	1159
388	35	1	1157
391	64	1	1156
401	34	1	1153
402	165	3	1153	1157	1157
405	58	1	1154
416	106	1	1156
418	223	1	1158
420	126	1	1156
424	83	1	1153
428	52	1	1151
432	56	1	1156
437	26	1	1156
441	80	1	1151
442	25	1	1155
450	166	1	1151
451	209	1	1159
454	79	1	1155
456	54	1	1152
460	155	1	1155
472	21	1	1154
475	194	3	1154	1155	1157
481	56	1	1156
482	42	1	1159
490	261	1	1157
492	134	5	1151	1153	1154	1156	1159
497	106	1	1155
508	72	1	1157
510	111	1	1155
511	13	1	1159
512	202	3	1151	1154	1155
516	36	2	1151	1155
518	31	1	1159
520	80	1	1154
522	291	1	1151
528	45	1	1151
529	709	5	1151	1153	1154	1157	1159
532	91	2	1151	1159
534	102	1	1157
539	55	1	1154
542	165	2	1157	1159
544	101	1	1159
546	39	1	1151
550	6	1	1156
556	69	2	1153	1157
558	64	1	1156
561	130	1	1158
574	51	1	1154
576	117	1	1152
586	93	1	1154
592	32	1	1156
594	125	2	1152	1156
595	120	1	1155
597	193	3	1154	1157	1159
599	69	1	1156
602	37	2	1151	1159
607	45	1	1151
612	55	1	1156
616	40	1	1156
626	28	1	1159
627	148	1	1153
637	17	1	1156
643	68	1	1151
645	227	1	1152
655	50	1	1156
657	49	1	1153
658	64	1	1156
664	91	2	1153	1155
678	28	1	1153
685	28	1	1156
688	133	2	1153	1158
692	70	1	1156
695	143	3	1152	1154	1159
697	100	2	1154	1157
704	88	1	1158
710	84	1	1156
714	205	2	1152	1159
715	250	3	1153	1157	1159
718	187	3	1151	1154	1157
721	216	2	1153	1157
722	15	1	1156
727	23	1	1156
732	45	1	1151
733	173	1	1151
736	16	1	1156
738	85	1	1156
747	93	1	1153
751	166	2	1152	1153
752	214	1	1159
753	47	1	1151
766	132	1	1152
769	124	1	1152
785	71	1	1159
787	14	1	1155
789	139	1	1156
793	36	1	1157
796	12	1	1151
804	49	1	1159
805	16	1	1153
806	50	1	1151
818	40	1	1151
823	115	1	1152
824	85	2	1152	1154
842	137	2	1152	1158
844	317	3	1151	1154	1157
846	96	3	1154	1157	1159
850	279	3	1154	1155	1157
854	39	1	1157
861	115	2	1151	1154
862	52	1	1155
865	3	1	1153
867	120	1	1152
881	56	1	1154
884	150	3	1156	1157	1159
894	39	1	1152
900	67	1	1153
905	125	1	1159
909	31	1	1152
913	13	1	1155
916	45	1	1154
931	10	1	1155
932	22	1	1151
934	101	1	1151
935	17	1	1156
936	52	1	1151
942	92	1	1151
948	190	2	1152	1156
949	14	1	1156
980	24	1	1158
983	184	3	1151	1152	1157
986	108	2	1153	1157
993	36	1	1152
1000	66	1	1159
1002	106	1	1157
1011	60	1	1153
1016	26	1	1155
1022	48	1	1152
1028	90	1	1157
1036	59	1	1158
1037	44	1	1156
1041	49	1	1156
1045	186	2	1151	1154
1049	26	1	1156
1057	20	1	1157
1062	7	1	1151
1067	11	1	1151
1072	36	1	1158
1075	120	1	1151
1080	23	1	1155
1087	58	1	1153
1094	99	2	1153	1157
1096	95	1	1156
1101	36	1	1159
1103	34	1	1156
1124	70	1	1151
1131	47	1	1156
1136	55	1	1153
1147	23	1	1159
1149	42	1	1152
1156	82	2	1151	1153
1159	31	1	1156
1168	37	1	1154
1176	64	2	1154	1157
1179	54	1	1153
1183	25	1	1155
1184	105	1	1151
1188	36	1	1155
1195	153	2	1152	1155
1216	108	1	1156
1221	7	1	1153
1224	81	2	1154	1157
1233	59	1	1159
1247	39	1	1156
1248	42	1	1151
1252	88	1	1157
1257	18	1	1152
1261	54	1	1152
1268	2	1	1159
1274	63	1	1156
1284	46	2	1156	1159
1316	14	1	1156
1321	63	1	1157
1327	34	1	1156
1328	5	1	1155
1355	16	1	1155
1363	17	1	1151
1365	53	1	1153
1378	114	1	1159
1385	42	1	1157
1399	39	1	1158
1400	19	1	1159
1414	282	3	1153	1157	1159
1417	41	1	1154
1419	30	1	1155
1424	57	1	1158
1453	38	1	1151
1460	139	1	1155
1464	27	2	1152	1154
1477	39	1	1159
1519	120	1	1152
1520	35	1	1158
1524	76	1	1158
1526	32	1	1158
1529	33	1	1157
1532	27	1	1154
1542	16	1	1158
1547	26	1	1159
1563	11	1	1159
1582	74	1	1154
1591	36	1	1151
1604	20	1	1151
1605	5	1	1156
1614	18	1	1152
1636	79	1	1151
1646	10	1	1156
1684	53	1	1155
1686	18	2	1156	1159
1692	54	1	1157
1705	27	1	1156
1710	13	1	1159
1719	42	1	1151
1720	15	1	1158
1728	97	1	1157
1736	69	1	1155
1742	90	2	1157	1157
1743	55	1	1159
1751	26	1	1151
1762	57	1	1156
1775	18	2	1152	1159
1797	64	1	1151
1817	59	2	1153	1157
1821	27	1	1153
1824	17	1	1152
1842	6	1	1153
1855	122	1	1155
1864	18	1	1151
1884	164	3	1151	1157	1159
1888	8	1	1157
1905	34	1	1158
1933	2	1	1151
1937	53	1	1154
1942	12	1	1155
1945	57	1	1151
1959	23	1	1154
1970	12	1	1159
2003	28	1	1156
2004	22	1	1157
2015	51	1	1151
2031	21	1	1157
2034	34	1	1154
2045	21	2	1157	1157
2059	270	2	1156	1158
2063	31	1	1152
2069	11	1	1152
2071	45	1	1154
2082	26	1	1159
2095	12	1	1157
2103	16	1	1156
2105	16	1	1151
2111	28	1	1158
2112	35	1	1155
2128	52	1	1159
2145	2	1	1151
2149	29	1	1151
2177	8	1	1153
2188	68	1	1156
2203	23	1	1157
2206	22	1	1151
2257	20	1	1157
2264	37	1	1159
2276	7	1	1151
2298	5	1	1155
2312	13	1	1155
2324	6	1	1156
2326	33	1	1159
2348	47	1	1157
2370	5	1	1155
2375	22	1	1156
2400	6	1	1151
2448	26	1	1157
2458	44	1	1159
2469	45	2	1151	1157
2474	57	1	1151
2517	18	1	1151
2553	21	1	1156
2568	43	1	1158
2651	23	1	1153
2669	3	1	1152
2672	13	1	1151
2681	1	1	1155
2706	33	1	1157
2713	11	1	1159
2714	4	1	1156
2720	19	1	1155
2749	26	1	1159
2799	38	1	1156
2822	13	1	1156
2845	25	1	1152
2849	8	1	1151
2851	14	1	1157
2883	23	2	1156	1159
2891	5	1	1155
2899	21	1	1153
2928	4	1	1155
2941	8	1	1151
2953	12	1	1151
2959	29	1	1159
2998	9	1	1152
3002	1	1	1155
3026	2	1	1158
3063	4	1	1155
3068	1	1	1156
3069	15	1	1152
3085	7	1	1156
3089	6	1	1159
3091	11	1	1151
3106	3	1	1157
3141	2	1	1153
3168	23	2	1153	1159
3252	12	1	1156
3253	6	1	1159
3255	2	1	1158
3262	9	1	1153
3310	4	1	1156
3323	38	2	1151	1154
3368	17	1	1155
3374	5	1	1159
3388	1	1	1156
3414	12	2	1154	1157
3419	11	1	1151
3439	4	1	1156
3497	18	1	1153
3528	6	1	1156
3596	2	1	1156
3633	12	1	1153
3646	4	1	1151
3661	1	1	1151
3880	9	1	1155
3924	7	1	1155
4009	7	1	1153
4013	3	1	1155
4037	12	1	1159
4039	8	1	1151
4040	1	1	1155
4359	3	1	1152
4416	2	1	1158
4427	3	1	1154
4457	10	1	1156
4592	4	1	1151
4706	3	1	1151
4776	4	1	1156
4813	1	1	1151
4900	1	1	1153
4930	3	1	1156
5028	2	1	1151
5394	1	1	1157
5471	5	1	1152
5508	1	1	1157
5633	1	1	1157
5788	1	1	1152
5929	1	1	1157
6026	1	1	1154
6259	1	1	1155
