2	522	3	1540	1546	1546
3	402	2	1541	1548
8	114	1	1540
9	460	2	1540	1548
10	30	1	1542
12	126	2	1544	1546
14	136	2	1542	1549
18	318	2	1546	1547
23	134	1	1544
31	254	2	1546	1546
36	62	1	1546
40	133	1	1541
46	63	1	1546
48	257	3	1541	1546	1547
50	385	1	1547
53	219	3	1541	1541	1548
54	733	3	1540	1546	1546
59	236	1	1540
60	231	1	1542
61	98	1	1540
62	89	1	1547
63	91	1	1541
64	81	1	1548
65	159	2	1540	1547
66	71	2	1541	1546
67	827	5	1541	1546	1546	1547	1548
69	271	2	1544	1548
71	218	1	1547
73	344	1	1540
75	182	1	1548
80	9	1	1540
81	18	1	1541
85	34	1	1547
89	39	1	1542
96	113	2	1546	1547
107	71	1	1541
108	55	1	1541
115	225	1	1548
121	192	1	1540
122	100	1	1547
135	70	1	1540
137	73	1	1546
144	23	1	1541
145	64	1	1542
149	63	1	1547
153	49	1	1541
158	258	2	1541	1542
162	75	1	1540
166	10	1	1541
167	516	5	1541	1546	1546	1547	1548
169	194	1	1548
170	37	1	1548
174	118	1	1548
176	640	5	1540	1541	1544	1546	1548
178	55	1	1542
179	121	1	1546
181	147	2	1541	1541
184	42	1	1546
187	25	1	1542
189	121	1	1541
193	215	1	1546
197	42	1	1547
202	306	2	1546	1548
204	244	1	1546
205	241	1	1546
210	118	1	1540
225	185	1	1540
230	248	2	1541	1548
236	95	1	1546
240	128	1	1548
247	233	2	1541	1544
258	112	2	1540	1540
260	98	1	1548
261	105	2	1541	1548
264	224	1	1548
267	58	1	1546
272	63	1	1542
276	69	1	1540
279	332	1	1540
286	88	1	1542
291	260	2	1541	1549
294	72	1	1548
298	69	1	1546
299	113	1	1546
306	128	1	1546
314	31	2	1541	1548
315	40	1	1548
318	211	1	1548
321	104	1	1540
331	47	1	1547
333	32	1	1540
335	232	1	1547
337	15	1	1549
339	70	2	1541	1541
343	101	1	1547
348	173	2	1541	1548
359	233	1	1540
369	21	1	1546
374	249	1	1546
384	205	1	1547
386	312	1	1540
391	64	1	1547
393	119	2	1541	1548
402	165	1	1546
405	58	1	1541
412	82	2	1540	1547
420	126	1	1540
421	42	1	1542
422	36	1	1546
426	110	2	1540	1542
450	166	1	1541
451	209	2	1540	1540
453	83	1	1546
455	29	1	1541
460	155	1	1540
462	26	1	1541
471	59	1	1540
475	194	1	1541
479	38	1	1547
486	41	1	1541
491	74	2	1540	1540
492	134	1	1547
493	75	1	1548
497	106	1	1548
504	26	1	1541
507	8	1	1541
510	111	1	1541
515	94	1	1540
522	291	3	1541	1541	1548
529	709	4	1540	1546	1547	1548
530	78	2	1540	1540
532	91	1	1546
533	26	1	1546
537	231	2	1541	1546
542	165	1	1547
546	39	1	1541
558	64	1	1547
559	87	1	1542
561	130	1	1547
580	36	1	1547
586	93	2	1540	1549
595	120	1	1541
596	61	1	1547
597	193	1	1546
610	34	1	1546
621	23	1	1546
625	32	1	1548
626	28	1	1541
627	148	2	1547	1548
632	61	1	1540
635	84	1	1540
645	227	3	1540	1546	1547
647	29	1	1541
661	24	1	1541
664	91	1	1547
668	49	1	1548
670	126	1	1540
695	143	1	1547
703	75	1	1541
704	88	1	1540
707	212	2	1541	1541
715	250	3	1541	1546	1548
730	17	1	1542
733	173	1	1541
740	85	2	1540	1540
747	93	1	1546
751	166	2	1546	1547
752	214	1	1544
753	47	1	1541
764	51	1	1540
766	132	1	1548
769	124	1	1540
771	101	1	1540
772	37	1	1542
773	57	1	1541
778	47	1	1541
779	58	1	1540
789	139	1	1540
790	49	1	1541
800	36	1	1547
823	115	2	1540	1547
833	17	1	1548
840	79	1	1549
842	137	2	1540	1549
844	317	1	1548
848	100	1	1541
852	37	1	1541
862	52	1	1541
864	50	1	1546
867	120	1	1547
870	28	1	1542
872	70	2	1546	1546
885	43	1	1541
892	38	1	1541
905	125	2	1546	1546
910	11	1	1546
916	45	1	1549
921	113	1	1542
928	29	1	1547
930	39	1	1547
941	145	3	1541	1547	1548
942	92	1	1541
943	38	1	1546
944	54	1	1541
948	190	1	1540
957	75	1	1541
961	65	2	1541	1548
970	28	1	1546
976	75	1	1547
978	41	1	1540
980	24	1	1540
986	108	2	1546	1546
992	68	1	1542
1000	66	1	1546
1002	106	2	1540	1548
1012	71	1	1542
1013	8	1	1549
1014	10	1	1541
1018	42	1	1546
1022	48	1	1547
1024	32	1	1546
1028	90	1	1546
1032	33	3	1540	1540	1548
1045	186	1	1541
1052	117	1	1540
1057	20	2	1546	1546
1058	177	1	1548
1063	30	1	1548
1069	138	2	1544	1547
1074	38	1	1547
1075	120	1	1548
1084	7	1	1542
1108	92	1	1547
1126	17	1	1542
1130	157	2	1540	1546
1131	47	1	1542
1136	55	1	1546
1149	42	1	1547
1166	30	1	1546
1179	54	1	1546
1187	18	1	1540
1194	52	1	1548
1198	42	1	1547
1207	66	1	1541
1213	80	2	1541	1541
1227	42	1	1541
1244	10	1	1541
1247	39	1	1544
1261	54	1	1542
1265	9	1	1541
1274	63	1	1546
1281	15	1	1548
1282	51	1	1541
1287	72	1	1546
1303	83	1	1547
1313	63	1	1541
1317	2	1	1542
1321	63	1	1546
1327	34	1	1547
1335	20	1	1547
1363	17	1	1548
1368	147	2	1540	1540
1376	162	1	1542
1378	114	1	1546
1385	42	1	1546
1398	9	1	1546
1399	39	1	1540
1400	19	1	1540
1414	282	1	1546
1417	41	1	1547
1419	30	1	1541
1428	10	1	1541
1460	139	1	1548
1475	69	1	1546
1493	40	1	1541
1507	33	1	1546
1519	120	1	1546
1526	32	1	1547
1531	41	1	1540
1534	45	1	1548
1541	26	1	1548
1543	9	1	1544
1552	27	1	1546
1567	41	1	1548
1569	28	1	1546
1571	110	1	1540
1577	14	1	1540
1579	53	1	1542
1580	58	1	1541
1582	74	1	1544
1587	16	1	1541
1598	12	2	1540	1540
1603	55	1	1549
1629	73	1	1548
1643	24	1	1540
1681	12	1	1542
1703	17	1	1542
1708	20	1	1541
1717	23	1	1546
1728	97	1	1546
1742	90	1	1546
1751	26	1	1548
1754	77	1	1542
1765	39	1	1547
1784	28	1	1542
1801	69	1	1542
1803	10	1	1541
1821	27	1	1546
1841	31	1	1540
1853	37	1	1541
1878	6	1	1540
1879	44	1	1549
1883	10	1	1546
1885	22	1	1548
1905	34	1	1540
1945	57	2	1541	1548
2000	13	1	1547
2017	20	1	1547
2026	23	1	1540
2037	41	1	1540
2046	105	2	1542	1549
2059	270	1	1548
2078	45	1	1546
2089	12	1	1540
2095	12	1	1546
2111	28	1	1540
2129	9	1	1540
2160	82	1	1540
2163	51	2	1542	1547
2173	10	1	1542
2188	68	1	1540
2192	26	1	1546
2219	24	1	1549
2239	27	1	1540
2254	18	1	1541
2255	37	1	1548
2263	15	1	1541
2277	29	1	1540
2280	21	1	1548
2292	4	1	1548
2328	13	1	1541
2348	47	1	1546
2353	40	1	1540
2407	8	1	1544
2418	6	1	1541
2424	28	1	1540
2425	1	1	1540
2448	26	1	1546
2449	23	1	1548
2454	58	1	1546
2512	8	1	1544
2521	17	1	1548
2527	28	1	1541
2546	33	1	1541
2555	19	1	1542
2564	5	1	1541
2593	11	1	1542
2642	6	1	1548
2649	10	1	1548
2664	13	1	1548
2671	17	1	1546
2675	17	1	1541
2709	20	1	1541
2750	11	1	1549
2753	7	1	1541
2808	27	1	1547
2818	8	2	1544	1544
2857	19	1	1548
2881	16	1	1548
2882	13	1	1549
2925	23	1	1540
2932	8	1	1548
2957	2	1	1549
2959	29	1	1546
3014	29	1	1541
3034	12	1	1542
3052	1	1	1541
3053	8	1	1549
3096	10	1	1540
3140	5	1	1542
3146	1	1	1544
3160	5	1	1548
3182	5	1	1541
3262	9	1	1546
3323	38	1	1546
3331	18	1	1541
3352	5	1	1540
3361	5	1	1548
3392	16	1	1548
3456	3	1	1548
3459	6	1	1541
3555	3	1	1541
3575	14	1	1546
3587	3	1	1549
3679	1	1	1549
3681	4	1	1541
3770	5	1	1548
4016	5	1	1546
4023	5	1	1541
4213	3	1	1548
4279	2	1	1549
4397	2	1	1548
4457	10	1	1549
4738	1	1	1542
4865	2	1	1549
4876	1	1	1546
4944	3	1	1540
5230	1	1	1541
5332	1	1	1549
5372	1	1	1544
6178	1	1	1541
