2	522	2	196	197
9	460	1	196
14	136	1	194
16	286	1	196
18	318	2	190	197
19	91	1	197
20	70	2	193	195
23	134	1	197
31	254	1	196
36	62	1	196
37	139	1	196
46	63	1	196
48	257	1	196
50	385	2	192	197
53	219	1	192
54	733	5	193	194	195	198	199
60	231	1	195
61	98	1	198
65	159	2	198	199
67	827	3	190	196	197
69	271	1	197
73	344	2	198	199
75	182	1	190
79	87	1	193
87	54	1	194
89	39	1	193
94	240	1	197
96	113	1	196
103	237	1	197
108	55	2	193	196
115	225	1	197
117	36	1	197
118	60	1	192
121	192	1	196
133	113	1	195
147	56	1	197
149	63	1	192
156	205	1	196
158	258	4	193	195	198	199
167	516	3	192	196	197
176	640	3	192	197	199
177	53	1	193
183	160	1	197
189	121	1	190
191	49	1	192
193	215	1	194
196	93	1	197
198	33	1	199
202	306	2	192	197
203	36	1	190
205	241	1	197
225	185	1	199
229	118	2	196	197
232	92	1	190
236	95	1	196
247	233	1	197
252	193	2	193	197
254	20	1	194
264	224	1	190
272	63	1	193
278	49	1	197
279	332	2	198	199
285	237	1	197
293	151	2	196	197
359	233	1	194
372	183	1	190
374	249	1	196
381	88	1	197
384	205	1	197
386	312	2	194	198
397	159	1	199
398	22	1	198
400	38	1	196
402	165	2	196	197
403	54	1	190
418	223	3	193	194	199
420	126	1	199
424	83	1	196
428	52	1	197
432	56	1	196
433	45	1	197
444	28	1	192
448	41	1	190
451	209	2	197	198
454	79	1	190
465	79	1	197
468	70	1	197
475	194	1	197
488	47	1	196
490	261	1	198
510	111	1	190
512	202	1	197
514	27	1	197
520	80	1	197
522	291	1	192
529	709	2	196	197
532	91	1	197
557	69	1	196
558	64	1	196
559	87	2	193	195
561	130	1	194
568	25	1	198
584	69	1	195
593	56	1	198
594	125	1	196
596	61	1	197
597	193	1	196
610	34	1	197
612	55	1	190
628	47	1	196
635	84	1	198
639	10	1	196
645	227	1	196
649	30	1	196
652	57	1	197
654	17	1	195
664	91	2	190	196
670	126	1	194
675	87	1	190
688	133	1	198
690	96	1	196
697	100	1	197
703	75	1	190
704	88	1	198
710	84	2	193	194
714	205	2	198	199
715	250	1	197
718	187	1	197
721	216	1	196
725	80	1	199
733	173	1	192
747	93	1	196
751	166	1	196
752	214	1	197
766	132	1	196
771	101	1	199
773	57	1	197
785	71	1	198
786	56	1	196
789	139	1	199
793	36	1	197
823	115	2	198	199
831	34	1	196
832	32	1	190
840	79	1	198
843	51	1	190
844	317	2	192	197
846	96	2	192	197
848	100	1	190
861	115	1	197
864	50	1	196
867	120	1	196
884	150	1	196
896	16	1	190
905	125	2	192	197
916	45	1	192
919	53	2	194	198
943	38	1	196
946	75	1	196
948	190	2	196	199
956	60	1	196
957	75	1	190
980	24	1	193
982	22	1	196
983	184	2	196	197
998	101	1	198
1001	73	2	196	197
1009	20	2	192	197
1012	71	1	198
1021	21	1	190
1025	4	1	196
1027	2	1	199
1036	59	1	198
1047	144	2	198	199
1058	177	1	190
1087	58	1	197
1129	83	1	194
1156	82	1	197
1176	64	1	197
1195	153	2	193	195
1199	17	1	196
1213	80	1	190
1216	108	1	199
1224	81	1	197
1256	59	1	193
1257	18	1	196
1269	41	1	197
1300	40	1	197
1310	34	1	198
1313	63	1	190
1321	63	1	197
1327	34	1	199
1336	48	1	193
1337	58	1	198
1358	8	1	197
1360	64	1	199
1368	147	2	198	199
1376	162	1	195
1378	114	1	196
1385	42	1	196
1392	16	1	195
1411	31	1	197
1414	282	1	197
1415	22	1	194
1420	51	1	198
1424	57	1	194
1454	26	1	198
1457	25	1	199
1468	38	1	195
1469	13	2	198	199
1483	15	1	198
1515	25	2	194	199
1571	110	2	194	198
1577	14	1	199
1579	53	1	194
1582	74	1	192
1591	36	1	192
1627	26	1	199
1629	73	1	197
1695	47	1	196
1726	27	1	193
1728	97	1	197
1736	69	1	197
1742	90	1	196
1754	77	1	195
1765	39	1	197
1767	20	1	194
1776	59	1	198
1787	24	1	192
1801	69	1	194
1831	89	1	193
1833	40	1	197
1851	13	1	199
1874	24	1	192
1879	44	1	194
1885	22	1	190
1893	33	1	194
1922	21	1	196
1927	56	1	199
1961	9	1	199
2004	22	1	192
2013	9	1	196
2053	37	1	199
2059	270	1	196
2082	26	1	197
2108	52	1	194
2149	29	1	197
2188	68	1	198
2301	39	1	194
2306	17	1	196
2322	2	1	196
2414	7	1	190
2433	15	1	193
2464	7	1	197
2525	18	1	197
2625	15	1	197
2654	17	1	198
2752	18	1	197
2841	13	1	190
2844	10	2	197	198
2862	35	1	195
2884	33	1	193
2925	23	1	198
2987	10	2	198	199
2989	26	1	199
3009	26	1	193
3059	18	1	198
3119	3	1	192
3121	3	1	197
3145	3	1	197
3187	30	1	190
3189	12	1	197
3303	9	1	199
3325	6	1	196
3633	12	1	196
3638	6	1	196
3691	19	1	196
3744	3	1	194
3752	3	1	195
3874	9	1	197
3901	4	1	198
3985	11	1	196
4007	2	1	195
4354	1	1	192
4377	2	1	198
4412	3	1	196
4474	1	1	190
4714	3	1	193
5114	2	1	198
5239	1	1	190
5298	1	1	192
5531	2	1	196
5553	2	1	198
6030	1	1	190
6160	1	1	196
6219	1	1	196
