2	522	1	1535
3	402	1	1538
9	460	3	1534	1536	1538
17	35	1	1539
18	318	2	1532	1539
23	134	1	1538
31	254	1	1539
40	133	1	1538
49	124	1	1539
50	385	3	1532	1535	1538
54	733	3	1532	1535	1539
55	104	2	1534	1539
60	231	2	1532	1536
61	98	1	1536
63	91	1	1538
67	827	4	1534	1538	1538	1539
69	271	2	1534	1539
73	344	2	1532	1535
77	63	1	1536
87	54	1	1536
99	7	1	1534
103	237	1	1536
107	71	1	1538
112	118	2	1532	1535
115	225	1	1538
121	192	2	1532	1535
131	90	1	1538
143	116	1	1534
158	258	2	1534	1536
161	8	1	1538
167	516	2	1534	1539
172	79	1	1539
176	640	2	1534	1536
179	121	1	1539
180	221	2	1532	1535
181	147	1	1538
189	121	1	1538
193	215	2	1536	1539
197	42	1	1534
202	306	2	1534	1539
204	244	2	1534	1539
205	241	2	1534	1539
210	118	1	1536
230	248	1	1538
248	38	1	1532
258	112	1	1536
259	28	1	1536
260	98	1	1538
264	224	1	1538
276	69	1	1539
279	332	4	1532	1535	1536	1538
286	88	1	1536
291	260	1	1532
296	135	1	1538
299	113	1	1539
306	128	1	1539
335	232	1	1534
339	70	1	1538
340	24	1	1538
348	173	1	1538
349	48	1	1532
352	7	1	1534
359	233	2	1535	1536
364	15	1	1538
372	183	2	1538	1538
373	88	2	1532	1535
381	88	1	1534
384	205	1	1539
386	312	2	1532	1536
397	159	1	1535
402	165	1	1539
405	58	1	1534
407	48	1	1539
418	223	1	1536
420	126	1	1536
424	83	1	1539
448	41	1	1538
450	166	1	1536
451	209	1	1534
471	59	1	1536
475	194	1	1534
491	74	1	1536
492	134	2	1534	1538
494	29	1	1532
496	30	1	1539
499	36	1	1538
512	202	2	1534	1538
514	27	1	1538
522	291	1	1538
529	709	3	1534	1538	1539
530	78	1	1536
532	91	1	1534
533	26	1	1539
534	102	1	1539
537	231	1	1538
542	165	1	1534
544	101	1	1534
551	16	1	1536
556	69	1	1539
561	130	1	1536
567	59	1	1534
606	17	1	1535
619	31	1	1536
627	148	1	1534
635	84	1	1536
641	56	1	1539
645	227	1	1536
651	41	1	1534
657	49	1	1539
670	126	1	1536
678	28	1	1538
680	45	1	1536
688	133	1	1536
690	96	1	1539
698	8	1	1538
701	107	1	1534
703	75	1	1538
704	88	1	1536
707	212	1	1538
715	250	2	1534	1539
718	187	1	1534
721	216	2	1534	1539
728	31	1	1536
734	50	1	1532
751	166	1	1539
752	214	1	1534
764	51	1	1536
765	20	1	1535
769	124	1	1536
771	101	1	1535
777	114	1	1538
779	58	2	1534	1536
798	40	1	1538
809	10	1	1538
818	40	1	1538
829	34	1	1539
832	32	1	1538
848	100	1	1538
850	279	1	1536
852	37	1	1538
861	115	2	1534	1536
873	3	1	1534
880	14	1	1539
881	56	1	1534
884	150	1	1539
885	43	1	1538
894	39	1	1538
896	16	1	1538
900	67	1	1539
903	77	1	1534
910	11	1	1539
915	10	1	1538
944	54	1	1538
946	75	1	1535
961	65	1	1538
990	46	1	1538
998	101	1	1536
999	21	1	1538
1018	42	1	1539
1030	17	1	1539
1031	32	1	1539
1032	33	1	1536
1045	186	1	1538
1072	36	1	1536
1087	58	1	1534
1093	33	1	1538
1096	95	1	1535
1111	25	1	1532
1118	15	1	1534
1121	109	2	1532	1535
1123	25	1	1534
1124	70	1	1538
1136	55	1	1539
1153	11	1	1534
1157	3	1	1538
1159	31	1	1538
1166	30	1	1539
1177	54	1	1534
1187	18	1	1536
1209	24	1	1539
1227	42	1	1538
1232	48	1	1536
1233	59	1	1534
1247	39	1	1535
1252	88	2	1534	1539
1270	15	1	1536
1287	72	1	1536
1291	8	1	1534
1313	63	1	1538
1318	8	1	1538
1363	17	1	1538
1364	54	2	1532	1535
1368	147	1	1536
1378	114	1	1539
1399	39	1	1536
1414	282	2	1534	1539
1420	51	1	1536
1436	30	1	1538
1460	139	1	1534
1466	19	1	1539
1474	36	1	1539
1489	19	1	1538
1531	41	1	1536
1533	10	1	1534
1534	45	1	1534
1537	7	1	1538
1571	110	1	1536
1575	53	1	1536
1635	19	1	1538
1636	79	2	1538	1539
1665	13	1	1539
1669	7	1	1536
1685	67	1	1536
1756	6	1	1532
1797	64	1	1536
1817	59	1	1539
1821	27	1	1539
1826	31	1	1539
1836	10	1	1538
1855	122	1	1538
1949	9	1	1536
1976	26	1	1535
2037	41	1	1536
2053	37	1	1536
2059	270	2	1534	1536
2092	49	1	1538
2097	35	1	1538
2127	32	1	1534
2163	51	1	1536
2541	5	1	1539
2563	30	1	1534
2645	26	1	1539
2654	17	1	1536
2772	29	1	1534
2832	7	1	1536
2878	5	1	1538
2924	10	1	1539
2991	19	1	1536
3011	14	1	1538
3155	20	2	1532	1535
3192	12	1	1539
3217	16	1	1539
3238	5	1	1539
3242	6	1	1534
3265	4	1	1532
3311	4	1	1534
3402	10	1	1534
3406	7	1	1534
3613	4	1	1538
3617	2	1	1536
3633	12	1	1539
3751	14	1	1534
3951	9	1	1539
4655	1	1	1534
5281	1	1	1535
5405	3	1	1538
6049	1	1	1534
6062	1	1	1536
6184	1	1	1539
