2	522	3	1702	1704	1706
5	41	1	1702
8	114	1	1702
9	460	3	1702	1704	1706
11	20	1	1704
12	126	1	1706
14	136	1	1704
16	286	1	1706
18	318	2	1704	1706
20	70	1	1704
31	254	1	1706
48	257	1	1706
50	385	1	1706
54	733	3	1702	1704	1709
59	236	1	1706
60	231	1	1706
62	89	1	1706
67	827	2	1704	1706
71	218	2	1702	1706
73	344	1	1704
77	63	2	1704	1706
78	7	1	1706
96	113	1	1706
112	118	1	1702
133	113	1	1706
135	70	1	1704
137	73	1	1706
140	29	1	1704
141	95	2	1704	1706
142	23	1	1704
145	64	1	1704
153	49	1	1708
167	516	1	1706
176	640	1	1702
177	53	1	1706
180	221	2	1702	1706
193	215	1	1706
210	118	1	1702
225	185	1	1706
236	95	1	1706
238	93	1	1704
246	21	1	1706
252	193	2	1704	1706
258	112	1	1706
260	98	1	1704
262	57	1	1702
276	69	1	1706
278	49	1	1706
279	332	1	1702
283	25	1	1706
286	88	1	1702
311	42	1	1704
320	52	1	1702
328	122	1	1704
333	32	1	1706
337	15	1	1704
343	101	1	1706
359	233	2	1702	1704
373	88	1	1702
374	249	1	1706
383	13	1	1704
399	17	1	1704
416	106	1	1706
418	223	1	1709
419	6	1	1702
426	110	1	1704
450	166	1	1706
456	54	1	1704
460	155	1	1709
467	113	2	1702	1704
478	16	1	1706
482	42	1	1706
488	47	1	1706
490	261	1	1706
502	98	3	1702	1704	1706
515	94	2	1704	1706
519	77	2	1704	1706
529	709	1	1706
534	102	1	1706
542	165	1	1706
559	87	1	1704
561	130	1	1704
586	93	1	1706
597	193	1	1706
598	18	1	1704
627	148	1	1706
629	76	1	1704
632	61	2	1704	1706
645	227	2	1704	1706
649	30	1	1706
656	103	1	1702
658	64	1	1704
670	126	1	1706
680	45	1	1706
692	70	1	1706
714	205	2	1704	1706
721	216	1	1706
725	80	1	1706
730	17	1	1704
738	85	1	1706
747	93	1	1706
751	166	1	1706
760	41	1	1706
766	132	1	1706
769	124	2	1706	1709
770	58	1	1704
771	101	2	1706	1706
772	37	1	1704
785	71	3	1704	1706	1706
789	139	2	1702	1706
825	90	1	1706
830	8	1	1706
842	137	1	1704
850	279	1	1706
867	120	1	1706
884	150	1	1706
903	77	1	1704
938	13	1	1704
941	145	1	1706
943	38	1	1706
978	41	1	1709
983	184	1	1706
995	28	1	1702
997	19	2	1702	1706
998	101	1	1702
1000	66	1	1706
1036	59	1	1706
1041	49	1	1704
1047	144	3	1702	1706	1706
1052	117	2	1706	1706
1065	54	1	1706
1082	34	2	1706	1709
1084	7	1	1704
1096	95	1	1702
1100	8	1	1702
1111	25	1	1702
1129	83	1	1706
1149	42	1	1706
1187	18	1	1702
1189	121	1	1702
1198	42	1	1706
1229	58	1	1706
1232	48	1	1706
1251	27	1	1702
1256	59	1	1709
1286	28	1	1706
1293	32	1	1704
1299	66	1	1702
1311	2	1	1704
1322	36	1	1706
1339	5	1	1704
1343	8	1	1704
1346	87	1	1706
1364	54	1	1702
1368	147	2	1702	1706
1376	162	1	1704
1377	13	1	1706
1392	16	1	1704
1423	24	1	1706
1468	38	1	1704
1476	39	1	1706
1480	29	1	1702
1572	57	1	1702
1575	53	1	1702
1579	53	1	1704
1635	19	1	1708
1686	18	1	1706
1701	42	1	1702
1703	17	1	1704
1705	27	1	1706
1717	23	1	1704
1762	57	3	1702	1704	1706
1846	48	1	1709
1865	16	1	1704
1884	164	1	1706
1927	56	1	1702
1931	49	1	1706
2021	3	1	1709
2025	16	1	1704
2108	52	1	1706
2163	51	1	1704
2179	20	1	1704
2212	68	1	1702
2277	29	1	1704
2301	39	1	1706
2329	11	1	1706
2339	50	1	1706
2409	44	1	1704
2540	3	1	1704
2546	33	1	1706
2548	4	1	1709
2573	3	1	1704
2731	16	1	1704
2735	28	1	1704
2799	38	1	1704
2812	2	1	1704
2825	10	1	1704
2911	7	1	1704
2998	9	1	1706
3020	26	1	1706
3034	12	1	1704
3206	12	1	1704
3349	16	1	1704
3389	1	1	1704
3639	8	1	1704
3785	6	1	1704
3794	8	1	1702
3833	3	1	1704
3971	1	1	1702
3987	10	1	1704
4361	1	1	1704
4449	2	1	1706
4613	3	1	1704
4627	3	1	1704
4823	2	1	1704
4937	5	1	1704
4951	2	1	1704
5192	4	1	1704
6088	1	1	1704
