2	522	2	1583	1585
3	402	3	1581	1586	1588
8	114	1	1584
9	460	2	1581	1585
12	126	1	1583
16	286	1	1583
17	35	1	1583
18	318	1	1586
31	254	1	1583
36	62	1	1583
37	139	2	1582	1582
41	71	1	1581
46	63	1	1583
48	257	1	1583
49	124	1	1583
50	385	4	1581	1582	1583	1588
54	733	3	1583	1584	1585
60	231	1	1584
64	81	2	1586	1588
66	71	1	1581
67	827	3	1581	1583	1588
69	271	1	1586
71	218	1	1585
73	344	3	1583	1584	1585
74	65	1	1583
75	182	2	1588	1588
83	18	1	1584
93	42	1	1588
94	240	3	1582	1586	1586
96	113	1	1583
103	237	2	1584	1585
112	118	1	1585
132	187	1	1584
137	73	1	1583
144	23	1	1581
147	56	1	1586
149	63	2	1583	1585
156	205	1	1583
160	11	1	1586
162	75	2	1583	1584
166	10	1	1581
167	516	1	1583
169	194	1	1583
170	37	1	1582
171	137	1	1586
174	118	1	1581
176	640	2	1584	1586
179	121	1	1583
180	221	2	1584	1585
181	147	1	1588
189	121	1	1588
191	49	2	1582	1586
202	306	1	1586
204	244	1	1586
218	84	1	1582
219	42	1	1586
225	185	2	1584	1588
226	42	1	1584
230	248	1	1581
232	92	1	1588
236	95	1	1583
247	233	3	1582	1583	1586
250	19	1	1588
256	137	2	1581	1588
260	98	1	1583
261	105	2	1582	1586
264	224	1	1586
275	16	1	1582
279	332	2	1584	1585
284	18	1	1586
291	260	3	1584	1585	1588
293	151	1	1583
296	135	1	1586
298	69	1	1583
299	113	1	1583
310	11	1	1586
318	211	2	1582	1586
328	122	1	1585
332	31	1	1584
348	173	1	1581
357	12	1	1588
359	233	1	1585
362	45	1	1583
366	34	1	1583
372	183	1	1581
374	249	1	1583
379	46	1	1583
386	312	1	1586
387	11	1	1586
397	159	1	1581
400	38	1	1583
403	54	1	1588
416	106	2	1583	1585
418	223	1	1584
421	42	1	1584
422	36	1	1585
450	166	1	1581
475	194	1	1581
481	56	1	1583
490	261	1	1585
492	134	1	1583
494	29	1	1585
497	106	1	1586
499	36	1	1588
502	98	2	1584	1586
504	26	1	1581
508	72	1	1583
512	202	2	1581	1586
521	2	1	1583
522	291	2	1582	1586
529	709	1	1581
534	102	1	1583
537	231	1	1581
549	12	1	1586
557	69	2	1583	1586
576	117	1	1584
580	36	1	1586
594	125	1	1585
597	193	1	1583
668	49	1	1588
675	87	1	1581
697	100	2	1582	1586
703	75	1	1581
707	212	2	1582	1586
715	250	2	1586	1586
721	216	1	1583
725	80	1	1584
733	173	3	1582	1586	1588
738	85	1	1585
747	93	1	1583
751	166	1	1583
752	214	1	1586
765	20	1	1584
766	132	1	1586
767	49	1	1586
770	58	1	1585
777	114	2	1581	1588
790	49	1	1588
793	36	1	1586
795	16	1	1581
814	171	1	1584
823	115	1	1584
829	34	1	1583
838	18	1	1585
840	79	1	1584
844	317	1	1586
848	100	1	1581
850	279	2	1582	1585
867	120	1	1586
872	70	1	1586
879	19	1	1584
880	14	1	1583
884	150	1	1583
900	67	1	1583
905	125	1	1583
916	45	1	1584
921	113	1	1584
927	42	1	1584
941	145	2	1582	1583
942	92	1	1586
947	56	1	1586
948	190	1	1581
957	75	1	1581
961	65	1	1586
970	28	1	1583
983	184	1	1583
986	108	1	1583
987	2	1	1582
998	101	1	1584
1005	95	1	1581
1009	20	1	1586
1012	71	1	1584
1032	33	1	1583
1045	186	1	1581
1046	14	1	1582
1047	144	1	1584
1065	54	1	1583
1069	138	1	1586
1070	77	1	1588
1086	16	1	1584
1124	70	2	1588	1588
1133	39	1	1581
1136	55	1	1583
1146	31	1	1582
1195	153	1	1584
1197	24	1	1586
1207	66	1	1586
1209	24	1	1583
1213	80	1	1586
1216	108	1	1584
1223	27	1	1583
1224	81	1	1586
1227	42	1	1581
1229	58	1	1583
1256	59	1	1581
1262	38	1	1585
1274	63	1	1582
1282	51	1	1586
1287	72	1	1583
1318	8	1	1587
1346	87	1	1584
1361	2	1	1584
1368	147	2	1584	1585
1374	51	1	1583
1378	114	1	1585
1415	22	1	1584
1433	107	1	1583
1463	29	1	1581
1474	36	1	1583
1475	69	1	1583
1521	42	1	1586
1524	76	1	1584
1549	5	1	1584
1567	41	1	1586
1571	110	1	1584
1591	36	1	1582
1600	2	1	1585
1603	55	1	1584
1651	22	1	1584
1655	14	1	1581
1696	20	1	1586
1701	42	2	1584	1586
1742	90	1	1583
1762	57	1	1584
1777	9	1	1586
1787	24	1	1586
1820	9	1	1583
1850	33	1	1585
1855	122	1	1581
1879	44	1	1584
1884	164	1	1584
1888	8	1	1584
1891	2	1	1581
1925	40	1	1586
1931	49	1	1586
1945	57	2	1586	1588
1971	19	1	1584
1980	9	1	1586
1993	45	1	1583
2034	34	1	1586
2037	41	1	1584
2046	105	1	1584
2048	31	1	1585
2059	270	1	1584
2061	1	1	1584
2078	45	1	1583
2092	49	1	1588
2095	12	1	1583
2112	35	1	1584
2158	5	1	1584
2160	82	1	1584
2170	35	2	1586	1588
2172	26	1	1584
2192	26	1	1583
2212	68	2	1584	1585
2217	3	1	1582
2235	14	1	1583
2280	21	1	1588
2300	14	1	1584
2310	13	1	1586
2348	47	1	1583
2387	12	1	1584
2409	44	1	1585
2437	13	1	1583
2440	12	1	1588
2448	26	1	1583
2454	58	1	1583
2472	12	1	1584
2479	50	1	1583
2488	13	1	1588
2512	8	1	1588
2516	4	1	1584
2553	21	1	1585
2558	10	1	1581
2599	27	1	1581
2611	5	1	1584
2627	31	1	1583
2664	13	1	1588
2717	13	1	1581
2749	26	1	1584
2788	24	1	1581
2826	7	1	1584
2842	15	1	1583
2882	13	1	1584
3053	8	1	1584
3059	18	1	1584
3065	12	1	1582
3114	10	1	1581
3198	7	1	1581
3226	1	1	1581
3250	13	1	1583
3271	3	1	1584
3331	18	1	1588
3357	1	1	1584
3358	10	1	1586
3397	8	1	1586
3414	12	1	1586
3433	18	1	1588
3486	5	1	1588
3497	18	1	1583
3533	2	1	1583
3540	2	1	1581
3575	14	1	1583
3580	11	1	1586
3593	6	1	1588
3613	4	1	1581
3630	3	1	1584
3710	8	1	1586
3836	2	1	1582
3901	4	1	1584
3970	1	1	1584
4035	1	1	1584
4062	4	1	1584
4129	3	1	1582
4238	1	1	1584
4239	3	1	1582
4256	1	1	1583
4284	7	1	1583
4295	2	1	1581
4457	10	1	1584
4498	1	1	1588
4743	2	2	1584	1588
4821	1	1	1584
4862	3	1	1581
5203	1	1	1584
5397	1	1	1586
5638	1	1	1584
