14	136	1	2853
20	70	1	2853
54	733	3	2852	2853	2858
65	159	1	2852
71	218	1	2852
73	344	2	2852	2858
79	87	2	2853	2856
158	258	2	2853	2856
176	640	1	2852
210	118	1	2858
213	56	1	2852
279	332	2	2852	2858
286	88	1	2856
333	32	1	2856
349	48	1	2858
359	233	1	2858
397	159	1	2858
418	223	2	2852	2853
420	126	2	2852	2858
428	52	1	2856
515	94	1	2856
559	87	1	2856
576	117	1	2853
584	69	1	2853
770	58	1	2856
771	101	1	2858
823	115	2	2852	2858
840	79	1	2853
842	137	1	2858
992	68	1	2856
998	101	1	2856
1121	109	1	2852
1195	153	1	2856
1216	108	2	2852	2858
1261	54	3	2853	2856	2858
1376	162	2	2853	2856
1468	38	1	2856
1520	35	1	2858
1573	59	2	2852	2858
1685	67	1	2858
1703	17	1	2856
1726	27	1	2853
1740	30	1	2856
1831	89	1	2853
1876	10	1	2858
1893	33	1	2852
2046	105	1	2856
2231	62	1	2858
2424	28	1	2853
2884	33	1	2853
3009	26	1	2853
