1	3	1	255
2	522	2	251	255
3	402	1	257
5	41	1	253
9	460	1	255
16	286	1	251
18	318	2	251	255
20	70	1	252
31	254	2	250	251
37	139	1	250
44	85	2	255	255
46	63	1	251
48	257	2	255	257
53	219	1	250
54	733	5	251	252	255	255	259
60	231	2	255	255
61	98	1	253
65	159	1	253
66	71	2	251	257
67	827	2	251	257
69	271	1	251
73	344	1	255
75	182	1	257
79	87	1	252
89	39	1	252
93	42	1	256
94	240	1	250
98	6	1	250
117	36	1	251
119	32	1	251
121	192	1	255
126	41	1	250
133	113	1	259
135	70	3	253	255	259
141	95	1	253
153	49	1	257
156	205	1	255
157	64	1	257
158	258	1	252
167	516	2	250	251
169	194	1	250
171	137	1	256
172	79	1	257
174	118	1	257
176	640	3	250	253	257
178	55	1	252
180	221	1	255
181	147	2	250	257
193	215	1	252
196	93	1	250
202	306	1	250
203	36	1	250
204	244	2	250	251
205	241	1	251
207	14	1	250
213	56	1	255
215	8	1	255
218	84	1	250
225	185	1	253
226	42	1	255
230	248	1	257
238	93	1	255
247	233	2	251	257
250	19	1	251
251	11	1	250
252	193	2	253	255
254	20	1	255
256	137	1	257
258	112	1	259
260	98	1	255
279	332	2	253	255
281	15	1	255
285	237	1	250
291	260	1	255
296	135	1	250
303	42	1	255
308	9	1	251
320	52	1	255
328	122	1	255
332	31	1	255
335	232	1	251
336	30	1	250
349	48	2	255	255
372	183	1	257
373	88	1	255
384	205	1	251
386	312	4	253	255	255	259
399	17	1	255
401	34	1	251
402	165	1	251
416	106	1	255
418	223	4	252	255	255	259
426	110	2	252	255
450	166	2	250	256
451	209	3	250	251	255
455	29	1	250
460	155	1	255
466	47	1	259
475	194	1	257
482	42	1	250
486	41	1	257
488	47	1	250
490	261	1	255
491	74	1	253
492	134	2	250	251
500	15	1	251
510	111	1	257
524	56	1	250
529	709	3	250	251	255
530	78	2	253	255
532	91	1	251
537	231	2	256	257
544	101	1	251
558	64	2	250	251
560	6	1	253
561	130	1	253
568	25	1	255
576	117	1	255
577	29	1	255
584	69	1	255
592	32	1	255
597	193	2	250	251
599	69	1	255
612	55	1	255
615	9	1	251
616	40	1	255
632	61	1	253
635	84	1	253
643	68	1	250
645	227	1	253
655	50	1	251
670	126	1	253
692	70	1	251
694	90	1	251
695	143	1	251
701	107	1	251
703	75	1	256
704	88	1	253
707	212	1	250
710	84	2	255	259
714	205	2	255	255
721	216	1	251
726	27	1	253
727	23	1	255
733	173	1	250
734	50	1	251
738	85	1	255
752	214	2	250	251
766	132	1	250
769	124	3	253	255	255
770	58	1	253
774	5	1	255
779	58	1	259
780	8	1	255
789	139	1	253
790	49	1	256
798	40	1	256
806	50	1	250
814	171	3	255	255	257
824	85	1	251
840	79	2	255	255
842	137	2	255	255
844	317	1	250
850	279	2	251	255
864	50	1	251
873	3	1	251
879	19	1	255
885	43	1	250
899	65	1	250
905	125	1	251
921	113	2	255	255
948	190	2	253	255
949	14	1	255
980	24	1	255
986	108	1	251
990	46	1	255
991	20	1	253
992	68	2	252	253
993	36	1	255
997	19	1	255
998	101	3	250	255	255
1002	106	2	255	255
1011	60	1	251
1034	28	1	255
1036	59	2	255	255
1045	186	2	250	257
1047	144	1	253
1049	26	1	255
1052	117	2	255	255
1061	5	1	255
1070	77	1	256
1075	120	1	257
1079	24	1	253
1080	23	1	250
1087	58	1	251
1096	95	1	255
1101	36	1	251
1103	34	1	255
1111	25	2	253	255
1124	70	1	256
1128	48	1	253
1130	157	1	259
1147	23	1	251
1158	20	2	255	255
1177	54	2	250	251
1179	54	1	251
1187	18	1	253
1188	36	1	251
1189	121	1	255
1195	153	1	259
1200	5	1	256
1221	7	1	251
1222	6	1	250
1232	48	1	255
1233	59	1	251
1236	16	1	255
1257	18	1	251
1263	9	1	257
1284	46	1	250
1297	52	1	255
1321	63	1	251
1336	48	2	252	253
1337	58	1	253
1343	8	1	255
1365	53	1	251
1368	147	3	253	255	259
1376	162	1	252
1389	30	1	251
1399	39	2	253	255
1415	22	1	255
1424	57	1	259
1464	27	1	255
1504	41	1	259
1505	30	1	257
1512	23	1	253
1517	3	1	250
1521	42	1	250
1524	76	2	255	255
1527	51	1	255
1531	41	1	253
1532	27	2	251	255
1536	15	1	259
1540	32	1	253
1542	16	1	255
1559	1	1	255
1571	110	1	253
1578	24	1	255
1603	55	2	255	255
1604	20	1	250
1635	19	1	256
1636	79	1	250
1640	2	2	255	255
1653	56	1	256
1658	6	1	255
1700	1	1	253
1701	42	2	250	255
1708	20	1	257
1720	15	2	255	255
1726	27	1	252
1739	16	3	253	255	255
1762	57	1	255
1781	20	1	255
1799	2	1	253
1801	69	1	255
1812	39	1	252
1814	16	2	255	255
1831	89	1	252
1862	28	1	255
1884	164	1	250
1888	8	1	255
1895	24	1	253
1905	34	1	255
1920	16	1	253
1927	56	2	253	255
1945	57	1	250
1947	5	1	257
2026	23	1	259
2037	41	1	253
2059	270	1	255
2097	35	1	250
2111	28	2	255	255
2117	2	1	250
2120	24	2	255	255
2128	52	1	251
2143	9	1	251
2144	30	1	255
2154	29	2	255	255
2160	82	1	253
2188	68	1	255
2212	68	1	255
2231	62	1	255
2237	21	1	257
2255	37	1	253
2300	14	1	255
2312	13	1	257
2339	50	1	251
2368	50	1	252
2381	49	1	251
2424	28	1	259
2440	12	1	256
2469	45	1	250
2472	12	1	255
2480	2	1	255
2502	9	2	255	255
2527	28	1	257
2546	33	1	257
2564	5	1	257
2574	5	1	257
2601	12	1	255
2675	17	1	257
2707	8	2	255	255
2722	8	1	250
2728	3	1	255
2750	11	1	255
2760	4	1	257
2808	27	1	251
2832	7	1	253
2862	35	2	255	255
2864	30	1	250
2872	13	1	257
2879	5	1	251
2883	23	1	251
2884	33	1	252
2905	30	1	251
2925	23	1	255
2932	8	1	250
2980	11	1	255
2990	19	2	255	255
3001	9	1	250
3039	11	1	250
3040	1	1	255
3082	1	1	255
3089	6	1	251
3090	2	1	259
3095	3	1	257
3128	22	1	255
3144	2	1	250
3168	23	1	250
3187	30	1	257
3197	13	1	255
3201	14	1	250
3205	1	1	255
3220	2	2	255	259
3240	12	1	255
3265	4	1	255
3304	11	1	250
3330	3	1	255
3368	17	1	257
3375	4	1	255
3405	1	1	255
3435	16	1	255
3458	7	1	259
3547	3	1	255
3587	3	1	255
3719	10	1	251
3767	4	1	257
3785	6	1	253
3794	8	1	255
3829	2	1	255
3846	5	1	255
3853	8	1	255
3981	6	1	255
4026	1	1	250
4041	4	1	253
4240	3	1	250
4245	8	1	255
4303	2	1	250
4330	3	2	255	255
4444	1	1	251
4478	4	1	250
4713	9	1	255
4714	3	1	252
4804	2	1	251
4934	1	1	255
5127	1	1	256
5409	1	1	255
5414	2	2	255	255
5506	1	1	255
5544	1	1	250
5625	2	1	255
5690	1	1	255
5711	2	1	255
5886	1	1	257
5906	1	1	253
5972	1	1	255
6024	1	1	255
6059	2	1	255
6215	1	1	250
