2	522	1	1440
3	402	2	1447	1447
10	30	1	1444
14	136	1	1449
18	318	2	1440	1443
20	70	1	1442
22	52	1	1446
28	25	2	1447	1447
31	254	1	1440
40	133	1	1447
42	52	1	1447
48	257	1	1440
50	385	1	1443
52	57	1	1447
53	219	2	1446	1447
54	733	3	1442	1444	1445
60	231	1	1440
67	827	3	1440	1447	1447
71	218	1	1440
73	344	1	1440
75	182	2	1447	1447
79	87	1	1442
87	54	1	1445
94	240	1	1443
100	35	1	1440
103	237	2	1443	1446
106	27	1	1447
107	71	1	1447
115	225	2	1446	1447
121	192	1	1440
127	31	2	1447	1447
132	187	2	1440	1443
140	29	1	1446
141	95	1	1447
143	116	2	1447	1447
145	64	1	1445
153	49	1	1447
167	516	3	1440	1443	1446
171	137	2	1447	1447
172	79	1	1440
176	640	4	1443	1444	1445	1446
178	55	1	1442
181	147	1	1447
182	53	1	1443
183	160	1	1443
189	121	1	1447
191	49	1	1443
193	215	1	1446
195	21	1	1445
202	306	2	1443	1446
204	244	2	1443	1446
205	241	1	1443
213	56	1	1445
218	84	1	1446
229	118	1	1443
230	248	2	1447	1447
237	14	1	1440
238	93	1	1440
247	233	1	1447
251	11	1	1443
258	112	1	1445
264	224	1	1443
272	63	1	1445
276	69	1	1446
285	237	2	1446	1447
286	88	2	1445	1449
289	18	1	1443
291	260	2	1440	1447
293	151	1	1449
296	135	1	1447
306	128	1	1446
318	211	1	1443
319	45	2	1447	1447
348	173	1	1446
357	12	1	1447
372	183	1	1447
381	88	1	1443
393	119	1	1447
398	22	1	1445
418	223	2	1442	1445
422	36	1	1446
426	110	1	1442
435	71	1	1443
444	28	1	1446
450	166	1	1447
497	106	1	1447
502	98	1	1443
504	26	1	1447
508	72	1	1443
512	202	3	1443	1447	1449
519	77	1	1445
522	291	3	1443	1446	1449
529	709	2	1440	1443
537	231	1	1447
542	165	1	1440
545	70	1	1447
555	72	1	1443
558	64	1	1440
569	13	1	1445
576	117	1	1442
595	120	1	1447
627	148	1	1440
629	76	1	1440
645	227	1	1440
647	29	1	1446
668	49	2	1447	1447
670	126	1	1445
697	100	2	1443	1446
701	107	1	1443
703	75	1	1447
707	212	1	1447
721	216	1	1443
733	173	1	1447
752	214	1	1447
766	132	1	1443
769	124	1	1446
773	57	1	1446
777	114	1	1447
790	49	1	1447
805	16	1	1446
814	171	1	1449
824	85	1	1449
828	15	1	1446
840	79	1	1442
844	317	2	1443	1446
846	96	1	1443
848	100	1	1447
852	37	1	1447
863	27	1	1446
867	120	1	1440
884	150	1	1440
921	113	1	1445
927	42	1	1449
928	29	1	1449
930	39	1	1446
932	22	1	1446
942	92	1	1447
944	54	1	1447
946	75	2	1444	1445
976	75	1	1440
978	41	1	1445
983	184	1	1440
992	68	1	1442
1002	106	1	1445
1009	20	1	1443
1038	15	1	1443
1045	186	2	1443	1446
1047	144	2	1440	1445
1063	30	1	1443
1072	36	1	1440
1074	38	1	1440
1094	99	1	1446
1101	36	1	1449
1108	92	1	1440
1122	40	1	1446
1124	70	1	1447
1129	83	1	1446
1130	157	1	1444
1133	39	1	1446
1195	153	2	1442	1443
1198	42	1	1440
1207	66	1	1447
1211	10	1	1445
1213	80	2	1447	1447
1224	81	1	1447
1227	42	1	1447
1232	48	1	1445
1238	23	1	1443
1248	42	1	1449
1260	12	1	1440
1261	54	1	1442
1270	15	1	1445
1274	63	1	1446
1278	14	1	1443
1283	31	1	1443
1293	32	1	1445
1298	9	1	1445
1341	21	1	1444
1344	47	1	1449
1359	8	1	1446
1376	162	1	1442
1377	13	1	1445
1414	282	4	1443	1444	1445	1446
1424	57	1	1444
1448	3	1	1449
1457	25	1	1445
1460	139	2	1443	1446
1476	39	1	1440
1500	52	1	1443
1502	11	1	1447
1519	120	1	1440
1520	35	1	1445
1521	42	2	1447	1447
1530	15	1	1440
1536	15	1	1445
1540	32	1	1445
1566	23	1	1440
1575	53	1	1445
1580	58	1	1447
1629	73	1	1443
1662	47	2	1443	1446
1696	20	1	1446
1742	90	1	1446
1753	40	1	1440
1776	59	1	1449
1808	47	1	1440
1812	39	1	1442
1826	31	1	1449
1831	89	1	1442
1846	48	1	1444
1853	37	1	1447
1874	24	1	1446
1884	164	1	1445
1912	18	1	1443
1925	40	1	1443
1939	66	1	1440
1945	57	1	1447
1952	15	1	1447
1972	10	1	1447
2026	23	1	1444
2030	4	1	1449
2034	34	1	1446
2045	21	1	1443
2046	105	1	1442
2059	270	2	1445	1449
2090	22	1	1447
2098	14	1	1447
2108	52	1	1445
2120	24	1	1445
2135	17	1	1440
2139	15	1	1447
2154	29	1	1445
2158	5	1	1449
2179	20	1	1445
2185	10	1	1445
2194	23	1	1443
2203	23	1	1446
2230	13	1	1449
2301	39	1	1445
2314	24	1	1449
2407	8	1	1443
2464	7	1	1449
2530	13	1	1449
2556	29	1	1446
2557	10	1	1444
2649	10	1	1443
2676	6	1	1449
2693	25	1	1440
2739	11	1	1443
2837	2	1	1445
2881	16	1	1443
2884	33	1	1447
2906	31	1	1446
2932	8	1	1443
3036	6	1	1444
3090	2	1	1444
3302	5	1	1447
3423	2	1	1446
3426	10	1	1443
3458	7	1	1445
3486	5	1	1447
3515	7	1	1446
3525	6	1	1445
3543	7	1	1443
3597	2	1	1449
3599	5	1	1446
3650	3	1	1449
3659	1	1	1449
3855	6	1	1445
3869	3	1	1446
3930	2	1	1447
4023	5	1	1447
4367	2	1	1449
4384	7	1	1445
4737	1	1	1440
5181	10	1	1445
5901	1	1	1445
6192	1	1	1445
