2	522	1	311
3	402	3	314	315	318
9	460	4	311	313	315	318
12	126	1	313
16	286	1	315
18	318	1	318
19	91	1	311
23	134	2	311	317
31	254	1	311
37	139	2	311	319
50	385	1	313
53	219	2	315	318
54	733	2	311	313
60	231	1	311
63	91	2	314	315
64	81	2	317	318
66	71	1	311
67	827	2	315	317
69	271	3	311	314	315
72	17	1	311
73	344	1	311
75	182	3	314	315	317
77	63	1	311
93	42	2	314	315
94	240	4	311	314	317	318
103	237	2	311	319
107	71	2	315	318
112	118	1	313
115	225	3	315	317	318
117	36	1	311
118	60	1	311
120	19	1	315
121	192	2	311	313
132	187	2	311	318
143	116	1	318
151	39	2	311	315
152	15	1	315
153	49	1	317
156	205	1	318
162	75	1	311
167	516	2	318	319
169	194	1	315
171	137	2	311	318
174	118	1	319
176	640	4	311	315	317	318
177	53	1	311
180	221	1	315
181	147	1	318
182	53	1	318
183	160	1	311
189	121	2	314	317
191	49	1	311
195	21	1	311
196	93	1	311
202	306	1	311
204	244	3	311	315	318
205	241	3	311	317	318
206	29	1	318
207	14	1	318
218	84	1	311
219	42	1	318
226	42	1	311
230	248	2	318	319
237	14	1	311
240	128	1	315
247	233	1	311
252	193	1	311
256	137	1	317
260	98	2	311	318
261	105	2	311	315
264	224	4	314	315	318	319
267	58	1	318
276	69	1	311
278	49	1	311
279	332	2	311	313
285	237	2	311	319
291	260	1	314
294	72	1	318
296	135	1	318
300	4	1	311
303	42	1	311
306	128	1	311
310	11	1	311
312	2	1	313
314	31	1	315
316	6	1	317
318	211	2	315	319
319	45	1	318
324	9	1	314
336	30	1	311
339	70	1	317
348	173	2	311	315
349	48	1	311
353	61	1	311
363	9	1	311
373	88	1	313
379	46	1	311
380	42	1	311
383	13	1	311
384	205	1	319
388	35	1	311
393	119	1	315
395	34	1	311
397	159	1	313
403	54	2	314	319
409	36	1	311
410	48	1	313
416	106	1	311
435	71	1	311
448	41	1	315
450	166	2	315	318
454	79	1	317
462	26	1	317
465	79	2	315	318
475	194	2	311	317
488	47	1	311
489	19	1	311
493	75	3	315	318	319
497	106	2	315	318
510	111	2	314	317
511	13	1	311
512	202	1	319
514	27	1	311
515	94	1	311
518	31	1	311
522	291	4	311	315	318	319
523	35	2	311	317
528	45	1	311
529	709	3	315	317	318
546	39	1	315
555	72	1	311
557	69	1	318
561	130	1	313
564	50	2	318	319
572	29	1	311
576	117	1	311
578	12	1	311
585	4	1	311
586	93	1	311
594	125	1	311
595	120	1	318
597	193	1	311
612	55	1	311
616	40	1	311
626	28	1	311
634	18	1	311
643	68	2	318	319
647	29	1	315
649	30	1	311
652	57	1	315
664	91	1	311
667	16	2	315	318
694	90	1	311
695	143	1	311
699	43	1	311
704	88	1	311
707	212	2	311	318
715	250	3	311	314	318
718	187	1	315
721	216	1	311
732	45	1	311
733	173	3	315	318	319
741	9	1	311
748	4	1	317
749	62	3	311	315	318
752	214	2	315	318
766	132	2	311	315
789	139	2	311	319
790	49	1	315
791	13	1	311
793	36	1	311
794	8	1	315
797	35	1	311
800	36	1	311
806	50	1	314
814	171	1	311
820	36	1	318
824	85	1	311
828	15	1	311
844	317	3	311	315	318
848	100	1	317
850	279	2	311	319
853	19	1	319
861	115	1	311
862	52	2	317	319
870	28	1	311
874	11	1	311
878	39	1	311
881	56	1	311
884	150	1	311
885	43	1	311
891	23	1	311
892	38	1	314
899	65	1	311
912	41	1	311
925	46	2	311	318
927	42	1	311
934	101	3	311	315	318
936	52	1	315
941	145	1	311
942	92	2	311	318
945	49	1	318
948	190	1	311
961	65	2	314	315
978	41	1	313
983	184	2	318	319
984	18	1	311
990	46	1	311
1002	106	2	311	315
1003	15	1	318
1017	20	1	311
1031	32	2	311	315
1045	186	2	311	317
1047	144	1	311
1049	26	1	311
1050	29	1	318
1058	177	5	311	314	315	318	319
1065	54	1	311
1075	120	2	315	318
1118	15	1	311
1123	25	1	311
1124	70	1	314
1129	83	1	311
1131	47	1	311
1146	31	1	311
1148	78	1	313
1156	82	1	311
1177	54	1	311
1195	153	1	315
1197	24	2	311	318
1200	5	1	311
1207	66	1	314
1213	80	3	314	318	319
1229	58	1	311
1239	6	1	311
1242	42	2	311	315
1245	18	1	317
1248	42	1	311
1262	38	1	314
1263	9	1	317
1264	22	1	317
1265	9	1	317
1269	41	1	311
1280	57	1	314
1288	16	1	311
1300	40	1	311
1332	7	1	314
1342	44	1	311
1346	87	1	311
1350	30	1	319
1414	282	1	311
1436	30	1	311
1440	9	1	311
1453	38	1	311
1457	25	1	311
1460	139	1	311
1467	8	1	318
1481	10	1	311
1486	7	1	311
1521	42	1	315
1524	76	1	311
1541	26	1	318
1546	32	1	311
1561	45	1	315
1563	11	1	311
1567	41	1	315
1580	58	1	314
1582	74	1	311
1604	20	1	311
1606	9	1	318
1623	24	2	311	315
1629	73	1	311
1653	56	1	318
1679	15	1	311
1693	9	1	319
1695	47	1	319
1696	20	1	311
1701	42	1	311
1736	69	1	311
1742	90	1	311
1743	55	1	315
1754	77	1	313
1769	16	1	311
1776	59	1	311
1781	20	1	311
1797	64	1	311
1816	5	1	318
1818	4	1	311
1824	17	1	311
1831	89	1	311
1833	40	1	318
1846	48	1	311
1851	13	1	311
1853	37	1	314
1872	24	1	311
1884	164	1	311
1885	22	1	315
1886	32	1	313
1905	34	1	311
1916	75	1	311
1937	53	2	311	315
1959	23	1	311
2001	6	1	318
2004	22	1	311
2015	51	1	317
2034	34	1	311
2059	270	2	311	315
2075	48	2	315	318
2092	49	1	314
2097	35	1	314
2108	52	1	311
2128	52	1	311
2186	42	1	311
2212	68	1	311
2237	21	1	317
2255	37	1	315
2284	8	1	317
2293	4	1	315
2302	55	1	311
2310	13	1	311
2350	8	1	311
2361	2	1	311
2407	8	1	314
2414	7	1	311
2449	23	1	315
2458	44	2	311	315
2469	45	1	319
2470	26	1	314
2477	14	1	317
2521	17	1	311
2533	14	1	315
2544	3	1	318
2556	29	1	311
2566	10	1	311
2568	43	1	313
2620	25	1	311
2675	17	1	317
2703	10	1	315
2720	19	1	317
2734	2	1	311
2767	23	1	311
2777	3	1	318
2785	10	1	311
2827	7	1	311
2862	35	1	311
2929	2	1	311
2972	14	1	311
2996	7	1	311
3003	3	1	311
3011	14	1	317
3105	4	1	317
3110	2	1	311
3112	3	1	311
3186	2	1	311
3211	15	1	311
3232	13	1	311
3246	8	1	311
3267	3	1	311
3299	1	1	317
3323	38	1	311
3329	1	1	317
3331	18	1	314
3358	10	1	311
3392	16	1	315
3404	1	1	315
3445	5	1	311
3461	1	1	315
3580	11	1	311
3646	4	1	319
3658	4	1	311
3675	1	1	315
3710	8	1	318
3772	1	1	311
3778	10	1	317
3790	5	1	311
3862	1	1	311
3867	8	1	311
3883	3	1	315
3905	3	1	311
3949	2	1	311
3989	16	1	311
4008	2	1	311
4021	3	1	311
4037	12	1	315
4140	3	1	311
4241	4	1	311
4245	8	1	311
4324	1	1	311
4330	3	1	311
4392	2	1	311
4396	2	1	311
4424	1	1	311
4443	3	1	317
4522	1	1	311
4600	7	1	311
4620	5	1	317
4706	3	1	311
4719	1	1	319
4724	1	1	317
4751	1	1	311
4778	3	1	311
4984	1	1	311
5140	1	1	311
5194	1	1	311
5282	2	1	315
5371	2	1	311
5471	5	1	319
5476	1	1	313
5791	2	1	315
5821	1	1	311
6007	1	1	314
6128	1	1	311
6167	1	1	314
