2	522	2	1354	1356
3	402	2	1351	1353
8	114	1	1354
9	460	3	1354	1356	1358
11	20	1	1354
14	136	1	1351
16	286	2	1350	1351
18	318	2	1350	1356
29	22	1	1354
31	254	2	1350	1358
36	62	1	1350
48	257	1	1350
50	385	2	1351	1356
53	219	1	1353
54	733	3	1350	1354	1356
55	104	2	1350	1353
59	236	2	1354	1356
60	231	1	1356
61	98	1	1354
63	91	1	1351
67	827	5	1350	1350	1351	1353	1358
69	271	2	1350	1358
71	218	1	1356
72	17	1	1354
73	344	1	1356
78	7	1	1354
85	34	1	1356
87	54	2	1354	1356
93	42	1	1353
103	237	1	1350
107	71	1	1353
110	43	1	1356
112	118	1	1354
121	192	2	1354	1356
122	100	1	1350
124	13	1	1354
133	113	1	1356
143	116	1	1353
150	16	1	1358
151	39	1	1351
152	15	1	1351
167	516	3	1350	1353	1358
169	194	1	1353
171	137	1	1358
174	118	1	1351
176	640	3	1353	1354	1356
179	121	1	1350
181	147	2	1351	1353
183	160	1	1358
189	121	1	1351
193	215	1	1350
198	33	1	1356
202	306	2	1350	1358
204	244	1	1358
205	241	2	1350	1358
210	118	2	1354	1356
218	84	1	1358
225	185	2	1354	1356
226	42	1	1356
230	248	1	1353
232	92	1	1353
247	233	1	1353
252	193	1	1358
261	105	1	1351
262	57	1	1350
264	224	1	1353
279	332	2	1354	1356
286	88	1	1356
293	151	1	1358
294	72	1	1353
299	113	2	1350	1358
315	40	1	1353
318	211	2	1351	1353
321	104	1	1356
332	31	1	1356
335	232	1	1350
345	54	1	1356
359	233	1	1356
373	88	2	1354	1356
374	249	2	1350	1358
384	205	2	1351	1358
386	312	3	1351	1354	1356
392	34	1	1353
393	119	2	1351	1353
397	159	2	1354	1356
398	22	1	1354
401	34	2	1350	1358
402	165	2	1350	1358
403	54	1	1353
407	48	1	1350
410	48	2	1354	1356
424	83	1	1350
430	13	1	1353
437	26	1	1350
441	80	1	1351
451	209	1	1358
460	155	1	1358
465	79	1	1358
467	113	1	1356
471	59	1	1354
475	194	1	1358
484	23	1	1356
486	41	1	1358
491	74	1	1356
492	134	1	1354
493	75	1	1353
496	30	1	1350
502	98	1	1356
520	80	1	1358
522	291	1	1353
524	56	1	1358
529	709	3	1350	1353	1358
537	231	1	1358
542	165	1	1358
544	101	1	1358
545	70	1	1351
555	72	2	1350	1351
556	69	1	1350
561	130	1	1356
564	50	1	1358
568	25	1	1356
576	117	1	1356
579	24	1	1358
595	120	2	1351	1353
597	193	1	1350
606	17	1	1354
627	148	1	1358
641	56	1	1350
642	7	2	1350	1351
645	227	1	1350
656	103	2	1350	1356
670	126	1	1356
688	133	1	1358
692	70	1	1356
694	90	1	1358
701	107	1	1358
715	250	1	1358
718	187	2	1351	1358
725	80	1	1356
732	45	1	1351
733	173	1	1357
747	93	1	1350
751	166	1	1350
752	214	1	1358
771	101	1	1354
785	71	1	1356
789	139	2	1354	1356
800	36	1	1354
814	171	1	1356
829	34	1	1350
843	51	1	1351
844	317	3	1351	1353	1358
861	115	1	1358
875	11	1	1350
878	39	1	1356
879	19	1	1356
910	11	1	1350
921	113	2	1351	1356
934	101	1	1358
935	17	1	1356
941	145	1	1350
947	56	1	1353
948	190	2	1350	1356
961	65	1	1353
971	24	1	1351
983	184	1	1353
986	108	1	1350
998	101	1	1356
1002	106	1	1351
1034	28	1	1354
1045	186	1	1358
1047	144	1	1356
1058	177	2	1351	1353
1069	138	2	1350	1358
1075	120	1	1353
1086	16	1	1354
1096	95	2	1354	1356
1121	109	1	1356
1123	25	1	1358
1124	70	1	1353
1179	54	1	1358
1184	105	2	1351	1353
1189	121	1	1354
1195	153	1	1356
1213	80	1	1352
1216	108	1	1356
1225	4	1	1356
1226	4	1	1356
1251	27	2	1354	1356
1284	46	1	1350
1299	66	1	1354
1313	63	1	1351
1321	63	1	1358
1326	30	1	1351
1344	47	1	1358
1352	4	1	1353
1360	64	2	1354	1356
1364	54	1	1354
1368	147	1	1356
1389	30	1	1354
1400	19	1	1350
1414	282	3	1350	1354	1356
1433	107	1	1356
1436	30	1	1351
1469	13	1	1354
1475	69	1	1350
1476	39	1	1358
1477	39	1	1350
1483	15	1	1356
1520	35	1	1350
1524	76	1	1356
1571	110	1	1356
1584	12	1	1356
1603	55	1	1356
1630	15	1	1351
1636	79	1	1350
1651	22	1	1356
1685	67	1	1356
1706	10	1	1354
1729	76	1	1350
1736	69	1	1353
1769	16	1	1351
1797	64	2	1353	1354
1817	59	1	1350
1819	4	1	1358
1837	18	1	1353
1846	48	2	1351	1358
1853	37	1	1351
1883	10	1	1350
2004	22	1	1358
2058	37	1	1353
2059	270	1	1356
2075	48	1	1351
2082	26	1	1351
2097	35	1	1351
2185	10	1	1354
2188	68	1	1356
2202	9	1	1358
2239	27	1	1354
2242	27	1	1354
2247	22	1	1356
2280	21	1	1353
2326	33	1	1358
2454	58	1	1350
2458	44	1	1358
2469	45	1	1353
2473	14	1	1358
2479	50	1	1350
2525	18	1	1358
2563	30	1	1350
2650	18	1	1350
2672	13	1	1353
2826	7	1	1356
2857	19	1	1353
2864	30	1	1351
2874	4	1	1356
2989	26	1	1356
3062	13	1	1351
3074	8	1	1356
3168	23	1	1350
3201	14	1	1351
3210	1	1	1354
3216	6	1	1351
3229	1	1	1354
3252	12	1	1350
3350	8	1	1358
3483	5	1	1354
3554	4	1	1358
3628	1	1	1353
3654	17	1	1358
3667	4	1	1353
3678	1	1	1356
3740	1	1	1356
3762	6	1	1354
3786	6	1	1351
3911	3	1	1356
4085	2	1	1354
4177	7	1	1353
4628	3	1	1352
4936	5	1	1356
5015	2	1	1353
5411	2	1	1354
5449	1	1	1354
5474	1	1	1354
5625	2	1	1354
5668	2	1	1356
5735	1	1	1354
6211	1	1	1356
