2	522	1	846
3	402	5	843	843	845	846	849
5	41	1	841
9	460	1	846
10	30	1	840
16	286	2	843	846
18	318	1	846
23	134	1	846
28	25	2	843	846
31	254	1	846
40	133	2	843	849
48	257	1	849
50	385	2	843	849
53	219	2	845	846
54	733	1	841
59	236	1	842
62	89	1	849
63	91	1	845
64	81	1	843
66	71	2	843	849
67	827	3	843	845	849
69	271	2	845	846
75	182	2	843	849
93	42	1	849
94	240	2	843	846
103	237	1	846
115	225	1	849
132	187	1	846
133	113	1	846
141	95	2	840	841
143	116	1	849
145	64	2	840	841
152	15	1	849
158	258	1	840
165	38	1	846
167	516	1	846
169	194	2	843	845
170	37	1	843
171	137	1	843
176	640	2	845	846
178	55	1	840
180	221	3	841	843	845
181	147	1	845
182	53	1	846
187	25	1	840
197	42	1	846
200	79	1	846
201	3	1	846
202	306	1	846
204	244	2	845	846
213	56	1	841
216	4	1	842
218	84	1	846
219	42	1	846
230	248	2	843	849
232	92	1	843
240	128	2	845	846
247	233	1	843
248	38	1	842
252	193	1	845
256	137	2	843	849
258	112	1	841
261	105	1	845
264	224	1	845
268	11	1	849
272	63	1	840
279	332	1	842
285	237	1	846
289	18	1	846
291	260	2	843	849
294	72	2	843	845
296	135	3	843	845	846
314	31	1	845
315	40	1	846
318	211	1	845
325	7	1	846
332	31	1	841
337	15	1	842
339	70	2	845	849
340	24	1	846
348	173	3	843	846	849
353	61	1	846
359	233	1	841
372	183	1	843
386	312	2	841	842
393	119	2	845	849
395	34	1	846
403	54	1	843
418	223	2	841	842
421	42	2	841	842
432	56	1	849
441	80	1	843
448	41	1	843
450	166	3	843	843	849
451	209	2	842	846
460	155	1	842
468	70	1	843
491	74	1	841
493	75	1	845
497	106	1	849
499	36	2	843	849
502	98	1	846
504	26	1	849
512	202	2	843	846
516	36	1	845
522	291	4	843	843	845	846
529	709	4	843	845	846	849
530	78	1	841
532	91	1	846
546	39	1	845
557	69	1	845
559	87	1	840
561	130	1	841
576	117	2	841	842
595	120	2	843	845
612	55	1	845
626	28	1	846
645	227	1	841
647	29	1	845
656	103	1	846
665	31	1	843
666	34	1	841
668	49	1	845
670	126	1	842
675	87	2	843	849
678	28	1	849
688	133	1	842
703	75	1	849
704	88	1	842
715	250	1	846
732	45	1	849
733	173	2	843	845
740	85	1	842
745	11	1	845
752	214	1	843
769	124	1	842
772	37	1	840
777	114	1	843
779	58	2	841	849
790	49	1	849
795	16	1	846
802	3	1	842
814	171	2	841	842
820	36	1	843
824	85	1	846
840	79	1	841
844	317	2	845	846
848	100	2	843	849
859	26	1	840
861	115	1	846
862	52	2	846	849
879	19	1	842
894	39	1	846
899	65	1	846
912	41	1	845
913	13	1	846
927	42	1	841
934	101	2	843	846
942	92	1	843
944	54	1	843
957	75	1	849
961	65	2	843	845
971	24	1	849
980	24	1	845
998	101	1	845
1002	106	1	841
1005	95	2	843	849
1009	20	1	846
1012	71	1	840
1032	33	1	841
1045	186	2	843	849
1046	14	1	846
1058	177	2	843	845
1062	7	1	846
1063	30	1	846
1069	138	1	849
1070	77	2	843	845
1072	36	1	841
1075	120	1	845
1123	25	1	846
1124	70	2	843	843
1130	157	1	841
1146	31	2	845	846
1158	20	1	842
1159	31	1	846
1170	8	1	842
1171	22	1	842
1177	54	1	846
1183	25	1	843
1184	105	1	846
1194	52	1	849
1195	153	1	840
1196	6	1	840
1207	66	1	849
1232	48	1	841
1242	42	1	845
1243	44	1	843
1246	6	1	845
1254	10	1	849
1270	15	1	841
1282	51	1	849
1313	63	1	843
1326	30	1	849
1336	48	1	842
1341	21	1	841
1342	44	1	849
1346	87	1	842
1349	10	1	843
1368	147	1	841
1376	162	1	840
1414	282	1	846
1424	57	1	842
1436	30	1	846
1445	25	1	841
1493	40	1	849
1505	30	1	843
1528	17	1	843
1542	16	1	842
1567	41	1	843
1571	110	2	841	842
1573	59	1	841
1580	58	1	849
1603	55	1	842
1620	31	1	849
1630	15	1	843
1643	24	1	841
1679	15	1	845
1684	53	3	843	846	849
1746	11	1	846
1772	4	1	841
1776	59	1	841
1801	69	2	841	842
1811	21	1	843
1833	40	1	846
1853	37	1	845
1855	122	2	843	849
1879	44	1	845
1884	164	2	841	845
1885	22	1	845
1890	26	1	843
1927	56	1	841
1945	57	1	845
1956	23	1	841
1965	17	1	849
1984	19	1	842
2010	12	1	849
2059	270	2	841	842
2075	48	1	849
2101	26	1	846
2108	52	1	842
2154	29	1	841
2172	26	1	841
2212	68	1	840
2219	24	1	842
2255	37	1	843
2264	37	1	843
2277	29	1	842
2287	13	1	849
2288	20	1	841
2293	4	1	845
2350	8	1	846
2353	40	1	841
2392	9	1	842
2449	23	2	843	845
2469	45	1	846
2556	29	1	846
2558	10	1	849
2593	11	1	840
2599	27	1	849
2618	21	1	840
2651	23	1	846
2655	2	1	843
2703	10	1	846
2727	12	1	849
2747	3	1	846
2767	23	2	846	849
2773	6	1	845
2789	6	1	849
2791	1	1	849
2809	3	1	846
2906	31	1	843
2974	2	2	843	846
3014	29	1	849
3031	1	1	842
3099	3	1	845
3130	2	1	843
3138	6	1	843
3153	5	1	842
3187	30	1	849
3201	14	1	846
3233	9	1	842
3323	38	1	846
3344	7	1	843
3370	4	1	845
3392	16	1	845
3601	9	1	842
3920	2	1	840
3989	16	1	846
4029	5	1	845
4183	2	1	846
4191	2	1	842
4287	3	1	849
4398	1	1	846
4421	4	1	849
4429	10	1	840
4646	2	1	849
4863	3	1	843
4911	2	1	846
4942	1	1	845
5935	1	1	845
6019	1	1	849
6032	1	1	842
