2	522	3	1010	1011	1017
3	402	1	1016
7	14	1	1019
9	460	2	1011	1019
16	286	2	1010	1011
18	318	1	1016
31	254	1	1017
33	25	1	1016
42	52	1	1015
48	257	1	1017
49	124	2	1017	1019
50	385	3	1010	1011	1015
52	57	1	1016
53	219	1	1016
54	733	3	1013	1017	1019
55	104	3	1017	1018	1019
60	231	2	1011	1013
66	71	1	1019
67	827	3	1010	1015	1019
69	271	3	1010	1011	1017
73	344	1	1019
75	182	1	1016
77	63	2	1013	1017
94	240	2	1010	1016
103	237	1	1018
106	27	1	1016
115	225	2	1010	1011
121	192	1	1017
122	100	1	1010
131	90	1	1017
132	187	2	1010	1017
143	116	1	1016
147	56	2	1010	1011
153	49	1	1015
158	258	1	1013
167	516	4	1010	1016	1017	1019
171	137	2	1011	1016
176	640	3	1010	1011	1016
177	53	1	1019
178	55	1	1013
179	121	1	1018
181	147	1	1016
182	53	1	1010
183	160	2	1010	1011
184	42	1	1019
197	42	1	1016
200	79	2	1010	1011
202	306	4	1010	1011	1017	1019
205	241	4	1010	1011	1017	1019
243	42	1	1019
247	233	1	1018
256	137	1	1015
260	98	1	1016
264	224	2	1010	1011
267	58	1	1010
272	63	1	1013
278	49	1	1010
279	332	1	1013
285	237	2	1010	1011
289	18	1	1011
293	151	1	1017
294	72	1	1016
298	69	2	1011	1019
299	113	2	1017	1019
306	128	1	1017
311	42	1	1013
318	211	3	1010	1011	1016
333	32	1	1013
335	232	2	1017	1018
369	21	1	1017
374	249	1	1018
381	88	1	1011
401	34	1	1019
402	165	1	1017
405	58	1	1019
424	83	1	1010
428	52	1	1013
444	28	1	1010
453	83	1	1019
461	27	1	1018
465	79	3	1010	1017	1019
472	21	1	1011
475	194	1	1011
479	38	1	1019
492	134	1	1016
493	75	1	1016
497	106	1	1016
511	13	1	1019
516	36	1	1010
520	80	1	1010
522	291	2	1011	1016
529	709	5	1010	1011	1016	1017	1019
532	91	2	1011	1017
537	231	3	1017	1018	1019
539	55	2	1010	1011
544	101	1	1017
549	12	2	1010	1011
557	69	1	1019
559	87	1	1013
576	117	1	1013
584	69	1	1013
586	93	1	1011
595	120	1	1016
596	61	1	1011
597	193	1	1019
626	28	1	1011
641	56	1	1011
651	41	1	1017
657	49	2	1010	1011
690	96	2	1018	1019
694	90	2	1010	1011
697	100	2	1010	1011
701	107	3	1011	1017	1019
707	212	3	1010	1011	1016
715	250	3	1011	1017	1019
718	187	2	1010	1011
721	216	1	1017
740	85	1	1015
752	214	2	1010	1011
785	71	1	1017
795	16	1	1019
805	16	1	1019
806	50	1	1016
824	85	1	1011
829	34	1	1019
840	79	1	1013
843	51	1	1015
844	317	3	1010	1011	1016
846	96	1	1010
850	279	2	1010	1011
870	28	1	1016
879	19	1	1013
892	38	1	1016
899	65	2	1010	1017
900	67	1	1019
905	125	1	1011
909	31	1	1010
920	47	2	1010	1011
921	113	1	1013
930	39	1	1019
933	25	1	1011
934	101	2	1010	1011
936	52	1	1016
942	92	1	1016
947	56	1	1019
986	108	2	1017	1019
992	68	1	1013
1000	66	1	1019
1009	20	1	1010
1012	71	1	1013
1014	10	1	1015
1018	42	1	1019
1019	8	1	1019
1024	32	1	1019
1028	90	1	1019
1058	177	1	1016
1063	30	1	1011
1069	138	2	1011	1017
1075	120	1	1016
1091	16	1	1015
1101	36	1	1017
1118	15	1	1017
1130	157	1	1019
1146	31	1	1016
1147	23	1	1019
1159	31	1	1019
1165	21	1	1013
1166	30	1	1019
1176	64	1	1010
1179	54	1	1019
1184	105	1	1016
1194	52	1	1015
1224	81	1	1010
1239	6	1	1019
1252	88	1	1017
1274	63	1	1019
1344	47	1	1010
1365	53	1	1019
1376	162	1	1013
1410	41	1	1015
1414	282	3	1010	1017	1019
1429	34	1	1011
1460	139	2	1010	1011
1464	27	1	1010
1473	2	1	1019
1475	69	2	1017	1018
1493	40	1	1015
1500	52	1	1011
1507	33	2	1017	1019
1529	33	1	1017
1552	27	2	1017	1019
1567	41	1	1011
1569	28	1	1011
1582	74	2	1010	1011
1604	20	1	1016
1616	4	1	1015
1629	73	1	1016
1653	56	1	1015
1662	47	1	1011
1728	97	1	1018
1736	69	1	1010
1782	26	1	1013
1817	59	2	1010	1011
1824	17	1	1017
1833	40	2	1010	1016
1855	122	1	1015
1879	44	1	1013
1925	40	1	1019
1929	3	1	1013
2010	12	1	1015
2046	105	1	1013
2058	37	1	1016
2059	270	2	1013	1017
2062	33	2	1017	1018
2099	2	1	1013
2112	35	1	1013
2125	14	2	1017	1019
2230	13	1	1019
2231	62	1	1010
2245	15	1	1013
2257	20	1	1010
2291	29	1	1019
2302	55	2	1017	1019
2343	8	1	1013
2381	49	1	1017
2456	4	1	1013
2458	44	1	1018
2484	8	1	1013
2599	27	1	1015
2616	6	1	1013
2671	17	1	1019
2717	13	1	1015
2750	11	1	1013
2752	18	1	1011
2884	33	1	1013
2915	4	1	1016
2941	8	1	1019
2959	29	1	1017
2976	16	1	1017
2992	4	1	1019
3014	29	1	1015
3038	19	1	1013
3039	11	1	1015
3262	9	1	1019
3295	11	1	1017
3323	38	1	1016
3414	12	1	1010
3474	3	1	1015
3580	11	1	1010
3626	1	1	1015
3630	3	1	1013
3684	3	1	1011
3750	4	1	1016
3927	3	1	1015
3960	3	1	1015
4009	7	1	1019
4016	5	1	1019
4057	4	1	1013
4101	8	1	1016
4157	1	1	1019
4338	1	1	1013
4426	1	1	1015
4918	4	1	1015
5256	4	1	1013
5317	1	1	1013
5462	1	1	1015
5498	1	1	1011
5727	1	1	1016
5777	1	1	1017
6156	1	1	1015
