2	522	1	575
3	402	1	578
9	460	2	574	578
16	286	3	574	575	578
19	91	2	575	579
23	134	3	574	574	578
31	254	1	575
37	139	1	573
50	385	1	579
53	219	3	573	575	578
54	733	2	571	577
55	104	1	578
59	236	2	571	577
60	231	3	571	575	577
61	98	1	571
65	159	2	571	574
67	827	2	574	579
69	271	2	574	579
71	218	1	571
79	87	1	577
94	240	5	574	574	575	578	579
103	237	1	579
115	225	3	575	578	579
118	60	1	575
119	32	1	574
131	90	1	573
132	187	1	575
135	70	1	577
137	73	1	578
143	116	2	574	578
147	56	3	573	574	579
158	258	2	571	577
167	516	3	574	575	579
174	118	1	578
176	640	4	574	575	578	579
178	55	1	577
180	221	1	579
181	147	1	578
182	53	4	574	574	575	579
183	160	2	573	575
193	215	2	571	577
196	93	3	573	574	579
200	79	1	579
202	306	4	574	575	578	579
203	36	1	578
204	244	2	575	578
205	241	2	574	575
206	29	1	575
218	84	2	573	574
219	42	1	575
223	6	1	578
230	248	1	578
238	93	1	574
239	10	1	573
246	21	1	577
247	233	2	573	579
252	193	2	577	578
259	28	1	571
260	98	2	575	578
264	224	2	573	578
276	69	1	578
279	332	1	571
285	237	2	574	575
318	211	4	574	575	578	579
335	232	1	575
348	173	1	578
353	61	1	573
379	46	1	575
381	88	1	575
384	205	1	579
386	312	1	577
395	34	1	578
405	58	1	574
413	4	1	577
418	223	1	577
420	126	1	571
424	83	1	575
426	110	1	577
428	52	1	577
433	45	1	573
451	209	1	577
466	47	1	571
468	70	1	573
471	59	1	571
475	194	2	574	574
486	41	1	574
492	134	1	575
493	75	1	578
508	72	3	573	574	575
512	202	3	574	575	579
516	36	1	573
518	31	1	575
520	80	3	574	574	575
522	291	2	575	578
529	709	3	574	578	579
530	78	1	573
532	91	2	573	574
539	55	2	574	579
544	101	1	574
551	16	1	571
555	72	2	573	574
561	130	1	571
564	50	3	573	575	578
570	10	1	571
572	29	2	573	574
574	51	1	575
575	37	2	573	579
576	117	1	577
578	12	1	574
579	24	1	574
580	36	1	575
584	69	1	577
593	56	1	571
597	193	1	574
613	9	1	574
619	31	1	571
626	28	1	575
627	148	1	575
635	84	1	571
643	68	1	578
655	50	1	579
670	126	2	571	577
678	28	1	579
688	133	2	577	579
694	90	1	574
695	143	2	573	579
697	100	2	574	579
701	107	2	573	575
707	212	2	574	579
715	250	2	574	575
718	187	2	575	579
733	173	2	573	575
749	62	2	575	578
752	214	4	574	574	575	579
771	101	1	579
773	57	3	574	575	579
797	35	1	575
806	50	1	578
814	171	1	577
820	36	1	573
824	85	2	575	577
828	15	1	575
840	79	1	577
844	317	4	574	575	578	579
846	96	1	579
850	279	2	574	575
859	26	1	577
872	70	1	579
884	150	1	578
885	43	1	578
887	11	1	578
891	23	1	571
909	31	1	575
916	45	2	577	579
920	47	1	574
930	39	1	579
932	22	1	575
934	101	1	579
945	49	1	578
946	75	1	571
959	20	2	574	579
983	184	1	578
992	68	1	571
1011	60	1	575
1033	30	1	578
1045	186	1	575
1046	14	1	579
1047	144	2	577	578
1049	26	1	573
1052	117	1	577
1072	36	1	571
1079	24	1	574
1082	34	1	577
1094	99	1	574
1118	15	1	579
1122	40	1	574
1136	55	1	579
1150	5	1	573
1156	82	1	579
1168	37	1	573
1176	64	2	574	579
1177	54	1	574
1182	16	1	574
1184	105	1	574
1208	8	1	574
1224	81	3	573	574	579
1230	15	2	575	579
1256	59	1	577
1270	15	1	571
1297	52	1	577
1321	63	1	574
1322	36	1	574
1346	87	1	577
1358	8	1	579
1410	41	1	575
1411	31	1	574
1414	282	2	575	579
1424	57	1	571
1426	44	1	573
1429	34	2	574	579
1433	107	1	578
1453	38	1	578
1460	139	1	575
1467	8	1	578
1476	39	1	575
1500	52	2	574	575
1511	9	1	578
1520	35	1	577
1543	9	1	579
1554	8	1	574
1571	110	1	571
1579	53	1	577
1582	74	2	573	574
1591	36	1	575
1603	55	1	577
1606	9	1	573
1629	73	1	575
1662	47	2	573	575
1664	37	1	575
1678	12	1	575
1736	69	1	579
1769	16	1	578
1816	5	1	573
1817	59	1	574
1826	31	1	574
1833	40	3	574	575	579
1846	48	1	578
1874	24	1	575
1884	164	2	573	578
1937	53	1	573
1949	9	1	571
1959	23	1	579
1973	27	1	574
2034	34	1	574
2053	37	1	577
2066	40	1	575
2122	22	1	575
2134	20	1	573
2163	51	1	577
2191	16	1	574
2194	23	1	575
2231	62	2	577	578
2249	8	1	575
2264	37	1	579
2315	28	1	578
2339	50	1	573
2350	8	1	575
2469	45	1	579
2474	57	2	575	578
2525	18	1	574
2556	29	1	573
2600	6	1	578
2618	21	1	578
2640	5	1	579
2662	8	1	573
2735	28	1	577
2785	10	1	574
2818	8	1	579
2856	13	1	577
2864	30	1	573
2920	15	1	573
2955	19	1	579
3009	26	1	577
3011	14	1	573
3104	13	1	574
3117	7	1	577
3135	20	1	575
3240	12	1	575
3380	2	1	575
3658	4	1	573
3712	8	1	573
3789	3	1	573
3825	1	1	579
3857	10	1	573
4001	3	1	573
4179	3	1	573
4416	2	1	577
4427	3	1	573
4438	3	1	573
4586	1	1	573
4593	1	1	574
4600	7	1	578
4604	2	1	579
4837	3	1	573
4933	5	1	573
5021	3	1	574
5331	1	1	575
5982	2	1	573
6069	1	1	573
