2	522	2	172	173
3	402	3	170	171	175
9	460	2	172	173
12	126	2	172	173
14	136	1	177
16	286	1	174
18	318	2	171	172
19	91	1	171
20	70	1	177
22	52	1	172
23	134	1	170
31	254	1	179
36	62	1	179
40	133	1	175
48	257	2	172	175
49	124	1	179
50	385	3	172	173	175
52	57	1	171
53	219	2	170	171
54	733	2	177	179
60	231	3	171	178	179
62	89	2	173	179
63	91	1	170
65	159	1	172
67	827	5	170	172	173	175	179
71	218	1	172
73	344	2	172	179
74	65	1	179
75	182	2	170	175
89	39	1	178
91	28	1	174
94	240	2	170	171
103	237	3	170	171	174
108	55	1	178
111	30	1	172
115	225	2	170	171
117	36	1	179
121	192	1	173
122	100	1	172
123	59	1	179
135	70	1	173
141	95	1	178
143	116	1	171
144	23	1	170
151	39	1	174
156	205	2	171	179
158	258	2	177	178
163	16	1	172
165	38	1	174
167	516	4	170	172	174	179
169	194	2	170	174
171	137	1	170
172	79	1	173
174	118	2	171	175
176	640	4	170	171	172	179
177	53	1	178
180	221	1	172
181	147	1	170
183	160	2	171	174
187	25	1	178
191	49	1	171
196	93	2	171	174
202	306	2	171	174
203	36	1	171
204	244	2	170	174
205	241	1	170
218	84	1	171
219	42	1	171
223	6	1	171
225	185	1	172
230	248	2	170	171
237	14	1	171
238	93	2	172	173
240	128	3	170	171	174
243	42	1	172
247	233	3	171	175	179
248	38	1	173
254	20	1	178
256	137	1	175
258	112	1	172
260	98	1	171
261	105	1	170
264	224	2	170	174
267	58	2	171	173
272	63	1	178
273	12	1	177
280	61	1	173
284	18	1	170
285	237	2	171	174
286	88	1	178
291	260	3	171	172	173
293	151	1	172
294	72	1	170
296	135	3	170	171	174
299	113	1	179
306	128	2	171	179
309	30	1	171
314	31	1	170
315	40	1	171
318	211	2	170	171
321	104	1	172
328	122	1	173
335	232	1	179
339	70	1	170
343	101	2	172	173
345	54	1	178
348	173	3	170	171	174
349	48	1	173
353	61	1	171
359	233	1	172
372	183	1	175
379	46	1	179
381	88	1	174
384	205	2	171	179
386	312	2	172	173
388	35	1	174
391	64	2	172	173
393	119	1	170
407	48	1	179
411	16	1	179
420	126	1	173
424	83	1	171
426	110	2	177	178
428	52	1	171
439	37	1	172
450	166	2	170	171
453	83	2	172	173
456	54	1	172
460	155	1	173
461	27	1	179
462	26	1	175
464	11	1	174
468	70	1	170
475	194	1	175
490	261	3	173	174	179
492	134	1	172
493	75	1	170
496	30	1	179
497	106	1	170
512	202	2	171	175
515	94	1	173
522	291	3	170	171	174
524	56	1	171
529	709	5	170	172	173	174	179
537	231	1	179
542	165	2	172	173
546	39	1	170
555	72	2	170	179
559	87	2	177	178
586	93	1	172
594	125	2	172	173
597	193	1	173
599	69	2	172	179
627	148	2	172	179
629	76	1	173
635	84	1	172
640	10	1	173
643	68	1	171
645	227	3	170	172	173
647	29	1	170
652	57	1	170
656	103	1	173
663	44	1	178
666	34	1	172
668	49	2	170	171
695	143	1	173
697	100	1	174
700	32	1	174
707	212	3	170	171	174
714	205	2	172	173
715	250	2	170	171
718	187	4	170	171	174	179
721	216	1	179
728	31	1	172
733	173	1	170
745	11	1	170
749	62	1	174
751	166	1	179
752	214	1	171
757	20	1	170
766	132	1	170
778	47	1	175
785	71	1	172
789	139	1	173
790	49	1	170
794	8	1	174
813	39	1	175
825	90	2	172	173
832	32	2	170	171
836	27	1	175
842	137	1	173
844	317	3	170	171	174
850	279	2	172	173
853	19	1	171
863	27	1	179
864	50	2	174	179
867	120	2	171	172
880	14	1	179
881	56	1	173
882	17	1	171
884	150	1	172
892	38	2	170	171
894	39	1	175
903	77	1	173
905	125	1	179
910	11	1	179
921	113	2	177	178
932	22	1	171
934	101	1	171
941	145	1	172
942	92	1	171
944	54	1	170
946	75	1	172
948	190	1	172
956	60	1	179
961	65	1	170
971	24	1	174
975	82	1	173
976	75	1	172
986	108	2	170	179
992	68	1	178
1002	106	1	174
1011	60	1	171
1012	71	1	178
1022	48	1	172
1045	186	1	171
1058	177	2	170	175
1064	4	1	178
1069	138	1	170
1075	120	1	171
1094	99	1	172
1102	9	1	179
1108	92	1	172
1111	25	1	173
1123	25	1	171
1126	17	1	178
1128	48	1	178
1129	83	1	173
1130	157	2	172	179
1131	47	1	178
1146	31	1	170
1149	42	1	172
1151	47	1	171
1195	153	1	178
1213	80	1	170
1261	54	1	178
1274	63	1	173
1280	57	1	170
1282	51	1	170
1287	72	2	172	173
1299	66	1	172
1303	83	1	172
1337	58	1	173
1342	44	1	173
1350	30	1	173
1351	7	1	174
1376	162	2	177	178
1399	39	1	177
1408	8	1	179
1414	282	2	174	179
1417	41	1	172
1419	30	1	175
1429	34	1	171
1452	25	1	172
1468	38	1	177
1473	2	1	179
1475	69	1	179
1476	39	1	174
1519	120	1	172
1531	41	1	172
1534	45	1	170
1561	45	1	175
1567	41	1	171
1579	53	1	178
1606	9	1	171
1622	33	1	179
1629	73	2	170	174
1636	79	1	179
1679	15	1	171
1701	42	1	177
1705	27	1	173
1710	13	1	172
1719	42	1	179
1720	15	1	173
1729	76	1	170
1762	57	1	173
1796	48	1	174
1797	64	2	170	178
1801	69	1	177
1810	10	1	170
1812	39	1	178
1833	40	1	171
1853	37	1	170
1855	122	1	175
1884	164	1	177
1916	75	1	173
1925	40	1	171
1931	49	1	173
1934	11	1	173
1937	53	1	179
1939	66	2	172	173
1945	57	1	170
1949	9	1	172
1972	10	1	179
1976	26	1	173
1980	9	1	171
1997	8	1	178
2048	31	1	173
2059	270	1	173
2066	40	1	172
2075	48	1	174
2077	13	1	172
2120	24	1	177
2128	52	1	179
2133	29	1	173
2173	10	1	178
2239	27	1	177
2247	22	1	173
2255	37	1	173
2296	30	1	172
2341	6	1	174
2409	44	1	173
2449	23	1	170
2474	57	2	173	174
2479	50	1	172
2556	29	1	174
2618	21	1	178
2641	25	1	172
2685	13	1	178
2688	29	1	172
2689	2	1	173
2693	25	1	172
2729	23	1	179
2730	9	1	178
2747	3	1	174
2748	32	1	179
2788	24	1	175
2793	27	1	179
2845	25	1	172
2857	19	1	170
2862	35	2	177	178
2864	30	1	171
2877	3	1	171
2885	4	1	172
2973	3	1	171
3009	26	1	178
3062	13	1	174
3088	8	1	175
3143	5	1	179
3206	12	1	178
3247	15	1	173
3276	20	1	179
3302	5	1	171
3306	7	1	173
3311	4	1	173
3323	38	1	179
3342	3	1	174
3347	6	1	170
3392	16	1	170
3494	12	1	170
3582	2	1	170
3607	6	1	174
3610	1	1	178
3796	7	1	171
3893	16	1	171
3989	16	1	174
4042	7	1	178
4058	3	1	179
4118	1	1	178
4131	2	1	171
4283	2	1	173
4333	4	1	173
4662	2	1	173
4728	1	1	173
5066	1	1	174
5213	1	1	173
5237	1	1	173
5450	3	1	178
6129	1	1	174
