2	522	2	823	827
3	402	2	820	822
5	41	2	821	824
8	114	1	823
9	460	3	820	822	823
10	30	2	821	826
14	136	2	821	826
16	286	1	829
17	35	1	829
20	70	1	826
31	254	2	827	829
36	62	1	829
40	133	1	820
41	71	1	820
42	52	2	820	822
48	257	1	829
49	124	1	829
50	385	1	820
54	733	4	823	826	827	829
55	104	1	829
59	236	3	821	823	824
60	231	2	821	824
64	81	2	820	822
65	159	2	823	829
66	71	1	820
67	827	4	820	822	827	829
69	271	2	827	829
71	218	1	823
75	182	1	820
79	87	2	823	824
93	42	2	820	822
103	237	3	822	827	829
106	27	2	820	822
115	225	1	820
116	15	1	822
122	100	1	829
126	41	1	826
127	31	1	820
132	187	1	820
133	113	1	821
135	70	1	821
141	95	2	824	826
143	116	1	822
144	23	2	820	822
145	64	1	826
153	49	1	820
156	205	1	822
157	64	1	822
158	258	3	821	823	826
162	75	1	823
167	516	2	827	829
171	137	2	820	822
172	79	1	829
174	118	2	820	822
176	640	3	822	823	824
177	53	1	821
178	55	1	821
179	121	1	829
189	121	2	820	822
193	215	3	821	824	827
194	40	1	824
198	33	1	823
202	306	2	827	829
204	244	2	827	829
205	241	1	827
210	118	1	823
213	56	1	823
225	185	1	823
230	248	2	820	822
232	92	1	822
240	128	1	822
247	233	1	827
250	19	1	827
252	193	1	821
256	137	1	820
261	105	1	822
264	224	1	822
279	332	2	821	824
285	237	2	820	822
287	23	1	822
291	260	1	822
293	151	1	829
296	135	2	820	822
299	113	1	829
303	42	1	824
306	128	1	829
308	9	1	827
314	31	1	820
321	104	1	823
323	39	1	820
335	232	1	827
345	54	1	826
348	173	1	822
357	12	1	822
359	233	1	824
372	183	2	820	822
374	249	1	829
379	46	1	829
384	205	2	827	829
386	312	3	821	823	824
388	35	1	829
392	34	1	820
393	119	1	822
395	34	1	820
402	165	1	829
407	48	1	829
412	82	1	827
418	223	2	821	824
422	36	1	823
424	83	1	827
426	110	1	821
428	52	1	826
448	41	2	820	822
450	166	2	820	822
451	209	1	824
454	79	1	822
455	29	1	820
460	155	1	824
462	26	1	820
465	79	1	829
466	47	1	824
471	59	1	823
475	194	2	820	822
489	19	1	829
491	74	1	824
492	134	1	829
496	30	1	829
497	106	1	822
510	111	2	820	822
520	80	1	827
529	709	4	820	822	827	829
530	78	1	823
532	91	1	827
534	102	1	829
537	231	1	822
544	101	1	827
545	70	1	822
547	33	1	822
555	72	1	829
556	69	1	829
559	87	1	826
561	130	1	823
567	59	1	827
572	29	1	822
576	117	1	824
584	69	1	827
597	193	1	829
601	23	1	822
607	45	1	822
615	9	1	827
642	7	1	829
652	57	1	820
661	24	1	820
663	44	1	821
665	31	2	820	822
668	49	1	822
670	126	2	821	824
675	87	2	820	822
688	133	1	824
690	96	1	829
692	70	1	823
694	90	1	829
695	143	1	827
701	107	1	827
703	75	2	820	822
704	88	1	824
710	84	1	823
714	205	1	824
715	250	3	820	822	829
721	216	1	829
722	15	1	829
730	17	1	826
738	85	1	824
740	85	1	824
747	93	1	829
751	166	1	829
752	214	2	822	827
759	11	1	824
760	41	2	823	824
771	101	2	824	829
772	37	1	826
777	114	1	820
789	139	1	824
793	36	1	827
800	36	1	829
803	10	1	822
804	49	2	827	829
816	37	1	820
817	10	1	822
818	40	1	820
824	85	1	827
832	32	2	820	822
833	17	1	822
835	8	1	827
848	100	1	820
850	279	1	827
852	37	2	820	822
859	26	1	824
861	115	1	823
864	50	1	827
872	70	1	827
875	11	1	829
878	39	1	823
880	14	1	829
900	67	1	829
905	125	1	827
910	11	1	829
921	113	1	821
935	17	1	824
940	14	1	827
942	92	2	820	822
948	190	1	823
956	60	1	827
957	75	1	822
961	65	1	822
978	41	1	824
980	24	1	823
986	108	1	827
1001	73	1	820
1002	106	1	824
1005	95	2	820	822
1016	26	1	822
1018	42	1	829
1028	90	2	827	829
1031	32	2	820	829
1036	59	1	826
1039	5	1	822
1047	144	2	821	824
1052	117	3	823	827	829
1058	177	1	822
1070	77	1	822
1072	36	1	824
1075	120	1	822
1121	109	1	823
1122	40	1	827
1128	48	1	826
1130	157	1	829
1133	39	1	820
1147	23	1	827
1153	11	1	827
1195	153	3	821	824	826
1201	1	1	821
1207	66	1	820
1210	3	1	827
1213	80	2	820	822
1216	108	1	823
1217	16	1	823
1228	3	1	820
1233	59	1	827
1238	23	1	820
1252	88	1	829
1256	59	1	821
1261	54	1	824
1269	41	1	829
1280	57	1	822
1282	51	1	820
1293	32	1	821
1296	12	1	827
1307	22	1	820
1313	63	1	822
1321	63	1	829
1323	21	1	820
1324	15	1	822
1347	18	1	822
1348	19	1	822
1350	30	1	829
1360	64	1	821
1367	21	1	824
1376	162	2	821	826
1400	19	1	829
1410	41	1	822
1414	282	1	829
1415	22	1	824
1420	51	1	823
1428	10	1	820
1460	139	1	822
1463	29	2	820	822
1468	38	1	826
1474	36	1	829
1477	39	1	827
1486	7	1	822
1515	25	1	824
1524	76	1	824
1532	27	1	827
1534	45	1	822
1540	32	1	823
1541	26	1	820
1552	27	1	829
1571	110	1	824
1573	59	1	823
1579	53	1	824
1580	58	1	822
1588	9	1	822
1601	1	1	827
1617	12	1	822
1621	7	1	829
1630	15	1	820
1635	19	1	820
1636	79	1	829
1653	56	2	820	822
1685	67	1	823
1729	76	2	820	829
1739	16	1	826
1744	14	1	824
1746	11	1	827
1753	40	1	824
1754	77	1	826
1759	5	1	820
1762	57	1	827
1784	28	1	824
1791	2	1	829
1792	8	1	820
1817	59	1	829
1821	27	1	829
1831	89	1	826
1854	32	1	821
1855	122	2	820	822
1856	15	2	820	822
1875	10	1	820
1884	164	1	826
1890	26	1	820
1893	33	1	824
1920	16	1	824
1937	53	1	827
1945	57	1	822
1984	19	1	824
2012	2	1	827
2036	10	2	820	822
2037	41	1	823
2046	105	1	826
2053	37	1	823
2059	270	1	824
2062	33	1	829
2082	26	1	827
2100	20	1	822
2108	52	1	824
2112	35	1	822
2179	20	1	826
2180	12	1	824
2186	42	1	824
2219	24	1	824
2222	20	1	822
2231	62	1	824
2243	6	1	824
2252	4	1	821
2255	37	1	822
2258	17	1	824
2270	4	1	823
2278	4	1	829
2289	5	1	827
2302	55	1	829
2347	9	1	820
2391	13	1	822
2393	10	1	829
2405	11	1	820
2433	15	1	826
2443	1	1	829
2488	13	1	822
2503	8	1	829
2504	2	1	822
2563	30	1	827
2645	26	1	829
2654	17	1	823
2671	17	1	827
2740	16	1	829
2828	11	1	827
2862	35	2	821	826
2905	30	1	827
2959	29	1	827
3014	29	1	820
3035	3	1	822
3036	6	1	821
3057	5	1	829
3114	10	1	820
3162	6	1	827
3168	23	1	829
3185	31	1	822
3192	12	1	829
3217	16	1	829
3232	13	1	829
3252	12	1	829
3262	9	1	827
3315	5	1	822
3359	4	1	823
3436	2	1	820
3560	5	1	827
3614	5	1	820
3742	2	1	826
3868	5	1	822
3981	6	1	824
4362	3	1	829
4489	1	1	820
4583	2	1	820
4713	9	1	824
4868	2	1	827
4895	4	1	822
4968	2	1	821
5044	1	1	829
5058	2	1	820
5489	3	1	821
5893	1	1	821
