2	522	3	782	784	786
3	402	2	783	788
9	460	2	782	783
16	286	2	782	786
17	35	1	786
18	318	3	783	786	786
31	254	2	782	786
36	62	1	782
40	133	1	788
41	71	1	788
48	257	3	782	786	786
50	385	3	784	786	786
54	733	2	782	789
57	33	1	786
62	89	2	782	786
65	159	1	789
66	71	1	784
67	827	4	782	786	786	788
69	271	2	783	784
71	218	2	786	789
73	344	2	786	786
74	65	1	786
75	182	1	788
91	28	1	788
94	240	2	784	788
96	113	2	782	786
103	237	2	783	786
108	55	1	783
110	43	1	782
112	118	2	782	786
115	225	2	784	788
121	192	1	782
131	90	1	784
132	187	2	784	786
140	29	2	782	786
144	23	1	788
149	63	2	786	786
153	49	1	788
156	205	1	786
157	64	1	788
158	258	1	789
167	516	5	782	783	784	786	786
172	79	1	786
176	640	3	783	784	789
180	221	2	786	786
181	147	1	783
193	215	2	782	786
202	306	1	784
204	244	1	783
226	42	1	784
229	118	1	786
230	248	2	783	788
236	95	2	782	786
238	93	1	786
240	128	1	783
242	18	1	788
250	19	1	788
256	137	1	788
259	28	1	786
264	224	2	783	784
275	16	1	786
279	332	1	789
291	260	2	786	786
293	151	3	786	786	788
298	69	1	786
318	211	2	783	784
330	26	1	786
334	23	1	786
335	232	2	782	786
343	101	1	786
345	54	1	782
348	173	1	788
353	61	1	782
359	233	1	786
362	45	2	786	786
372	183	1	788
374	249	2	782	786
381	88	1	784
386	312	2	786	789
397	159	1	782
402	165	1	782
420	126	2	786	789
424	83	1	784
435	71	1	788
437	26	1	786
456	54	2	786	786
458	18	1	788
460	155	1	789
462	26	1	788
466	47	1	789
468	70	1	786
475	194	3	784	788	788
486	41	1	786
490	261	2	786	789
504	26	1	788
510	111	1	788
512	202	1	783
522	291	2	783	784
524	56	1	786
528	45	1	782
529	709	5	782	783	784	786	788
530	78	1	782
534	102	1	786
537	231	3	782	786	788
545	70	1	788
558	64	1	786
561	130	1	788
564	50	1	783
569	13	1	789
576	117	1	786
578	12	1	788
580	36	1	783
595	120	1	788
597	193	1	786
599	69	1	786
621	23	1	786
622	4	1	782
627	148	4	782	784	786	786
632	61	1	788
641	56	1	784
643	68	1	783
645	227	3	782	786	786
646	15	1	786
649	30	1	786
655	50	1	782
658	64	2	786	786
664	91	1	782
670	126	1	789
690	96	2	782	786
695	143	1	786
697	100	1	784
704	88	1	789
707	212	1	784
718	187	1	784
723	46	1	782
725	80	1	782
738	85	2	782	786
747	93	2	786	786
751	166	2	784	786
752	214	1	788
760	41	1	789
766	132	1	786
769	124	1	786
778	47	1	788
785	71	1	786
787	14	1	788
790	49	1	788
825	90	2	786	786
831	34	1	782
844	317	2	783	784
848	100	1	788
852	37	1	788
861	115	1	788
862	52	1	783
867	120	2	786	786
879	19	1	786
884	150	1	788
894	39	1	782
895	57	2	782	786
900	67	1	788
916	45	1	786
920	47	1	784
941	145	2	782	786
945	49	2	788	788
948	190	2	782	784
963	31	1	782
971	24	1	788
976	75	1	786
983	184	4	782	783	786	786
992	68	1	782
1000	66	1	786
1001	73	3	782	784	786
1005	95	1	788
1008	8	1	786
1034	28	1	786
1047	144	1	789
1055	33	1	782
1063	30	1	784
1065	54	1	782
1069	138	1	784
1079	24	1	789
1093	33	1	788
1094	99	1	786
1108	92	1	786
1111	25	1	786
1129	83	1	786
1131	47	1	786
1148	78	1	786
1151	47	1	788
1159	31	2	783	788
1194	52	1	782
1195	153	1	789
1198	42	1	786
1199	17	1	786
1223	27	1	786
1233	59	1	788
1243	44	2	783	786
1257	18	1	786
1260	12	1	786
1269	41	1	784
1286	28	1	786
1303	83	2	782	786
1316	14	2	782	782
1319	7	1	786
1327	34	1	786
1368	147	1	789
1374	51	2	786	786
1378	114	1	782
1380	6	1	782
1385	42	3	782	786	786
1414	282	1	789
1420	51	1	789
1440	9	1	786
1452	25	1	786
1460	139	1	784
1475	69	1	786
1480	29	1	784
1519	120	2	786	786
1527	51	1	786
1534	45	1	784
1561	45	1	788
1566	23	1	786
1571	110	1	789
1577	14	1	783
1580	58	1	788
1587	16	1	788
1635	19	1	788
1638	37	1	788
1651	22	2	786	786
1659	2	1	788
1664	37	2	782	786
1692	54	1	782
1695	47	1	784
1719	42	1	784
1728	97	1	782
1733	12	1	786
1736	69	1	784
1755	24	1	786
1817	59	1	784
1839	29	1	786
1862	28	1	788
1884	164	2	784	789
1894	6	1	786
1916	75	3	782	786	786
1922	21	1	786
1973	27	1	788
1976	26	1	786
2003	28	1	786
2007	2	1	788
2078	45	1	786
2082	26	1	782
2085	3	1	782
2152	1	1	786
2160	82	1	789
2169	8	1	782
2177	8	1	786
2186	42	2	782	786
2231	62	1	786
2300	14	1	786
2302	55	1	788
2326	33	1	788
2339	50	1	786
2348	47	1	782
2352	19	1	786
2379	20	1	782
2392	9	1	782
2394	2	1	788
2448	26	1	782
2469	45	1	783
2470	26	1	786
2530	13	1	786
2546	33	1	786
2547	2	1	788
2576	15	1	782
2611	5	1	786
2620	25	1	782
2625	15	1	784
2688	29	1	786
2693	25	1	786
2709	20	1	788
2799	38	1	786
2854	1	1	786
2869	10	1	786
2882	13	1	786
2993	15	1	788
2998	9	1	786
3008	13	1	788
3014	29	1	788
3015	12	1	784
3120	13	1	782
3121	3	1	786
3124	11	1	782
3173	2	2	786	786
3198	7	1	784
3267	3	1	786
3305	13	1	782
3307	5	1	786
3323	38	1	784
3336	1	1	782
3365	1	1	782
3386	1	1	786
3393	2	1	782
3438	2	1	786
3442	10	1	788
3447	3	1	786
3467	17	1	782
3496	3	1	786
3559	2	1	786
3575	14	2	782	784
3588	1	1	788
3606	3	2	786	786
3704	8	2	786	786
3963	2	1	784
4106	4	1	786
4136	3	1	786
4156	1	1	784
4182	1	1	786
4187	2	1	786
4229	2	1	786
4286	4	1	788
4537	1	1	786
4803	10	1	786
5132	1	1	786
5283	2	1	788
5316	1	1	784
5540	1	1	782
6110	1	1	786
