2	522	2	1685	1686
8	114	2	1685	1686
9	460	2	1685	1686
12	126	1	1686
14	136	2	1682	1688
18	318	1	1686
20	70	1	1682
44	85	1	1686
48	257	1	1686
50	385	1	1686
54	733	2	1685	1686
57	33	1	1686
59	236	1	1686
60	231	3	1682	1685	1686
61	98	1	1685
65	159	1	1685
73	344	1	1686
79	87	1	1682
87	54	1	1686
89	39	1	1682
94	240	1	1689
108	55	1	1682
121	192	2	1685	1686
126	41	1	1686
139	16	1	1689
156	205	1	1686
158	258	2	1682	1685
162	75	1	1685
176	640	2	1685	1686
178	55	1	1682
180	221	1	1686
193	215	1	1682
210	118	1	1685
225	185	1	1686
226	42	1	1685
238	93	1	1686
246	21	1	1682
252	193	2	1682	1686
258	112	1	1685
262	57	1	1686
277	37	1	1686
286	88	1	1682
291	260	1	1686
320	52	1	1686
321	104	1	1686
328	122	1	1686
330	26	1	1686
333	32	1	1682
341	50	1	1686
343	101	1	1686
359	233	2	1685	1686
373	88	1	1686
374	249	1	1689
380	42	1	1686
391	64	1	1686
397	159	1	1685
409	36	1	1686
410	48	2	1685	1686
412	82	1	1686
416	106	1	1686
418	223	1	1682
420	126	1	1685
422	36	1	1685
426	110	1	1682
432	56	1	1686
439	37	1	1686
453	83	1	1686
460	155	1	1686
471	59	1	1686
480	31	1	1686
491	74	1	1685
529	709	1	1686
561	130	1	1685
576	117	1	1682
584	69	1	1682
593	56	1	1685
594	125	1	1686
598	18	1	1682
599	69	1	1686
606	17	1	1686
616	40	1	1686
656	103	1	1686
658	64	1	1686
670	126	1	1685
685	28	1	1686
695	143	1	1686
704	88	1	1686
725	80	1	1686
726	27	1	1686
728	31	1	1686
730	17	1	1682
736	16	1	1686
769	124	1	1686
770	58	1	1682
772	37	1	1682
789	139	1	1685
814	171	2	1685	1686
825	90	1	1686
838	18	1	1686
861	115	1	1685
879	19	1	1686
881	56	1	1686
884	150	1	1686
919	53	1	1685
921	113	1	1682
948	190	2	1685	1686
949	14	1	1686
980	24	1	1686
997	19	1	1682
1028	90	1	1689
1035	9	1	1686
1036	59	1	1682
1049	26	1	1686
1054	19	1	1689
1096	95	2	1685	1686
1103	34	1	1686
1121	109	1	1685
1128	48	1	1682
1129	83	1	1682
1130	157	1	1686
1131	47	1	1682
1148	78	1	1686
1175	42	1	1686
1189	121	1	1686
1195	153	1	1682
1216	108	1	1685
1247	39	1	1685
1248	42	1	1686
1256	59	2	1682	1688
1297	52	1	1682
1316	14	1	1686
1336	48	1	1682
1358	8	1	1686
1368	147	1	1685
1376	162	2	1682	1688
1414	282	1	1685
1420	51	1	1685
1514	4	1	1686
1572	57	1	1686
1578	24	1	1686
1598	12	1	1685
1681	12	1	1682
1683	13	1	1686
1685	67	1	1686
1687	5	1	1688
1726	27	1	1682
1738	5	1	1686
1740	30	1	1682
1754	77	2	1682	1686
1775	18	1	1686
1782	26	1	1688
1808	47	1	1686
1831	89	1	1682
1839	29	1	1686
1841	31	1	1686
1879	44	1	1682
1884	164	1	1682
1886	32	1	1686
2014	1	1	1686
2027	12	1	1682
2037	41	1	1685
2045	21	1	1682
2046	105	2	1682	1686
2053	37	1	1685
2058	37	1	1685
2059	270	1	1686
2089	12	1	1685
2111	28	1	1686
2135	17	1	1686
2188	68	1	1685
2212	68	1	1688
2242	27	1	1685
2375	22	1	1686
2428	13	1	1686
2432	6	1	1682
2654	17	1	1685
2716	1	1	1688
2787	16	1	1686
2799	38	1	1686
2856	13	1	1682
2950	26	1	1686
3055	11	1	1682
3059	18	1	1685
3197	13	1	1686
3206	12	1	1682
3252	12	1	1686
3435	16	1	1686
3565	3	1	1682
3698	4	1	1688
3834	1	1	1688
3954	3	1	1688
3964	2	1	1682
4100	2	1	1682
4543	4	1	1682
4574	1	1	1688
4907	1	1	1682
5344	2	1	1682
5746	1	1	1688
5978	1	1	1682
