3	402	2	2281	2285
40	133	2	2281	2285
41	71	1	2281
48	257	2	2281	2285
49	124	1	2289
50	385	1	2285
67	827	2	2281	2285
133	113	1	2285
153	49	1	2281
171	137	2	2281	2285
174	118	1	2285
176	640	1	2281
181	147	1	2285
183	160	1	2285
189	121	2	2281	2285
191	49	1	2289
205	241	1	2285
230	248	2	2281	2285
243	42	1	2281
256	137	2	2281	2285
285	237	1	2281
296	135	1	2285
372	183	2	2281	2285
405	58	1	2289
442	25	1	2285
475	194	2	2281	2285
486	41	1	2281
504	26	1	2287
510	111	2	2281	2285
512	202	1	2281
537	231	1	2281
580	36	1	2285
607	45	1	2285
714	205	1	2281
733	173	1	2289
778	47	1	2281
836	27	1	2285
848	100	1	2281
884	150	1	2281
1045	186	1	2281
1075	120	1	2285
1093	33	1	2285
1151	47	1	2281
1183	25	1	2285
1207	66	1	2289
1244	10	1	2281
1359	8	1	2285
1419	30	2	2281	2285
1460	139	1	2285
1505	30	1	2285
1561	45	1	2285
1580	58	1	2287
1582	74	1	2289
1620	31	1	2285
1636	79	1	2281
1655	14	1	2285
1855	122	1	2285
2090	22	1	2281
2139	15	2	2281	2285
2254	18	2	2281	2285
2312	13	1	2281
2347	9	1	2285
2477	14	1	2281
2527	28	1	2281
2546	33	1	2281
2720	19	1	2285
3014	29	1	2281
3025	3	1	2289
3187	30	1	2285
3368	17	1	2281
3445	5	1	2285
3575	14	1	2289
4290	4	1	2285
