2	522	3	82	86	86
3	402	4	82	82	82	86
5	41	1	87
9	460	3	85	86	86
18	318	3	84	86	86
19	91	1	86
20	70	1	80
23	134	1	82
31	254	3	86	86	86
34	16	1	82
40	133	1	82
44	85	1	88
48	257	2	82	86
50	385	2	86	86
52	57	1	86
53	219	3	82	82	86
54	733	6	80	84	85	87	87	88
55	104	1	84
59	236	3	85	86	86
60	231	3	80	84	86
63	91	1	82
64	81	1	82
65	159	1	85
66	71	1	86
67	827	5	82	82	84	86	86
69	271	2	86	86
71	218	1	86
73	344	3	86	86	86
75	182	1	82
79	87	1	80
81	18	1	82
83	18	1	84
85	34	1	86
87	54	1	88
89	39	1	80
94	240	1	86
96	113	1	84
103	237	2	82	86
105	2	1	86
107	71	2	82	82
115	225	1	86
117	36	1	86
131	90	1	86
132	187	3	84	86	86
133	113	1	89
135	70	1	88
141	95	2	82	85
145	64	1	87
152	15	1	82
153	49	1	82
158	258	4	85	87	88	89
167	516	4	86	86	86	87
169	194	1	86
171	137	2	82	86
176	640	2	86	86
177	53	1	80
178	55	2	80	89
180	221	1	86
181	147	3	82	82	82
182	53	1	86
183	160	1	86
189	121	1	82
191	49	1	86
193	215	5	80	85	86	87	87
194	40	2	84	87
196	93	1	86
200	79	1	86
202	306	1	86
204	244	1	86
205	241	1	86
229	118	1	86
231	25	1	82
240	128	1	86
242	18	1	82
247	233	3	82	86	86
252	193	1	87
256	137	1	82
258	112	1	87
260	98	2	86	86
261	105	1	86
264	224	3	82	82	86
277	37	4	84	86	86	86
279	332	1	85
285	237	3	82	86	86
288	1	1	82
306	128	1	84
333	32	1	89
335	232	1	84
336	30	1	84
345	54	1	86
348	173	1	86
363	9	1	86
371	26	1	88
372	183	2	82	82
374	249	1	84
379	46	1	86
380	42	1	86
381	88	1	86
382	34	1	82
384	205	2	86	86
386	312	2	86	87
388	35	1	86
389	5	1	82
390	2	1	82
392	34	1	86
407	48	2	86	86
409	36	3	86	86	86
416	106	1	82
418	223	4	80	87	87	88
420	126	3	85	87	87
424	83	1	86
426	110	2	80	89
430	13	1	82
432	56	1	86
433	45	1	86
435	71	2	84	86
439	37	1	86
441	80	1	82
442	25	2	82	82
448	41	1	82
451	209	4	86	86	87	88
454	79	2	82	82
455	29	2	86	86
460	155	1	87
462	26	1	82
468	70	1	84
475	194	1	86
479	38	3	86	86	86
480	31	2	86	86
486	41	1	82
491	74	1	87
492	134	1	82
497	106	1	86
508	72	1	86
510	111	1	82
512	202	2	82	82
518	31	1	86
520	80	1	86
522	291	2	84	86
523	35	1	82
528	45	1	86
529	709	3	86	86	87
530	78	1	87
551	16	1	85
556	69	1	84
558	64	1	86
559	87	2	80	89
561	130	1	85
569	13	3	87	87	88
570	10	1	88
574	51	1	86
580	36	1	82
584	69	1	89
586	93	2	86	86
594	125	1	84
597	193	1	84
602	37	1	82
610	34	1	86
616	40	1	86
625	32	1	86
626	28	1	86
627	148	3	86	86	86
629	76	1	86
635	84	1	85
652	57	1	86
663	44	1	89
664	91	1	84
665	31	1	82
670	126	1	85
688	133	4	80	82	82	87
695	143	3	86	86	86
697	100	2	86	86
707	212	3	82	82	82
710	84	2	80	88
714	205	2	86	86
715	250	1	86
718	187	2	86	86
721	216	1	84
723	46	1	84
733	173	1	82
740	85	2	87	87
747	93	1	87
749	62	1	86
751	166	2	84	87
752	214	2	82	86
753	47	3	82	82	82
760	41	1	88
764	51	1	87
766	132	1	84
767	49	1	82
778	47	1	82
789	139	2	86	87
797	35	1	86
804	49	1	84
824	85	1	85
825	90	1	86
828	15	1	86
832	32	1	82
840	79	1	89
842	137	1	87
844	317	3	82	86	86
848	100	1	82
850	279	1	86
862	52	1	86
863	27	1	84
867	120	2	86	86
870	28	1	80
882	17	1	86
884	150	1	86
894	39	1	82
896	16	1	82
899	65	1	84
900	67	1	84
905	125	2	86	86
916	45	1	86
936	52	1	86
941	145	1	86
942	92	1	86
944	54	1	82
947	56	1	86
954	4	1	84
955	1	1	88
961	65	1	82
976	75	1	86
983	184	2	84	86
984	18	1	86
992	68	1	89
1001	73	1	86
1005	95	1	82
1009	20	1	86
1014	10	1	82
1018	42	1	87
1022	48	1	86
1030	17	1	86
1032	33	1	87
1036	59	1	88
1047	144	3	87	87	88
1052	117	1	85
1055	33	1	88
1069	138	1	86
1070	77	1	82
1072	36	1	80
1074	38	1	86
1076	1	1	82
1079	24	1	86
1080	23	1	86
1094	99	1	84
1108	92	1	86
1124	70	1	82
1126	17	1	80
1128	48	1	89
1140	19	1	86
1168	37	1	86
1176	64	1	86
1177	54	2	86	86
1184	105	1	82
1194	52	1	86
1195	153	2	80	88
1197	24	1	86
1207	66	1	82
1211	10	1	87
1213	80	1	82
1214	13	1	82
1221	7	1	84
1224	81	1	86
1227	42	1	82
1228	3	1	82
1232	48	1	87
1246	6	1	86
1248	42	1	86
1261	54	1	89
1263	9	1	82
1269	41	1	86
1270	15	1	87
1280	57	1	82
1282	51	1	86
1286	28	1	86
1300	40	1	86
1310	34	1	86
1313	63	1	82
1326	30	1	82
1327	34	1	85
1336	48	1	80
1344	47	1	86
1346	87	3	82	82	84
1355	16	1	82
1359	8	1	82
1360	64	1	87
1364	54	1	84
1368	147	2	87	88
1376	162	2	80	89
1377	13	1	87
1378	114	1	84
1399	39	1	88
1400	19	1	86
1410	41	1	86
1411	31	1	86
1414	282	2	86	88
1415	22	1	88
1424	57	1	85
1434	13	1	86
1445	25	1	87
1464	27	1	86
1471	7	1	86
1476	39	2	86	86
1490	4	1	86
1497	7	1	82
1500	52	2	86	86
1506	1	1	82
1512	23	1	80
1519	120	2	82	86
1524	76	1	86
1526	32	1	88
1529	33	1	84
1530	15	1	86
1536	15	2	87	87
1538	15	1	82
1540	32	1	87
1561	45	1	82
1566	23	1	86
1571	110	1	87
1575	53	2	87	88
1581	13	1	82
1582	74	1	86
1588	9	1	82
1590	7	1	86
1625	2	1	86
1626	2	1	86
1629	73	1	86
1643	24	1	87
1655	14	2	82	82
1660	21	1	84
1662	47	1	86
1719	42	1	86
1726	27	1	80
1733	12	1	84
1734	12	1	82
1754	77	1	89
1767	20	1	85
1782	26	1	89
1784	28	1	89
1796	48	1	86
1797	64	1	82
1831	89	1	80
1833	40	1	86
1839	29	1	86
1846	48	1	82
1872	24	1	86
1879	44	1	89
1906	6	2	86	86
1912	18	1	86
1925	40	1	86
1927	56	1	87
1931	49	1	86
1938	19	1	82
1949	9	1	87
1984	19	1	88
2001	6	1	82
2010	12	1	82
2015	51	2	82	82
2017	20	1	84
2026	23	1	87
2034	34	1	86
2038	3	1	85
2046	105	1	89
2059	270	3	80	86	88
2092	49	1	82
2108	52	4	84	87	87	88
2112	35	1	80
2122	22	1	86
2128	52	1	84
2149	29	1	86
2165	10	1	82
2170	35	1	86
2176	3	1	80
2188	68	1	85
2202	9	1	86
2203	23	1	86
2225	19	2	82	82
2239	27	1	87
2260	8	1	84
2266	38	1	86
2296	30	1	86
2301	39	2	87	88
2302	55	1	86
2311	11	1	82
2325	8	1	80
2329	11	1	86
2338	2	1	86
2343	8	1	89
2353	40	2	87	87
2355	4	1	86
2365	3	1	82
2381	49	1	86
2420	9	1	86
2448	26	1	84
2474	57	1	86
2556	29	1	86
2625	15	1	86
2667	15	1	82
2675	17	1	82
2709	20	1	86
2736	4	1	82
2742	6	1	86
2748	32	1	87
2776	2	1	86
2780	6	1	82
2783	1	1	84
2804	8	1	82
2807	6	1	86
2827	7	2	86	86
2843	7	3	86	86	86
2850	7	1	86
2853	2	1	86
2857	19	1	82
2865	7	1	87
2872	13	1	82
2883	23	1	82
2884	33	2	80	89
2899	21	1	84
2905	30	1	84
2925	23	1	87
2926	16	1	86
2933	2	1	82
2953	12	1	86
3009	26	1	80
3038	19	1	86
3058	5	1	82
3059	18	1	87
3103	10	1	84
3122	4	3	82	82	82
3135	20	1	86
3207	1	1	82
3228	9	1	82
3233	9	1	88
3276	20	1	84
3323	38	1	82
3335	3	1	82
3379	11	3	82	82	82
3381	13	1	82
3397	8	1	86
3403	5	1	82
3459	6	1	82
3525	6	1	87
3545	1	1	87
3642	2	1	86
3710	8	1	82
3712	8	1	82
3769	19	1	82
3770	5	1	86
3776	5	1	84
3885	4	1	84
3940	1	1	86
3955	5	1	86
3991	1	1	82
4014	3	1	89
4101	8	1	82
4117	2	1	86
4176	1	1	82
4209	1	1	84
4216	1	1	84
4220	2	1	82
4350	1	1	86
4356	8	1	86
4384	7	2	87	87
4425	4	1	84
4501	1	1	88
4745	2	1	82
4748	1	1	82
5111	1	1	85
5167	2	1	82
5179	2	1	84
5196	2	1	82
5367	2	1	84
5626	1	1	86
5773	2	1	80
5934	1	1	82
5955	1	1	82
6175	1	1	88
6187	1	1	82
6229	1	1	82
