2	522	1	1257
9	460	2	1253	1258
16	286	1	1257
31	254	1	1257
37	139	1	1257
46	63	1	1257
48	257	1	1257
50	385	1	1253
54	733	2	1253	1258
67	827	1	1257
71	218	1	1258
73	344	2	1253	1258
74	65	1	1257
96	113	1	1257
112	118	2	1253	1258
121	192	2	1253	1258
156	205	1	1257
167	516	1	1257
176	640	1	1253
180	221	1	1257
210	118	1	1253
229	118	1	1257
236	95	1	1257
279	332	2	1253	1258
283	25	1	1257
293	151	1	1257
319	45	1	1258
320	52	1	1253
326	12	1	1258
327	4	1	1253
335	232	1	1257
359	233	2	1253	1258
371	26	2	1253	1257
374	249	1	1257
397	159	2	1253	1258
456	54	1	1257
460	155	1	1257
467	113	1	1253
490	261	2	1257	1258
529	709	1	1257
557	69	1	1257
561	130	1	1258
593	56	1	1258
597	193	1	1257
612	55	1	1257
645	227	1	1257
664	91	1	1257
690	96	1	1257
721	216	1	1257
738	85	1	1253
747	93	1	1257
751	166	1	1257
766	132	1	1257
771	101	1	1253
786	56	1	1257
831	34	1	1257
842	137	1	1257
850	279	2	1257	1258
855	51	1	1253
943	38	1	1257
950	15	1	1257
983	184	1	1257
986	108	1	1257
1000	66	1	1257
1001	73	1	1257
1069	138	1	1257
1121	109	1	1253
1130	157	1	1258
1188	36	1	1257
1189	121	2	1253	1258
1199	17	1	1257
1218	14	1	1257
1249	5	1	1250
1297	52	1	1257
1303	83	1	1257
1385	42	1	1257
1516	20	1	1258
1691	7	1	1258
1729	76	1	1258
1776	59	1	1253
1823	9	1	1253
1922	21	1	1257
2008	3	1	1250
2041	6	1	1257
2059	270	1	1253
2163	51	1	1253
2324	6	1	1250
2339	50	1	1253
2352	19	1	1257
2474	57	1	1257
2479	50	1	1257
2546	33	1	1257
2553	21	1	1250
2568	43	1	1257
2633	5	1	1250
2654	17	1	1258
2669	3	1	1258
3098	5	1	1257
3443	1	1	1250
3708	4	1	1257
3841	4	1	1258
4218	1	1	1257
4637	1	1	1253
4694	1	1	1258
4833	1	1	1257
5552	2	1	1258
5877	1	1	1258
6159	1	1	1250
