2	522	4	640	646	646	649
3	402	1	644
5	41	1	649
7	14	1	648
8	114	1	640
9	460	4	640	642	648	649
14	136	1	646
16	286	1	649
17	35	2	646	649
18	318	2	644	645
31	254	5	642	645	646	648	649
33	25	1	647
37	139	1	646
46	63	1	646
48	257	3	645	646	649
49	124	1	645
50	385	1	649
53	219	2	644	648
54	733	4	640	642	645	646
55	104	2	642	645
61	98	1	640
62	89	1	645
65	159	2	640	642
67	827	5	642	645	646	646	649
69	271	4	642	644	645	648
73	344	1	640
75	182	1	647
77	63	1	645
94	240	1	647
96	113	2	646	649
103	237	3	640	642	644
111	30	1	645
112	118	1	640
115	225	2	644	648
119	32	1	645
121	192	1	640
122	100	1	642
123	59	1	645
132	187	1	648
133	113	1	640
156	205	3	640	646	649
158	258	1	640
167	516	6	645	646	646	647	648	649
169	194	1	648
170	37	1	648
171	137	1	645
172	79	1	642
176	640	1	646
179	121	2	645	646
180	221	1	640
181	147	1	647
182	53	1	648
191	49	1	648
193	215	1	649
202	306	2	642	648
203	36	1	644
204	244	3	644	645	648
205	241	1	645
206	29	1	648
225	185	2	640	649
229	118	2	646	649
230	248	2	644	647
236	95	3	646	646	649
240	128	1	644
247	233	2	645	646
250	19	1	647
252	193	2	640	644
260	98	1	640
278	49	2	648	649
279	332	1	640
283	25	2	646	649
285	237	1	647
293	151	3	646	646	649
299	113	1	642
306	128	1	648
311	42	1	649
318	211	2	644	648
319	45	1	640
328	122	1	640
335	232	5	642	645	646	646	649
348	173	1	644
359	233	1	640
362	45	1	649
373	88	1	640
374	249	3	646	646	649
379	46	1	646
380	42	1	649
381	88	1	648
384	205	2	646	646
397	159	1	646
400	38	1	649
402	165	2	642	649
412	82	1	649
416	106	1	649
418	223	1	640
424	83	1	642
441	80	1	644
444	28	1	648
450	166	1	647
456	54	1	649
460	155	1	645
465	79	1	642
471	59	1	649
481	56	1	649
484	23	1	640
490	261	4	640	646	648	649
492	134	1	649
493	75	2	644	647
496	30	1	642
508	72	1	646
522	291	3	644	647	648
524	56	1	646
529	709	7	640	642	644	645	646	648	649
532	91	1	645
533	26	1	648
534	102	1	646
537	231	2	645	646
544	101	1	645
556	69	1	642
557	69	1	649
561	130	1	642
564	50	1	644
567	59	1	645
575	37	1	645
577	29	1	640
585	4	1	649
597	193	3	642	646	649
612	55	2	640	649
616	40	1	640
627	148	1	646
632	61	2	645	649
639	10	1	640
641	56	2	642	645
643	68	1	644
645	227	1	646
647	29	1	648
657	49	1	642
667	16	1	647
682	26	1	640
690	96	2	646	649
694	90	1	644
699	43	1	645
701	107	1	648
705	8	1	649
714	205	1	649
715	250	3	642	645	648
718	187	2	642	648
721	216	5	642	645	646	648	649
725	80	1	640
733	173	1	647
734	50	1	640
738	85	1	640
747	93	1	646
749	62	1	644
751	166	3	642	646	646
752	214	1	645
766	132	1	646
767	49	1	647
769	124	1	649
779	58	1	645
796	12	1	644
797	35	2	644	648
800	36	2	645	649
804	49	1	642
806	50	1	644
828	15	1	648
829	34	1	642
842	137	1	649
844	317	2	644	648
850	279	1	640
854	39	1	645
861	115	1	649
895	57	1	649
897	17	1	640
900	67	1	642
905	125	1	642
941	145	1	649
943	38	3	642	646	649
946	75	1	640
948	190	1	640
983	184	2	646	649
986	108	1	645
997	19	1	649
998	101	1	645
1032	33	1	649
1036	59	1	645
1045	186	2	644	648
1046	14	1	648
1047	144	1	649
1050	29	1	644
1054	19	1	645
1069	138	1	649
1087	58	1	645
1094	99	1	646
1101	36	1	645
1103	34	1	640
1120	18	1	649
1122	40	1	645
1129	83	1	649
1130	157	1	640
1146	31	1	647
1159	31	1	644
1167	11	1	647
1184	105	2	644	647
1189	121	1	640
1198	42	1	649
1223	27	1	649
1229	58	2	640	649
1232	48	1	649
1233	59	1	645
1252	88	2	645	646
1286	28	1	649
1292	15	1	645
1297	52	1	640
1298	9	1	640
1303	83	3	645	646	646
1321	63	1	645
1322	36	1	644
1327	34	1	649
1350	30	1	642
1365	53	1	645
1366	7	1	646
1368	147	2	640	649
1371	12	1	648
1386	24	1	649
1414	282	3	642	645	648
1429	34	1	645
1433	107	1	649
1453	38	1	648
1460	139	1	645
1500	52	1	648
1533	10	1	645
1569	28	1	645
1570	5	2	646	646
1582	74	1	648
1622	33	1	646
1623	24	1	645
1651	22	1	649
1662	47	1	648
1696	20	1	648
1705	27	1	649
1718	3	1	645
1728	97	2	642	645
1729	76	1	640
1753	40	1	645
1788	12	1	640
1817	59	1	642
1821	27	1	642
1850	33	1	640
1874	24	1	648
1886	32	1	640
1905	34	1	649
1922	21	2	646	649
1956	23	1	640
2013	9	1	646
2034	34	1	648
2078	45	1	646
2108	52	1	649
2143	9	1	645
2170	35	1	647
2174	2	1	640
2194	23	1	648
2197	2	1	640
2247	22	1	640
2291	29	1	646
2302	55	1	644
2326	33	1	645
2329	11	1	649
2381	49	1	646
2393	10	1	642
2448	26	1	646
2454	58	1	640
2458	44	1	648
2470	26	1	648
2473	14	1	648
2474	57	1	648
2479	50	2	646	649
2503	8	1	642
2549	9	1	645
2602	20	1	646
2627	31	2	646	649
2718	6	1	649
2763	10	1	644
2869	10	1	646
2880	5	1	645
2910	6	1	649
2920	15	1	648
2989	26	1	649
2993	15	1	645
3136	4	1	640
3155	20	1	649
3162	6	1	645
3168	23	1	642
3208	1	1	642
3211	15	1	642
3230	16	1	646
3272	4	1	647
3323	38	1	645
3402	10	1	645
3571	5	1	645
3635	3	1	647
3691	19	2	646	649
3724	3	1	649
3751	14	1	645
3884	9	1	646
4161	9	1	645
4167	1	1	649
4195	2	1	645
4772	2	1	648
5034	2	1	642
5048	6	1	640
5362	2	1	645
6005	1	1	649
6157	1	1	646
6191	1	1	647
