2	522	4	122	125	125	128
3	402	2	120	127
7	14	1	125
9	460	6	122	125	125	127	128	128
12	126	1	122
16	286	2	120	127
18	318	1	125
29	22	1	125
31	254	3	122	128	128
36	62	1	125
40	133	1	127
41	71	1	120
42	52	1	127
48	257	1	125
50	385	4	120	125	127	128
53	219	1	120
54	733	3	125	125	128
59	236	1	125
60	231	2	125	128
61	98	2	124	125
62	89	1	125
65	159	1	125
67	827	5	120	122	125	127	128
71	218	1	125
73	344	3	122	125	125
75	182	2	120	127
79	87	1	125
93	42	1	120
100	35	1	122
112	118	1	125
119	32	1	120
121	192	2	122	125
122	100	1	125
123	59	1	125
124	13	2	122	125
126	41	3	127	128	128
131	90	2	120	125
135	70	1	128
137	73	2	122	125
140	29	1	122
143	116	1	120
149	63	1	122
156	205	4	122	125	128	128
162	75	2	124	125
171	137	1	127
172	79	1	122
174	118	1	127
176	640	3	120	120	127
179	121	1	125
180	221	2	125	128
183	160	1	120
184	42	1	125
189	121	2	120	127
193	215	1	125
196	93	1	120
210	118	2	124	125
225	185	1	125
229	118	1	122
232	92	1	120
238	93	2	122	128
240	128	1	120
247	233	1	127
248	38	1	128
256	137	1	127
264	224	1	120
267	58	1	122
278	49	1	125
279	332	1	125
280	61	1	122
285	237	3	120	120	127
291	260	2	122	125
299	113	1	125
303	42	1	125
306	128	1	125
311	42	1	125
315	40	1	120
320	52	3	122	128	128
321	104	2	125	125
328	122	3	122	128	128
331	47	1	125
332	31	1	125
334	23	1	122
335	232	2	122	125
339	70	1	127
343	101	2	122	125
349	48	2	128	128
359	233	1	125
362	45	1	125
367	17	1	128
372	183	2	120	127
373	88	1	125
374	249	1	125
376	6	1	128
379	46	1	125
380	42	1	125
384	205	1	125
397	159	2	125	125
398	22	2	124	125
400	38	1	125
402	165	1	125
407	48	1	125
410	48	2	125	125
412	82	1	125
415	7	1	120
416	106	1	125
424	83	1	125
426	110	1	128
435	71	1	125
453	83	1	122
454	79	1	120
456	54	1	128
460	155	1	125
467	113	3	125	128	128
471	59	1	125
482	42	2	128	128
484	23	1	125
490	261	3	122	125	128
491	74	1	124
492	134	1	125
502	98	1	125
512	202	3	120	120	127
515	94	3	124	125	128
516	36	1	120
519	77	1	125
522	291	3	120	120	127
528	45	1	127
529	709	2	122	125
534	102	1	125
535	11	2	128	128
537	231	1	127
539	55	1	120
542	165	3	122	125	128
545	70	2	120	127
561	130	1	125
586	93	3	125	128	128
592	32	2	125	128
593	56	1	124
594	125	2	122	125
595	120	2	120	127
597	193	1	125
599	69	1	122
607	45	1	120
612	55	2	122	125
616	40	1	125
627	148	1	125
628	47	1	125
629	76	2	122	128
631	8	1	128
633	13	2	122	125
645	227	2	122	128
656	103	1	125
664	91	1	120
668	49	1	120
670	126	1	122
675	87	1	127
682	26	1	125
688	133	1	125
694	90	1	120
695	143	2	122	128
705	8	1	125
707	212	2	120	127
714	205	1	128
721	216	2	122	125
725	80	2	125	125
726	27	1	125
728	31	1	125
733	173	1	120
734	50	1	125
738	85	1	125
743	9	1	125
751	166	1	125
752	214	1	127
767	49	1	120
769	124	2	122	128
777	114	1	120
786	56	1	128
789	139	1	124
798	40	1	120
800	36	1	125
813	39	1	127
814	171	1	125
816	37	1	127
823	115	1	124
829	34	1	125
838	18	1	125
843	51	1	127
850	279	4	122	125	128	128
874	11	1	125
881	56	1	128
884	150	1	125
885	43	2	128	128
891	23	3	124	128	128
894	39	1	127
903	77	2	122	128
921	113	3	125	128	128
925	46	2	125	125
926	33	1	125
927	42	1	125
938	13	1	128
946	75	1	122
948	190	1	125
954	4	1	125
957	75	1	127
958	5	1	120
975	82	1	128
980	24	1	124
983	184	1	122
997	19	1	125
1016	26	1	127
1017	20	1	125
1022	48	1	122
1030	17	1	120
1032	33	1	125
1034	28	1	122
1041	49	2	125	128
1047	144	1	125
1050	29	1	125
1056	8	1	125
1062	7	1	120
1063	30	1	122
1065	54	1	125
1069	138	1	128
1070	77	1	120
1095	20	1	125
1096	95	1	125
1108	92	1	125
1111	25	1	128
1121	109	2	124	125
1129	83	1	125
1130	157	1	122
1148	78	3	122	128	128
1156	82	1	125
1159	31	1	128
1165	21	1	125
1166	30	1	125
1189	121	2	122	128
1213	80	1	120
1222	6	2	128	128
1223	27	1	125
1229	58	1	125
1254	10	1	120
1262	38	1	120
1283	31	1	122
1284	46	2	128	128
1286	28	1	125
1287	72	3	122	125	125
1288	16	1	120
1297	52	1	125
1332	7	1	125
1334	5	1	127
1337	58	1	122
1346	87	2	120	125
1364	54	2	125	125
1367	21	1	125
1368	147	2	124	125
1378	114	1	122
1386	24	1	120
1392	16	2	124	127
1414	282	1	125
1423	24	1	125
1440	9	1	125
1441	1	1	128
1456	19	1	128
1457	25	1	125
1460	139	1	127
1463	29	2	128	128
1494	12	1	125
1517	3	2	128	128
1519	120	2	128	128
1526	32	2	128	128
1532	27	1	125
1540	32	1	125
1561	45	1	127
1571	110	1	124
1573	59	1	124
1589	6	2	128	128
1614	18	1	122
1618	14	1	125
1623	24	1	125
1649	6	1	125
1660	21	1	125
1666	3	2	128	128
1685	67	1	125
1686	18	2	125	128
1692	54	1	128
1701	42	1	125
1716	37	1	120
1730	3	1	128
1742	90	1	125
1751	26	1	120
1762	57	1	125
1775	18	1	125
1792	8	1	127
1797	64	1	125
1818	4	1	125
1820	9	1	125
1825	5	1	122
1835	11	1	120
1843	5	1	127
1864	18	1	128
1872	24	1	125
1916	75	2	120	125
1934	11	1	122
1937	53	1	120
1939	66	1	122
1949	9	1	124
1961	9	1	122
1977	26	1	125
1993	45	2	125	125
2005	7	2	128	128
2015	51	1	120
2025	16	1	128
2029	10	1	125
2037	41	1	125
2046	105	3	125	125	128
2047	6	1	125
2048	31	1	122
2059	270	2	122	125
2062	33	1	125
2091	4	2	128	128
2108	52	2	120	125
2112	35	1	128
2128	52	1	125
2133	29	1	122
2144	30	1	125
2160	82	1	125
2163	51	1	128
2171	2	2	128	128
2188	68	1	125
2189	1	1	128
2202	9	1	120
2206	22	2	120	125
2227	3	1	120
2237	21	1	127
2240	20	1	125
2245	15	1	125
2259	10	1	125
2301	39	1	125
2302	55	1	125
2324	6	1	128
2328	13	1	120
2329	11	1	125
2339	50	1	125
2409	44	1	122
2479	50	1	125
2505	3	1	120
2545	9	1	125
2599	27	1	127
2651	23	1	125
2688	29	1	122
2712	6	1	128
2717	13	1	127
2718	6	1	125
2722	8	2	128	128
2729	23	1	125
2748	32	1	125
2749	26	2	128	128
2763	10	1	120
2785	10	1	120
2789	6	1	127
2802	1	1	128
2887	1	1	128
2905	30	1	125
2910	6	1	128
2971	5	1	125
2990	19	1	125
2991	19	1	122
2998	9	1	125
3018	3	1	128
3025	3	1	127
3027	11	1	128
3037	11	2	128	128
3039	11	2	128	128
3126	15	1	125
3157	9	1	127
3174	5	1	120
3190	10	1	125
3195	2	2	128	128
3232	13	1	125
3250	13	1	127
3304	11	1	128
3323	38	1	125
3361	5	1	120
3362	5	1	122
3401	3	1	128
3435	16	1	128
3436	2	1	127
3470	1	1	128
3497	18	1	125
3586	9	1	125
3612	3	1	122
3618	1	1	128
3671	3	1	125
3736	2	2	125	125
3747	3	2	128	128
3995	2	1	122
4018	1	1	128
4058	3	1	125
4171	1	1	128
4240	3	2	128	128
4267	14	1	128
4303	2	1	120
4396	2	1	125
4407	1	1	128
4606	1	1	128
4633	2	2	128	128
4721	2	2	128	128
4793	1	1	128
4805	2	1	127
4870	2	2	128	128
4908	2	2	128	128
4937	5	1	128
5059	1	1	128
5072	3	1	125
5094	2	1	128
5192	4	1	128
5208	1	1	128
5222	2	1	122
5286	1	1	128
5300	1	1	128
5343	1	1	128
5429	4	1	120
5536	1	1	120
5567	1	1	124
5590	1	1	128
5606	1	1	128
5715	1	1	128
5717	1	1	128
5795	1	1	122
6055	1	1	128
6063	1	1	128
6198	1	1	128
6210	1	1	122
