2	522	5	131	137	138	138	139
3	402	1	134
6	30	1	130
9	460	5	131	134	137	138	138
12	126	1	137
14	136	2	136	136
16	286	2	137	138
18	318	4	131	137	138	138
19	91	2	138	139
23	134	1	130
31	254	1	139
41	71	1	134
48	257	1	137
49	124	1	130
50	385	4	131	134	138	139
53	219	1	133
54	733	4	133	136	136	138
55	104	1	130
59	236	1	136
60	231	1	136
62	89	1	134
65	159	1	133
67	827	5	130	131	134	137	138
69	271	3	130	138	139
71	218	1	137
73	344	2	138	138
74	65	1	138
75	182	1	134
77	63	1	133
79	87	1	136
91	28	1	131
94	240	1	138
96	113	1	137
99	7	1	130
103	237	3	134	138	139
111	30	1	137
112	118	1	133
115	225	3	131	138	139
119	32	1	133
129	5	1	130
132	187	1	133
133	113	1	136
135	70	2	133	136
137	73	1	138
141	95	1	136
143	116	1	133
145	64	1	136
147	56	3	131	138	139
153	49	1	134
155	49	1	138
156	205	1	138
158	258	1	136
165	38	1	134
167	516	8	130	130	131	133	137	138	138	139
169	194	4	130	133	138	138
171	137	1	139
176	640	2	136	138
178	55	2	136	136
179	121	1	130
180	221	1	133
181	147	1	134
182	53	1	139
183	160	2	138	139
189	121	1	138
191	49	1	133
194	40	1	136
196	93	1	138
200	79	1	131
202	306	4	130	131	138	139
204	244	1	130
205	241	3	130	131	133
206	29	1	138
213	56	1	136
225	185	1	137
226	42	1	131
230	248	1	134
237	14	1	137
246	21	1	136
247	233	3	131	133	138
248	38	1	139
252	193	1	136
256	137	1	134
258	112	1	136
259	28	1	136
261	105	1	139
267	58	1	137
268	11	1	134
272	63	2	136	136
278	49	2	133	138
279	332	1	136
283	25	1	137
285	237	3	131	138	139
286	88	3	136	136	136
291	260	2	134	137
318	211	2	131	138
319	45	1	138
332	31	1	136
335	232	1	138
345	54	2	136	137
359	233	1	136
369	21	2	130	133
372	183	1	134
374	249	3	130	137	138
381	88	2	133	139
384	205	3	133	138	138
386	312	3	133	136	137
393	119	1	134
405	58	2	130	131
407	48	1	130
421	42	2	136	137
426	110	2	136	136
450	166	1	134
451	209	2	136	139
460	155	1	134
461	27	1	138
465	79	1	138
466	47	1	136
490	261	2	133	137
491	74	1	136
492	134	1	131
502	98	2	133	133
508	72	2	131	139
516	36	1	131
518	31	2	138	138
522	291	1	138
529	709	7	130	131	133	134	137	138	139
532	91	1	139
539	55	1	138
542	165	1	130
544	101	1	130
555	72	1	131
556	69	1	138
559	87	1	136
567	59	1	130
576	117	2	136	137
577	29	1	136
586	93	2	138	138
590	11	1	130
594	125	1	138
597	193	2	138	139
599	69	1	137
602	37	1	134
610	34	2	138	139
612	55	2	137	138
616	40	1	133
621	23	1	137
627	148	1	137
628	47	1	137
641	56	1	131
645	227	2	137	139
652	57	1	139
654	17	1	136
656	103	2	133	137
658	64	1	130
661	24	1	134
670	126	1	136
675	87	1	134
688	133	1	136
690	96	1	138
695	143	1	139
697	100	3	131	138	139
699	43	1	133
703	75	1	134
704	88	1	137
707	212	2	131	138
710	84	2	136	136
715	250	1	139
718	187	3	130	131	139
721	216	2	130	137
723	46	1	138
725	80	1	137
737	6	1	136
738	85	1	133
740	85	1	133
747	93	1	137
751	166	2	137	138
752	214	2	130	131
766	132	2	137	138
767	49	1	133
771	101	2	133	133
773	57	2	138	139
801	104	2	130	133
814	171	2	136	137
816	37	1	134
819	19	1	133
842	137	1	137
844	317	3	131	138	139
846	96	1	139
850	279	1	137
861	115	1	133
863	27	1	138
867	120	1	137
872	70	1	131
882	17	1	131
884	150	1	137
899	65	2	138	138
903	77	1	130
916	45	1	137
919	53	1	136
920	47	1	131
921	113	2	136	136
927	42	2	136	138
934	101	1	131
935	17	1	137
938	13	1	137
940	14	1	130
941	145	1	137
957	75	1	134
959	20	1	138
983	184	2	137	139
991	20	1	137
992	68	3	136	136	136
998	101	5	134	136	136	138	138
1002	106	1	137
1011	60	1	133
1012	71	1	136
1017	20	2	131	133
1028	90	1	137
1031	32	1	130
1045	186	2	130	134
1047	144	1	136
1052	117	3	133	133	136
1054	19	1	130
1058	177	1	137
1063	30	1	131
1069	138	1	137
1072	36	1	136
1079	24	1	138
1080	23	1	138
1084	7	1	136
1122	40	1	139
1131	47	1	136
1133	39	1	134
1149	42	1	137
1156	82	1	137
1160	3	1	136
1166	30	1	130
1170	8	1	136
1176	64	3	131	138	139
1183	25	1	134
1198	42	1	137
1224	81	3	131	138	139
1230	15	1	139
1233	59	1	130
1243	44	1	133
1261	54	1	136
1283	31	1	137
1286	28	1	138
1296	12	1	133
1297	52	1	136
1303	83	1	137
1321	63	2	138	139
1322	36	1	137
1336	48	1	134
1339	5	1	137
1341	21	1	136
1343	8	1	137
1344	47	2	131	138
1365	53	2	130	130
1368	147	1	136
1374	51	1	139
1376	162	2	136	136
1378	114	1	130
1403	10	1	133
1409	15	1	138
1414	282	3	130	136	138
1417	41	1	137
1433	107	1	137
1445	25	1	136
1460	139	1	131
1464	27	1	136
1468	38	1	136
1470	1	1	130
1471	7	1	139
1474	36	2	130	137
1476	39	1	138
1500	52	1	133
1504	41	1	137
1519	120	1	137
1520	35	1	136
1524	76	1	136
1527	51	2	138	138
1529	33	1	138
1532	27	1	138
1542	16	1	136
1563	11	1	134
1571	110	1	136
1579	53	2	136	136
1582	74	1	131
1591	36	1	133
1592	3	1	131
1598	12	1	133
1602	7	1	136
1603	55	2	136	137
1629	73	2	130	139
1638	37	2	131	137
1643	24	1	136
1660	21	1	138
1662	47	1	131
1689	8	1	131
1711	25	1	133
1717	23	2	136	136
1736	69	2	131	139
1742	90	1	138
1743	55	1	136
1744	14	1	136
1746	11	1	133
1754	77	3	136	136	136
1762	57	1	133
1763	9	1	133
1784	28	2	136	136
1801	69	1	136
1808	47	1	138
1817	59	1	139
1833	40	1	131
1835	11	1	137
1843	5	1	134
1854	32	1	136
1855	122	1	134
1873	5	1	136
1884	164	1	136
1916	75	2	138	138
1925	40	1	139
1927	56	1	136
1941	5	1	137
1990	3	1	130
1993	45	1	137
2002	2	2	138	138
2003	28	1	137
2004	22	1	138
2015	51	1	134
2027	12	1	136
2031	21	1	139
2046	105	2	136	138
2053	37	1	136
2059	270	3	130	136	137
2063	31	1	137
2071	45	1	137
2115	7	1	136
2120	24	2	136	136
2133	29	1	137
2144	30	1	138
2149	29	1	136
2173	10	1	136
2191	16	1	133
2231	62	1	131
2239	27	2	136	136
2247	22	1	137
2249	8	1	133
2257	20	1	139
2288	20	1	136
2314	24	1	137
2326	33	1	130
2353	40	1	136
2381	49	2	130	133
2419	12	1	137
2458	44	2	133	138
2470	26	1	138
2483	3	1	134
2525	18	1	138
2530	13	1	137
2555	19	2	136	136
2568	43	1	136
2571	12	1	138
2592	1	1	138
2599	27	1	134
2625	15	1	139
2648	1	1	138
2683	11	1	137
2706	33	1	137
2717	13	1	134
2729	23	1	138
2739	11	1	139
2746	3	1	138
2749	26	2	136	137
2752	18	1	138
2755	1	1	133
2772	29	1	130
2825	10	2	136	136
2862	35	3	136	136	136
2881	16	1	133
2888	5	1	138
2905	30	1	136
2911	7	1	138
2955	19	2	131	139
2967	7	1	130
2977	7	2	136	136
3055	11	1	136
3079	6	1	138
3128	22	1	137
3135	20	1	130
3201	14	1	131
3211	15	1	138
3250	13	1	131
3257	5	2	131	138
3304	11	1	139
3350	8	1	130
3352	5	1	136
3449	3	1	136
3497	18	1	139
3530	2	1	130
3735	5	1	136
3751	14	1	130
3759	5	1	133
3800	2	1	136
3874	9	1	133
4009	7	1	137
4024	20	2	136	136
4037	12	1	133
4071	1	1	138
4241	4	1	133
4541	1	1	139
4623	1	1	136
4798	1	1	138
4810	3	1	136
4992	2	1	133
5063	3	1	137
5159	2	1	137
5173	4	1	133
5320	1	1	130
5377	1	1	133
5503	1	1	136
5818	1	1	130
5896	1	1	136
6242	1	1	138
