2	522	4	1342	1342	1344	1347
3	402	1	1347
14	136	1	1341
16	286	3	1342	1345	1347
18	318	1	1342
19	91	1	1347
20	70	1	1341
22	52	1	1345
31	254	2	1342	1344
37	139	1	1342
42	52	1	1347
48	257	1	1342
49	124	1	1342
50	385	1	1344
54	733	5	1341	1342	1342	1343	1345
60	231	2	1342	1345
62	89	1	1342
65	159	1	1342
67	827	2	1345	1347
69	271	2	1342	1345
74	65	1	1345
75	182	1	1347
80	9	1	1341
91	28	1	1345
93	42	1	1347
94	240	1	1345
96	113	1	1342
103	237	2	1345	1347
110	43	1	1342
111	30	1	1342
113	15	1	1342
115	225	1	1347
116	15	1	1347
122	100	1	1342
143	116	2	1345	1347
144	23	1	1347
145	64	1	1343
155	49	2	1342	1345
156	205	2	1342	1347
157	64	1	1347
158	258	1	1343
167	516	2	1342	1345
169	194	1	1347
182	53	1	1345
183	160	1	1345
193	215	1	1341
200	79	1	1342
202	306	1	1345
204	244	1	1345
205	241	1	1345
218	84	1	1345
219	42	1	1347
225	185	1	1343
230	248	1	1347
232	92	1	1347
235	20	1	1342
236	95	1	1342
240	128	1	1347
243	42	1	1345
244	18	1	1347
247	233	1	1342
260	98	1	1344
279	332	1	1343
280	61	1	1342
281	15	1	1341
285	237	1	1347
286	88	1	1343
291	260	1	1347
296	135	1	1347
299	113	1	1342
328	122	1	1342
339	70	1	1347
340	24	1	1347
343	101	1	1342
348	173	1	1347
359	233	1	1342
362	45	1	1342
366	34	1	1342
371	26	1	1342
372	183	1	1347
374	249	1	1342
380	42	1	1342
386	312	1	1343
388	35	1	1342
393	119	1	1347
400	38	1	1342
401	34	1	1345
402	165	1	1342
418	223	1	1341
424	83	1	1342
426	110	1	1341
432	56	1	1342
436	24	1	1347
441	80	1	1347
449	14	1	1347
450	166	1	1347
454	79	1	1347
460	155	1	1341
465	79	1	1345
466	47	1	1343
475	194	1	1345
480	31	1	1342
481	56	1	1342
490	261	1	1342
497	106	1	1347
523	35	1	1347
529	709	3	1342	1345	1347
534	102	1	1342
537	231	1	1345
542	165	2	1342	1345
544	101	1	1345
555	72	1	1347
557	69	1	1342
561	130	1	1343
564	50	1	1345
576	117	1	1344
595	120	2	1345	1347
597	193	1	1342
601	23	1	1347
602	37	1	1347
614	4	1	1345
645	227	1	1342
651	41	1	1345
657	49	1	1342
658	64	1	1342
664	91	1	1342
672	1	1	1341
673	9	1	1347
678	28	1	1345
688	133	3	1341	1345	1347
701	107	1	1345
707	212	2	1344	1347
710	84	1	1342
714	205	1	1343
715	250	1	1345
721	216	1	1342
722	15	1	1342
727	23	2	1342	1345
738	85	1	1342
747	93	1	1342
751	166	1	1342
752	214	1	1345
766	132	1	1345
770	58	1	1341
790	49	1	1347
801	104	1	1343
802	3	1	1343
805	16	2	1342	1347
814	171	1	1344
820	36	1	1347
823	115	1	1342
832	32	1	1347
842	137	1	1343
844	317	1	1345
848	100	1	1347
867	120	1	1342
872	70	1	1342
884	150	1	1342
900	67	1	1342
912	41	1	1347
916	45	1	1344
929	11	1	1342
930	39	2	1342	1345
933	25	1	1347
934	101	1	1347
936	52	1	1347
944	54	1	1347
947	56	1	1342
961	65	1	1347
970	28	1	1342
983	184	1	1342
1000	66	1	1342
1011	60	1	1345
1012	71	1	1341
1024	32	1	1345
1028	90	1	1342
1041	49	1	1342
1045	186	1	1345
1058	177	1	1347
1070	77	1	1347
1078	65	1	1342
1094	99	1	1342
1096	95	1	1342
1131	47	1	1342
1136	55	1	1342
1156	82	2	1342	1347
1158	20	1	1343
1163	10	1	1342
1165	21	1	1341
1189	121	1	1342
1199	17	1	1342
1213	80	1	1347
1230	15	1	1347
1243	44	1	1341
1245	18	1	1347
1248	42	1	1344
1280	57	1	1347
1303	83	1	1342
1323	21	1	1347
1324	15	1	1347
1340	7	1	1341
1342	44	1	1342
1344	47	1	1345
1376	162	1	1341
1385	42	1	1342
1399	39	1	1343
1410	41	1	1345
1439	7	1	1342
1453	38	1	1344
1460	139	1	1347
1463	29	1	1347
1554	8	1	1345
1629	73	1	1345
1657	33	1	1347
1684	53	1	1347
1692	54	1	1342
1727	4	1	1341
1728	97	2	1342	1347
1732	25	1	1345
1743	55	1	1342
1776	59	1	1344
1812	39	1	1347
1814	16	1	1342
1819	4	1	1345
1853	37	1	1347
1855	122	1	1347
1856	15	1	1347
1883	10	1	1342
1942	12	1	1342
1945	57	1	1347
1965	17	1	1347
1973	27	1	1345
1977	26	1	1342
1993	45	1	1342
2030	4	1	1344
2059	270	2	1342	1344
2068	1	1	1347
2078	45	1	1342
2092	49	1	1347
2095	12	1	1342
2149	29	2	1343	1347
2181	9	1	1344
2203	23	1	1345
2239	27	1	1342
2314	24	1	1344
2326	33	1	1345
2342	13	1	1341
2348	47	1	1342
2379	20	1	1342
2391	13	1	1347
2392	9	1	1343
2463	3	1	1347
2525	18	1	1345
2530	13	1	1344
2556	29	1	1344
2595	15	1	1347
2616	6	1	1341
2662	8	1	1345
2676	6	1	1344
2749	26	1	1344
2772	29	1	1345
2799	38	1	1342
2842	15	1	1342
3020	26	1	1342
3036	6	1	1341
3185	31	1	1347
3217	16	1	1345
3230	16	1	1342
3323	38	1	1345
3358	10	1	1342
3468	5	1	1347
3813	6	1	1347
3831	3	1	1345
3914	3	1	1347
3961	1	1	1344
4177	7	1	1347
4280	3	1	1347
4459	3	1	1345
4523	2	1	1344
4768	2	1	1345
5143	1	1	1345
5251	1	1	1345
5408	4	1	1345
5611	1	1	1341
5613	1	1	1347
5939	1	1	1342
5949	1	1	1341
5959	1	1	1341
6035	1	1	1347
