2	522	1	970
3	402	1	972
12	126	1	971
16	286	2	971	972
22	52	1	974
23	134	1	972
26	18	1	972
31	254	2	970	974
44	85	1	973
48	257	1	974
53	219	1	972
54	733	6	970	971	973	974	978	979
55	104	2	970	974
59	236	1	973
60	231	3	973	978	979
62	89	1	970
63	91	1	972
67	827	4	970	971	972	977
69	271	2	970	971
75	182	1	972
79	87	1	973
91	28	1	971
96	113	1	970
103	237	1	972
121	192	1	972
132	187	2	970	977
135	70	1	973
141	95	2	973	978
151	39	2	971	972
155	49	1	970
156	205	1	970
158	258	1	972
167	516	5	970	971	972	974	977
169	194	2	972	974
174	118	2	971	972
176	640	3	970	972	977
178	55	1	973
180	221	1	978
181	147	1	972
183	160	1	971
193	215	1	973
196	93	1	977
202	306	2	971	974
204	244	1	971
205	241	2	971	974
230	248	1	972
240	128	1	972
247	233	1	974
252	193	2	973	974
254	20	1	973
258	112	1	978
267	58	1	971
279	332	3	971	973	978
282	12	1	970
286	88	1	973
293	151	1	974
294	72	1	972
296	135	1	972
306	128	1	970
318	211	1	972
332	31	1	973
335	232	2	971	974
341	50	1	978
348	173	1	972
359	233	2	977	978
362	45	1	977
374	249	3	970	971	974
386	312	1	977
399	17	1	973
402	165	2	970	974
405	58	1	974
412	82	1	977
413	4	1	979
418	223	3	973	978	979
421	42	1	973
424	83	1	970
428	52	1	973
451	209	1	973
460	155	2	972	973
475	194	1	971
479	38	1	970
490	261	1	973
491	74	1	978
496	30	1	970
512	202	1	972
529	709	4	971	972	973	974
532	91	1	971
537	231	3	970	971	974
542	165	3	970	971	974
544	101	2	971	974
550	6	1	977
555	72	2	970	971
556	69	1	970
567	59	1	974
574	51	1	971
576	117	3	970	973	979
579	24	1	971
584	69	2	973	979
589	3	1	971
595	120	1	972
596	61	2	970	977
597	193	1	970
602	37	1	970
610	34	1	977
627	148	1	977
632	61	1	977
641	56	1	971
643	68	1	971
645	227	2	977	978
649	30	1	974
651	41	1	974
670	126	2	978	979
688	133	2	970	973
701	107	1	971
714	205	1	970
715	250	3	970	971	974
718	187	3	971	972	974
721	216	2	970	974
722	15	1	972
738	85	1	978
740	85	1	973
749	62	1	972
751	166	1	970
752	214	2	971	974
765	20	1	978
766	132	1	977
769	124	1	973
814	171	1	973
824	85	2	973	974
835	8	1	974
840	79	2	973	978
842	137	1	973
844	317	2	971	972
850	279	2	977	978
859	26	1	973
864	50	1	970
866	24	2	971	972
867	120	1	977
884	150	1	970
899	65	1	971
905	125	1	970
919	53	1	978
921	113	2	972	978
936	52	1	971
948	190	2	971	977
956	60	1	970
971	24	1	972
976	75	1	977
978	41	1	979
980	24	1	973
986	108	2	970	974
998	101	1	974
1000	66	1	970
1001	73	1	971
1002	106	3	971	972	978
1033	30	1	972
1045	186	2	971	974
1047	144	1	973
1052	117	1	979
1058	177	1	972
1070	77	1	972
1072	36	1	973
1075	120	1	972
1082	34	1	978
1087	58	2	970	974
1094	99	2	970	974
1101	36	1	974
1122	40	1	971
1129	83	1	979
1136	55	1	974
1145	16	1	974
1156	82	1	974
1166	30	1	970
1171	22	1	973
1179	54	1	971
1233	59	1	974
1236	16	1	973
1252	88	1	971
1261	54	1	977
1288	16	1	971
1291	8	1	974
1313	63	1	972
1321	63	1	971
1336	48	1	973
1341	21	1	978
1346	87	1	974
1349	10	1	972
1365	53	1	974
1367	21	1	974
1368	147	1	978
1376	162	1	973
1397	8	1	977
1399	39	1	978
1414	282	3	970	971	974
1424	57	1	978
1426	44	1	974
1445	25	2	977	978
1452	25	1	977
1456	19	1	971
1460	139	1	974
1477	39	1	970
1483	15	1	978
1504	41	1	978
1519	120	1	977
1524	76	1	973
1526	32	1	977
1620	31	1	974
1643	24	1	978
1673	6	1	979
1695	47	1	977
1703	17	1	973
1711	25	1	973
1713	5	1	977
1719	42	1	972
1728	97	1	970
1732	25	1	971
1743	55	2	971	972
1754	77	1	978
1765	39	1	977
1784	28	1	973
1801	69	2	973	978
1806	8	1	971
1813	19	1	973
1882	4	1	973
1893	33	1	977
1925	40	1	970
1927	56	1	973
1931	49	1	977
1984	19	1	973
2004	22	1	971
2027	12	1	973
2059	270	4	970	973	978	979
2062	33	1	970
2069	11	1	977
2071	45	1	973
2075	48	2	971	972
2082	26	1	974
2128	52	1	971
2143	9	1	974
2212	68	1	979
2231	62	1	973
2239	27	1	978
2244	18	1	977
2255	37	1	972
2266	38	1	972
2277	29	1	973
2300	14	1	972
2301	39	1	978
2309	2	1	973
2326	33	1	971
2353	40	1	978
2377	9	1	973
2424	28	1	973
2429	9	1	971
2434	3	1	971
2449	23	1	972
2533	14	2	971	972
2563	30	1	974
2568	43	1	978
2624	11	1	971
2627	31	1	977
2634	14	1	971
2635	2	1	974
2685	13	1	973
2705	4	1	973
2772	29	1	971
2805	3	1	978
2842	15	1	970
2911	7	1	979
2991	19	1	978
3062	13	2	971	972
3148	3	1	973
3245	2	1	973
3325	6	1	977
3402	10	1	974
3428	9	1	973
3510	2	1	974
3551	8	1	974
3654	17	1	977
3956	3	1	973
4039	8	1	974
4048	2	1	972
4104	1	1	972
4133	2	1	973
4563	1	1	970
4568	3	1	973
4571	3	1	973
4647	4	1	970
4675	3	1	973
4689	2	1	972
4803	10	1	971
4974	1	1	978
4987	4	1	977
5105	3	1	979
5181	10	1	978
5649	1	1	972
5742	1	1	978
5992	1	1	978
6084	1	1	971
