2	522	3	712	715	719
5	41	1	715
7	14	1	715
8	114	1	712
9	460	2	715	719
12	126	1	715
18	318	2	715	719
22	52	1	715
23	134	1	715
31	254	1	715
37	139	2	715	718
50	385	1	715
53	219	1	718
54	733	3	712	717	719
59	236	2	712	714
60	231	2	712	715
65	159	3	712	717	719
67	827	1	715
69	271	1	715
72	17	1	715
73	344	2	717	719
94	240	2	715	718
103	237	1	715
115	225	2	715	718
117	36	1	715
118	60	1	715
126	41	1	714
132	187	1	718
143	116	1	715
147	56	1	715
155	49	1	715
158	258	1	717
162	75	2	712	719
167	516	2	715	718
169	194	1	715
172	79	1	715
174	118	1	718
176	640	3	712	715	718
179	121	1	715
180	221	1	715
182	53	1	715
183	160	1	715
194	40	1	714
196	93	2	715	718
197	42	1	715
200	79	1	715
202	306	2	715	718
203	36	1	718
204	244	1	718
205	241	1	715
206	29	1	715
207	14	1	718
210	118	2	712	719
213	56	2	712	717
218	84	1	718
224	14	1	718
226	42	1	715
230	248	1	718
240	128	1	715
247	233	1	715
277	37	1	715
278	49	1	715
279	332	4	712	715	717	719
280	61	1	715
285	237	1	715
289	18	1	715
293	151	1	715
299	113	1	715
306	128	1	715
309	30	1	715
315	40	1	718
318	211	1	715
319	45	1	715
321	104	1	719
335	232	1	715
341	50	1	715
348	173	1	718
353	61	1	715
359	233	1	712
371	26	1	712
381	88	1	715
384	205	1	715
386	312	2	714	715
397	159	2	712	719
402	165	1	715
418	223	3	712	714	717
420	126	1	712
424	83	1	715
433	45	1	715
435	71	1	715
436	24	1	715
450	166	1	718
451	209	1	715
465	79	1	715
466	47	1	714
468	70	1	715
472	21	1	715
475	194	1	715
490	261	1	712
500	15	1	715
502	98	1	718
508	72	1	715
511	13	1	715
514	27	1	715
518	31	1	715
520	80	1	715
522	291	1	718
523	35	1	715
528	45	1	715
529	709	2	715	718
532	91	1	715
533	26	1	715
534	102	1	715
539	55	1	715
542	165	1	715
544	101	1	715
555	72	1	715
557	69	1	715
561	130	1	719
570	10	1	714
575	37	1	715
579	24	1	715
580	36	1	715
584	69	1	712
586	93	1	715
594	125	2	715	718
596	61	1	715
597	193	1	715
602	37	1	719
610	34	1	715
612	55	1	715
613	9	1	715
614	4	1	715
630	1	1	712
632	61	1	712
634	18	1	715
635	84	2	712	719
643	68	1	718
652	57	1	715
670	126	1	712
680	45	2	712	715
688	133	1	715
692	70	2	717	719
694	90	2	715	718
695	143	2	715	718
697	100	1	715
699	43	1	715
704	88	2	714	715
707	212	1	718
710	84	3	712	714	719
711	1	1	712
713	1	1	714
716	2	1	717
718	187	1	715
725	80	1	712
733	173	1	718
743	9	1	715
752	214	1	715
765	20	1	717
766	132	1	715
773	57	1	715
793	36	1	715
795	16	1	715
800	36	1	715
819	19	1	715
823	115	3	712	717	719
824	85	1	715
842	137	1	712
844	317	2	715	718
846	96	1	715
850	279	1	715
859	26	1	712
861	115	2	715	718
866	24	1	712
867	120	1	718
872	70	1	715
881	56	1	715
884	150	1	715
885	43	1	715
892	38	1	718
905	125	1	715
909	31	1	715
912	41	1	715
921	113	1	712
926	33	1	715
934	101	1	715
942	92	1	718
943	38	1	718
948	190	2	712	715
963	31	1	715
983	184	1	715
986	108	1	715
1002	106	1	715
1045	186	1	718
1049	26	1	718
1052	117	2	712	715
1065	54	1	715
1075	120	1	718
1082	34	1	719
1087	58	1	715
1094	99	2	715	718
1108	92	1	715
1121	109	2	712	719
1122	40	1	715
1129	83	1	715
1135	14	1	715
1156	82	1	715
1172	21	1	718
1176	64	1	715
1182	16	1	715
1188	36	1	715
1195	153	3	715	717	718
1215	1	1	715
1216	108	3	712	717	719
1224	81	1	715
1247	39	1	712
1248	42	1	715
1267	5	1	715
1278	14	1	715
1288	16	1	715
1303	83	1	715
1307	22	1	715
1321	63	1	715
1330	9	1	715
1344	47	1	715
1367	21	1	715
1374	51	1	715
1386	24	1	715
1411	31	1	715
1414	282	1	715
1420	51	1	712
1423	24	1	715
1433	107	1	718
1456	19	1	712
1457	25	1	717
1460	139	1	715
1476	39	1	715
1500	52	1	715
1519	120	1	718
1520	35	1	712
1521	42	1	718
1527	51	1	715
1540	32	1	712
1556	24	1	718
1571	110	2	712	714
1572	57	1	717
1573	59	1	719
1579	53	1	714
1606	9	1	718
1623	24	1	712
1629	73	1	715
1638	37	1	715
1644	9	1	712
1666	3	1	714
1685	67	1	717
1689	8	1	715
1711	25	1	714
1714	35	1	715
1729	76	1	715
1736	69	1	715
1737	5	1	715
1743	55	1	715
1744	14	1	712
1754	77	1	712
1768	4	1	717
1801	69	1	714
1808	47	1	717
1817	59	1	715
1831	89	1	715
1847	4	1	715
1851	13	1	714
1893	33	1	712
1937	53	1	715
1993	45	1	715
2031	21	1	715
2033	4	1	715
2045	21	1	715
2059	270	1	715
2081	6	1	715
2089	12	2	712	719
2097	35	1	718
2122	22	1	715
2124	6	1	715
2128	52	1	715
2144	30	1	715
2149	29	1	715
2151	18	1	712
2180	12	1	715
2191	16	1	715
2203	23	1	715
2270	4	1	712
2301	39	1	714
2302	55	1	715
2313	10	1	712
2329	11	1	715
2340	13	1	712
2342	13	1	712
2360	7	1	712
2370	5	1	715
2381	49	1	715
2464	7	1	715
2469	45	2	715	718
2470	26	1	715
2521	17	1	715
2533	14	1	712
2600	6	1	718
2676	6	1	715
2735	28	1	714
2739	11	1	715
2807	6	1	715
2815	27	1	712
2849	8	1	718
2920	15	1	715
2955	19	1	715
2976	16	1	715
2991	19	1	712
3062	13	1	712
3103	10	1	715
3106	3	1	715
3354	3	1	715
3414	12	1	715
3519	9	1	715
3543	7	1	715
3547	3	1	715
3551	8	1	715
3573	4	1	719
3584	5	1	715
3654	17	1	715
3785	6	1	719
3884	9	1	712
3929	1	1	715
3946	3	1	715
4059	3	1	715
4364	3	1	715
4763	1	1	712
5293	1	1	712
5766	1	1	714
