2	522	2	1123	1124
3	402	2	1124	1124
9	460	1	1120
14	136	3	1125	1128	1129
18	318	2	1120	1124
20	70	3	1125	1127	1128
22	52	1	1123
23	134	1	1123
28	25	1	1124
34	16	2	1124	1124
41	71	1	1124
44	85	1	1125
50	385	1	1124
52	57	1	1123
54	733	3	1125	1128	1129
64	81	1	1124
67	827	3	1120	1123	1124
69	271	1	1123
71	218	1	1120
73	344	1	1120
75	182	1	1124
77	63	1	1128
94	240	1	1123
103	237	1	1123
107	71	1	1124
108	55	1	1125
115	225	3	1123	1124	1124
118	60	2	1124	1124
121	192	1	1120
132	187	3	1123	1125	1129
137	73	1	1120
140	29	1	1120
141	95	1	1127
147	56	1	1123
155	49	1	1123
156	205	1	1120
157	64	1	1124
158	258	4	1125	1127	1128	1129
160	11	1	1123
167	516	1	1123
169	194	1	1123
171	137	1	1123
176	640	3	1123	1124	1124
177	53	1	1128
180	221	1	1120
181	147	2	1124	1124
182	53	1	1123
183	160	2	1123	1124
189	121	1	1124
193	215	1	1125
202	306	1	1123
205	241	1	1123
207	14	1	1123
213	56	1	1128
232	92	1	1124
240	128	1	1124
252	193	2	1120	1123
256	137	1	1124
264	224	2	1124	1124
267	58	1	1120
272	63	1	1128
273	12	1	1128
285	237	1	1123
286	88	1	1128
291	260	1	1124
293	151	1	1123
294	72	2	1124	1124
299	113	1	1123
309	30	1	1123
311	42	1	1128
318	211	2	1124	1124
319	45	1	1123
321	104	1	1120
328	122	1	1120
340	24	1	1124
343	101	1	1120
348	173	1	1124
359	233	1	1120
372	183	1	1124
386	312	1	1124
392	34	1	1124
393	119	1	1124
402	165	1	1123
418	223	1	1125
426	110	2	1127	1129
435	71	1	1123
451	209	1	1123
453	83	1	1120
456	54	1	1120
460	155	3	1120	1123	1125
465	79	1	1123
467	113	1	1120
475	194	1	1123
488	47	1	1120
492	134	2	1123	1124
493	75	1	1124
497	106	1	1124
512	202	1	1124
520	80	1	1123
522	291	1	1124
529	709	3	1120	1123	1124
539	55	1	1123
542	165	1	1123
543	12	1	1123
547	33	1	1124
559	87	3	1127	1128	1129
579	24	1	1123
594	125	1	1120
595	120	1	1124
597	193	1	1120
599	69	1	1120
607	45	2	1124	1124
635	84	1	1120
641	56	1	1123
643	68	1	1123
645	227	1	1120
647	29	1	1124
652	57	1	1123
654	17	2	1128	1129
657	49	1	1123
658	64	1	1120
680	45	1	1124
688	133	1	1125
692	70	1	1120
697	100	1	1123
701	107	1	1123
707	212	1	1124
715	250	1	1123
718	187	1	1123
721	216	1	1120
730	17	1	1127
734	50	1	1120
738	85	1	1120
752	214	2	1123	1124
753	47	2	1124	1124
760	41	1	1128
767	49	1	1124
769	124	1	1124
770	58	1	1127
772	37	1	1129
773	57	1	1123
779	58	1	1124
833	17	1	1124
844	317	1	1123
846	96	2	1123	1124
850	279	1	1120
903	77	1	1120
921	113	1	1129
934	101	1	1124
944	54	1	1124
945	49	1	1123
961	65	2	1124	1124
1012	71	1	1128
1024	32	1	1123
1070	77	1	1124
1075	120	2	1124	1124
1078	65	1	1123
1087	58	1	1123
1108	92	1	1120
1114	6	1	1124
1115	6	1	1124
1122	40	1	1123
1126	17	1	1127
1128	48	2	1125	1129
1129	83	1	1125
1130	157	1	1120
1136	55	1	1123
1165	21	1	1120
1176	64	1	1123
1184	105	1	1124
1188	36	1	1123
1192	8	1	1120
1195	153	1	1125
1262	38	1	1124
1274	63	1	1123
1288	16	1	1123
1310	34	1	1120
1330	9	1	1123
1337	58	1	1123
1346	87	1	1123
1358	8	1	1123
1374	51	1	1123
1376	162	3	1127	1128	1129
1389	30	1	1125
1402	5	1	1120
1410	41	1	1123
1414	282	1	1123
1468	38	2	1128	1129
1500	52	1	1123
1519	120	1	1128
1528	17	1	1124
1546	32	1	1123
1555	4	1	1124
1582	74	1	1123
1588	9	1	1124
1629	73	1	1124
1657	33	1	1124
1684	53	1	1124
1712	17	1	1120
1717	23	1	1125
1726	27	1	1125
1736	69	1	1123
1762	57	1	1120
1766	13	1	1124
1797	64	1	1124
1812	39	2	1128	1129
1831	89	2	1125	1127
1842	6	1	1123
1851	13	1	1125
1855	122	1	1124
1895	24	1	1124
1939	66	1	1120
1940	3	1	1124
1945	57	1	1124
2015	51	1	1124
2039	6	1	1123
2046	105	2	1128	1129
2086	4	1	1120
2092	49	1	1124
2096	22	1	1120
2098	14	1	1123
2127	32	1	1123
2146	8	1	1123
2163	51	1	1129
2168	28	1	1120
2179	20	1	1129
2181	9	1	1123
2203	23	1	1123
2225	19	1	1124
2247	22	1	1120
2257	20	1	1123
2289	5	1	1124
2291	29	1	1123
2381	49	1	1123
2409	44	1	1120
2433	15	1	1127
2440	12	1	1124
2450	6	1	1120
2469	45	1	1123
2474	57	1	1124
2488	13	1	1124
2597	7	1	1123
2629	9	1	1120
2672	13	1	1124
2736	4	1	1124
2770	7	1	1124
2807	6	1	1123
2808	27	1	1120
2811	10	1	1124
2862	35	2	1128	1129
2883	23	1	1124
2906	31	1	1123
2908	19	1	1123
2947	4	1	1123
3132	12	2	1125	1127
3133	1	1	1124
3135	20	1	1123
3185	31	1	1124
3189	12	1	1123
3194	6	1	1124
3224	4	1	1123
3250	13	1	1123
3378	3	1	1127
3433	18	1	1124
3875	6	1	1124
3959	12	1	1124
4374	1	1	1123
5238	1	1	1123
5369	1	1	1124
5592	1	1	1124
