2	522	2	563	565
3	402	2	564	565
8	114	1	569
9	460	1	568
16	286	2	565	568
18	318	1	568
19	91	1	565
26	18	1	565
31	254	1	568
48	257	1	568
49	124	2	567	568
50	385	2	563	569
54	733	3	561	568	569
55	104	1	568
59	236	1	561
60	231	1	560
65	159	2	562	569
67	827	4	563	565	567	568
69	271	1	564
71	218	1	562
73	344	1	563
87	54	1	569
88	2	1	569
94	240	1	565
103	237	3	564	565	568
112	118	1	565
122	100	1	567
131	90	1	565
132	187	1	563
133	113	2	560	565
150	16	1	565
156	205	1	563
158	258	2	560	569
167	516	1	568
176	640	3	564	565	569
179	121	1	567
180	221	1	568
181	147	1	564
183	160	1	564
193	215	1	569
202	306	1	568
204	244	2	564	567
205	241	2	564	568
213	56	1	569
230	248	1	564
232	92	1	565
240	128	1	565
247	233	4	565	567	567	568
258	112	1	563
264	224	2	564	565
279	332	1	569
285	237	2	564	565
291	260	2	563	565
299	113	1	567
306	128	1	568
311	42	1	561
318	211	1	564
321	104	1	563
328	122	1	563
334	23	1	563
335	232	1	567
340	24	1	565
343	101	1	563
348	173	1	564
352	7	1	567
359	233	2	563	569
372	183	1	565
374	249	1	567
384	205	2	565	567
386	312	2	561	569
393	119	1	565
395	34	1	565
402	165	1	568
410	48	1	563
412	82	1	563
418	223	1	561
420	126	2	568	569
422	36	1	564
433	45	1	565
441	80	1	564
450	166	1	564
451	209	1	561
453	83	1	563
461	27	1	565
465	79	1	568
472	21	1	569
475	194	1	567
493	75	1	564
502	98	1	568
510	111	1	565
518	31	1	565
520	80	1	567
522	291	2	564	565
529	709	5	563	564	565	567	568
530	78	1	569
537	231	2	565	568
546	39	1	564
559	87	1	560
561	130	1	562
566	6	1	565
567	59	1	568
570	10	1	569
575	37	1	567
577	29	1	569
592	32	1	568
594	125	1	563
596	61	1	568
619	31	1	569
629	76	1	563
635	84	1	569
643	68	1	564
645	227	3	562	563	569
658	64	1	565
670	126	1	569
673	9	1	565
694	90	2	564	567
702	3	1	565
714	205	1	561
718	187	1	567
721	216	2	563	568
722	15	1	563
733	173	1	564
740	85	1	561
741	9	1	563
752	214	1	567
789	139	1	565
801	104	1	563
804	49	1	568
806	50	1	565
825	90	1	563
842	137	1	561
844	317	1	564
846	96	1	565
848	100	1	565
850	279	1	568
862	52	1	564
903	77	1	563
905	125	1	568
917	7	1	561
919	53	1	561
921	113	1	560
942	92	1	564
961	65	1	564
982	22	1	563
991	20	1	563
992	68	1	560
1002	106	1	561
1005	95	1	565
1012	71	1	560
1016	26	1	565
1021	21	1	565
1027	2	1	563
1036	59	2	560	561
1045	186	2	564	567
1047	144	1	569
1052	117	1	565
1058	177	1	565
1069	138	1	563
1095	20	1	563
1096	95	1	563
1101	36	1	568
1108	92	1	563
1120	18	1	563
1126	17	1	560
1130	157	1	568
1135	14	1	568
1141	4	1	564
1145	16	1	567
1148	78	1	562
1156	82	1	568
1172	21	1	565
1179	54	1	568
1184	105	1	564
1189	121	1	563
1190	29	1	565
1195	153	1	560
1213	80	1	565
1252	88	2	567	568
1261	54	1	560
1278	14	1	565
1319	7	1	565
1341	21	1	561
1365	53	1	567
1368	147	1	569
1376	162	1	560
1389	30	1	565
1414	282	2	567	569
1424	57	1	569
1475	69	1	568
1512	23	1	569
1552	27	1	568
1563	11	1	565
1575	53	1	569
1580	58	1	565
1643	24	1	569
1657	33	1	568
1707	22	1	563
1717	23	1	568
1728	97	1	567
1739	16	1	560
1754	77	1	563
1762	57	1	567
1775	18	1	568
1782	26	1	560
1797	64	1	564
1831	89	1	560
1851	13	1	561
1884	164	2	565	569
1893	33	1	569
1895	24	1	565
1900	16	1	565
1909	3	1	562
1925	40	1	567
1931	49	1	560
1937	53	2	567	567
1939	66	1	563
1961	9	1	561
1973	27	1	567
1984	19	1	569
2025	16	1	563
2046	105	1	560
2096	22	1	563
2112	35	1	563
2122	22	1	564
2125	14	1	568
2168	28	1	563
2187	3	1	565
2213	7	1	567
2266	38	1	564
2275	8	1	568
2277	29	1	569
2368	50	1	568
2381	49	2	567	568
2409	44	1	563
2469	45	1	564
2474	57	1	563
2517	18	1	565
2536	2	1	563
2671	17	1	568
2699	4	1	561
2709	20	1	564
2727	12	1	565
2860	3	1	567
2905	30	1	567
2959	29	1	568
3008	13	1	565
3116	3	1	565
3241	5	1	561
3292	4	1	565
3378	3	1	560
3379	11	1	565
3417	2	1	561
3427	5	1	562
3593	6	1	565
3607	6	1	564
3643	6	1	560
3735	5	1	561
3785	6	1	560
3813	6	1	565
3934	1	1	563
4267	14	1	563
4731	1	1	565
4778	3	1	565
4810	3	1	560
4944	3	1	561
4954	3	1	568
4982	2	1	567
5236	1	1	565
5259	2	1	564
5323	1	1	565
5609	1	1	565
5884	1	1	564
6053	1	1	564
6179	1	1	564
6216	1	1	564
