2	522	3	981	985	989
3	402	2	983	984
8	114	2	981	985
9	460	2	985	988
16	286	1	989
18	318	1	983
23	134	1	984
33	25	1	984
48	257	1	982
50	385	1	989
53	219	2	983	984
54	733	4	981	984	985	988
55	104	1	984
60	231	1	985
64	81	1	983
65	159	3	980	981	985
67	827	3	982	984	989
69	271	1	983
71	218	4	981	982	988	989
73	344	4	981	982	985	988
94	240	2	983	984
95	15	1	984
100	35	1	982
103	237	1	983
110	43	1	982
121	192	1	985
122	100	1	982
123	59	1	989
143	116	1	984
156	205	1	988
158	258	1	980
162	75	3	980	981	985
167	516	1	982
169	194	1	984
172	79	1	989
176	640	4	981	983	984	985
181	147	2	983	984
183	160	1	983
193	215	1	981
204	244	1	983
205	241	1	983
210	118	2	981	985
225	185	2	980	985
230	248	2	983	984
252	193	1	981
258	112	2	981	982
264	224	1	983
279	332	3	980	981	984
280	61	1	988
284	18	1	984
285	237	1	983
291	260	1	985
294	72	1	984
296	135	1	984
302	22	1	989
303	42	1	980
318	211	2	983	984
320	52	1	989
321	104	1	981
328	122	1	988
331	47	1	985
335	232	1	989
343	101	1	982
348	173	1	984
349	48	1	988
359	233	1	985
371	26	1	981
373	88	1	988
386	312	1	981
391	64	1	982
397	159	3	981	982	985
405	58	1	984
410	48	1	985
418	223	2	980	985
422	36	1	989
436	24	1	984
438	10	1	989
449	14	1	984
450	166	1	985
451	209	1	985
456	54	1	982
460	155	1	980
467	113	1	982
481	56	1	988
490	261	2	980	988
491	74	3	980	981	985
493	75	2	983	984
497	106	1	984
502	98	1	985
515	94	1	989
516	36	1	984
522	291	2	983	984
523	35	1	984
529	709	5	982	983	984	985	988
542	165	1	982
572	29	1	983
576	117	1	985
580	36	1	984
594	125	1	988
595	120	1	984
597	193	1	989
599	69	1	982
625	32	1	984
643	68	1	983
645	227	3	980	982	989
655	50	2	982	988
656	103	1	985
658	64	1	982
668	49	1	983
678	28	1	984
682	26	1	985
685	28	1	988
694	90	1	983
695	143	1	983
704	88	1	985
714	205	2	981	982
725	80	1	985
726	27	1	988
728	31	1	985
732	45	1	984
733	173	1	984
765	20	1	981
767	49	1	983
771	101	2	982	985
779	58	1	981
782	31	1	982
789	139	1	980
806	50	1	983
814	171	1	982
823	115	2	981	985
824	85	1	980
844	317	2	983	984
850	279	1	988
855	51	1	989
861	115	1	985
862	52	1	984
881	56	2	988	989
903	77	1	989
916	45	1	982
930	39	1	983
937	3	1	981
942	92	1	983
945	49	1	984
948	190	2	981	985
975	82	2	988	989
976	75	1	989
980	24	2	981	985
983	184	1	989
1002	106	1	983
1040	26	1	981
1045	186	1	983
1049	26	1	988
1050	29	1	984
1054	19	1	983
1061	5	1	988
1075	120	2	983	984
1082	34	1	981
1103	34	1	988
1108	92	1	982
1120	18	1	989
1121	109	2	981	985
1177	54	1	983
1184	105	2	983	984
1204	7	1	982
1216	108	1	985
1224	81	1	984
1232	48	1	989
1251	27	1	985
1287	72	1	985
1296	12	1	982
1310	34	1	988
1322	36	1	984
1335	20	1	988
1337	58	1	984
1346	87	1	980
1350	30	1	982
1360	64	1	985
1364	54	1	985
1368	147	2	980	985
1378	114	3	982	988	989
1433	107	1	985
1460	139	1	984
1467	8	1	984
1480	29	1	982
1481	10	1	984
1519	120	2	983	989
1541	26	1	984
1556	24	1	988
1573	59	1	981
1575	53	1	980
1598	12	1	981
1632	4	1	981
1638	37	1	989
1683	13	1	982
1685	67	1	985
1686	18	1	989
1705	27	1	982
1720	15	1	988
1728	97	1	983
1739	16	1	988
1751	26	1	984
1841	31	1	981
1884	164	1	981
1893	33	2	981	982
1934	11	1	989
1976	26	1	982
2003	28	1	988
2037	41	1	985
2046	105	1	988
2059	270	2	984	985
2071	45	2	984	989
2105	16	1	983
2149	29	1	984
2160	82	1	985
2163	51	1	989
2242	27	1	985
2332	4	1	984
2339	50	1	989
2400	6	1	983
2455	8	1	982
2469	45	2	983	984
2566	10	1	983
2627	31	1	985
2688	29	1	982
2696	2	1	989
2763	10	1	983
2987	10	2	980	981
2990	19	1	981
3125	6	1	981
3197	13	1	988
3591	4	1	982
4039	8	1	983
4066	5	1	985
4083	1	1	981
4114	4	1	984
4225	1	1	981
4228	3	1	981
4284	7	1	989
4673	3	1	984
4685	7	1	983
4955	1	1	983
5015	2	1	983
5049	2	1	981
5607	3	1	983
5710	4	1	982
5760	1	1	985
6213	1	1	984
