2	522	3	492	494	495
3	402	2	497	498
5	41	1	491
6	30	1	492
9	460	4	492	494	495	498
12	126	1	492
16	286	1	492
18	318	4	492	492	495	498
31	254	1	492
36	62	1	492
37	139	1	492
48	257	1	492
50	385	3	492	494	497
53	219	2	497	498
54	733	5	491	492	492	494	495
57	33	1	492
59	236	2	490	495
60	231	4	490	491	492	498
63	91	1	497
64	81	1	498
66	71	1	492
67	827	2	492	497
69	271	2	492	497
71	218	1	495
73	344	4	492	492	494	495
74	65	1	492
75	182	1	497
94	240	1	498
107	71	2	497	498
112	118	1	492
115	225	2	497	498
117	36	1	498
118	60	1	497
121	192	2	492	494
131	90	1	492
132	187	1	498
137	73	1	492
143	116	1	497
144	23	1	497
149	63	2	492	495
151	39	1	497
155	49	1	492
156	205	2	495	497
157	64	1	497
158	258	1	490
162	75	1	495
167	516	2	492	497
169	194	1	492
174	118	1	497
176	640	6	491	492	492	497	497	498
180	221	2	491	494
181	147	1	497
193	215	1	492
195	21	1	492
196	93	1	498
197	42	1	497
202	306	1	492
204	244	3	492	497	498
205	241	1	492
206	29	1	498
216	4	1	495
224	14	1	498
225	185	2	490	492
226	42	1	495
230	248	1	497
246	21	1	495
247	233	2	492	497
248	38	1	495
252	193	2	490	492
258	112	1	490
260	98	1	495
262	57	1	495
264	224	2	497	498
276	69	1	492
278	49	1	498
279	332	4	490	491	492	494
281	15	1	495
285	237	1	498
286	88	1	498
291	260	2	494	497
293	151	1	492
294	72	1	497
296	135	1	497
298	69	1	492
299	113	1	492
309	30	1	492
311	42	1	495
318	211	1	497
320	52	1	495
328	122	1	495
335	232	1	492
340	24	1	497
341	50	1	494
343	101	1	492
345	54	1	495
348	173	1	497
359	233	2	490	494
372	183	1	497
373	88	1	494
374	249	1	492
382	34	1	497
383	13	1	494
384	205	1	498
386	312	4	491	492	492	495
393	119	1	497
401	34	1	492
402	165	1	492
409	36	1	492
410	48	1	495
412	82	2	491	495
416	106	1	497
418	223	2	490	491
420	126	1	490
428	52	1	492
432	56	1	492
441	80	1	497
446	6	1	495
450	166	1	498
451	209	1	495
454	79	1	497
460	155	1	490
465	79	1	492
466	47	1	491
467	113	1	492
478	16	1	491
479	38	1	492
480	31	1	495
490	261	3	491	494	495
492	134	1	498
494	29	1	495
497	106	1	498
512	202	1	498
522	291	2	497	498
523	35	1	492
528	45	1	498
529	709	3	492	497	498
530	78	1	494
542	165	1	492
544	101	1	492
545	70	1	497
546	39	1	498
547	33	1	497
561	130	2	490	491
567	59	1	492
580	36	1	497
584	69	1	491
586	93	1	491
593	56	1	490
594	125	1	492
595	120	1	497
597	193	1	492
602	37	1	495
612	55	1	498
616	40	2	491	498
627	148	1	492
635	84	1	490
645	227	1	490
647	29	1	497
651	41	1	492
656	103	1	492
658	64	1	495
663	44	1	491
670	126	2	490	491
692	70	1	494
694	90	1	498
695	143	1	492
701	107	1	492
704	88	1	491
707	212	1	497
714	205	1	492
715	250	2	492	498
718	187	1	492
721	216	1	492
725	80	1	492
732	45	1	498
733	173	2	493	497
740	85	1	491
752	214	1	497
753	47	1	497
765	20	1	491
769	124	2	490	492
772	37	1	491
775	14	1	491
779	58	1	491
793	36	1	492
794	8	1	497
796	12	1	498
798	40	1	497
801	104	1	490
814	171	1	495
818	40	1	497
823	115	1	495
824	85	1	491
825	90	1	495
840	79	1	491
842	137	2	490	491
844	317	2	497	498
850	279	3	490	492	498
855	51	1	490
862	52	1	493
864	50	1	492
870	28	1	491
872	70	1	492
881	56	1	492
884	150	2	492	498
887	11	1	497
892	38	1	497
912	41	1	497
917	7	1	491
919	53	1	491
934	101	1	498
942	92	1	498
943	38	1	492
944	54	1	497
948	190	1	492
975	82	1	492
976	75	1	492
978	41	1	491
981	2	1	491
983	184	1	498
990	46	1	498
995	28	1	492
998	101	1	495
1002	106	2	490	491
1016	26	1	497
1017	20	1	492
1024	32	1	492
1028	90	1	492
1030	17	1	492
1037	44	1	492
1045	186	1	498
1047	144	2	490	491
1052	117	2	492	495
1056	8	1	492
1058	177	1	497
1063	30	1	497
1069	138	2	497	498
1070	77	1	497
1078	65	1	497
1086	16	1	494
1094	99	1	492
1096	95	1	494
1098	12	1	495
1108	92	1	491
1121	109	1	494
1123	25	1	492
1124	70	1	497
1129	83	1	492
1130	157	1	491
1136	55	1	492
1148	78	1	495
1151	47	1	498
1159	31	1	498
1164	8	1	492
1175	42	1	490
1184	105	1	498
1187	18	1	492
1189	121	2	494	495
1195	153	2	491	494
1207	66	1	497
1217	16	1	494
1232	48	1	492
1242	42	1	498
1248	42	1	498
1262	38	1	492
1280	57	1	497
1281	15	1	497
1287	72	1	492
1298	9	1	490
1299	66	2	491	495
1302	2	1	494
1307	22	1	497
1313	63	1	497
1321	63	1	492
1322	36	1	492
1326	30	1	497
1330	9	1	492
1337	58	2	491	492
1346	87	3	490	492	498
1357	20	1	497
1364	54	1	494
1365	53	1	492
1368	147	1	491
1372	12	1	495
1386	24	1	492
1414	282	1	492
1417	41	1	497
1420	51	1	490
1423	24	1	492
1433	107	2	492	495
1460	139	2	497	498
1463	29	1	497
1464	27	1	495
1507	33	1	492
1521	42	1	497
1524	76	1	490
1526	32	1	494
1540	32	1	491
1546	32	1	492
1569	28	1	492
1571	110	2	490	491
1575	53	2	490	491
1578	24	1	495
1585	7	1	490
1637	11	1	490
1643	24	1	491
1655	14	1	497
1664	37	1	495
1685	67	1	490
1695	47	1	492
1701	42	2	495	498
1719	42	1	497
1742	90	2	492	495
1743	55	1	492
1762	57	2	492	495
1787	24	1	491
1826	31	1	497
1850	33	1	492
1862	28	1	492
1884	164	1	498
1896	8	1	495
1916	75	1	498
1931	49	2	494	495
1945	57	1	497
1956	23	1	491
1961	9	1	491
1984	19	1	491
2003	28	1	492
2017	20	1	492
2026	23	1	491
2046	105	1	495
2059	270	1	490
2075	48	1	497
2092	49	1	497
2105	16	1	498
2123	13	1	498
2125	14	1	492
2144	30	1	495
2149	29	1	492
2160	82	2	490	491
2163	51	2	490	494
2185	10	1	491
2188	68	1	491
2202	9	1	497
2206	22	1	498
2212	68	2	495	498
2239	27	1	491
2302	55	1	492
2353	40	1	491
2360	7	1	495
2368	50	1	494
2392	9	1	491
2424	28	1	491
2428	13	1	495
2575	2	1	495
2654	17	1	490
2762	15	1	497
2765	5	1	495
2787	16	1	492
2789	6	1	497
2793	27	1	492
2822	13	1	492
2828	11	1	492
2866	6	1	495
2976	16	1	492
2989	26	1	494
2990	19	1	495
2991	19	1	490
3008	13	1	498
3020	26	1	494
3085	7	1	498
3091	11	1	498
3310	4	1	495
3313	3	1	495
3323	38	1	492
3328	5	1	495
3348	3	1	492
3374	5	1	492
3435	16	1	494
3502	6	1	498
3519	9	1	492
3585	6	1	497
3590	4	1	494
3735	5	1	491
3886	3	1	497
4039	8	1	498
4053	5	1	490
4146	1	1	491
4153	4	1	495
4315	1	1	491
4538	1	1	491
4558	5	1	498
4859	1	1	492
4866	1	1	495
5018	1	1	495
5061	2	1	497
5389	1	1	491
5419	2	1	491
5465	1	1	495
5785	3	1	495
5796	2	1	491
5905	1	1	497
5968	1	1	495
6034	1	1	490
6037	1	1	495
6137	1	1	491
6144	1	1	491
