2	522	3	934	934	938
3	402	4	932	934	936	937
9	460	2	934	934
16	286	5	930	932	934	937	938
18	318	3	934	934	938
19	91	2	930	939
22	52	3	930	934	934
29	22	1	935
31	254	1	930
32	15	1	937
36	62	1	938
37	139	3	934	934	938
47	5	1	937
50	385	3	930	934	937
52	57	3	930	934	936
53	219	3	932	934	936
54	733	2	935	938
59	236	1	939
60	231	4	930	932	934	934
61	98	1	935
62	89	1	938
63	91	1	937
66	71	1	937
67	827	4	930	936	937	938
69	271	2	930	934
71	218	1	935
73	344	1	938
75	182	2	936	937
83	18	1	935
94	240	2	930	934
98	6	1	932
107	71	1	937
111	30	1	930
115	225	4	930	932	934	937
118	60	1	934
124	13	1	938
131	90	3	932	938	939
132	187	1	934
137	73	1	938
141	95	1	935
143	116	1	937
145	64	1	935
147	56	1	930
151	39	1	937
155	49	1	930
156	205	2	934	938
157	64	1	937
158	258	1	935
167	516	5	930	934	934	936	939
169	194	4	930	934	936	939
171	137	4	932	934	934	939
174	118	1	932
176	640	7	930	932	934	934	935	936	939
180	221	2	932	938
181	147	2	934	936
182	53	1	934
183	160	3	930	934	939
189	121	2	934	936
191	49	1	939
193	215	1	935
194	40	1	938
196	93	3	930	932	939
197	42	1	932
198	33	1	935
200	79	1	934
202	306	4	930	932	934	939
203	36	2	932	934
204	244	3	934	937	939
205	241	4	930	932	934	934
206	29	1	930
213	56	1	935
218	84	1	932
219	42	2	932	939
223	6	1	934
226	42	1	938
229	118	1	936
230	248	4	932	934	936	937
232	92	1	937
234	7	1	932
240	128	3	932	936	939
243	42	1	938
247	233	2	932	934
252	193	1	934
258	112	1	935
259	28	1	935
261	105	2	934	936
264	224	6	932	934	934	936	937	939
275	16	1	930
276	69	1	935
277	37	1	938
278	49	2	934	938
279	332	1	935
280	61	1	930
285	237	5	930	932	934	934	939
289	18	2	934	934
291	260	1	936
294	72	1	936
296	135	3	932	934	939
299	113	2	932	938
303	42	1	938
306	128	1	930
314	31	1	936
315	40	3	932	934	936
318	211	4	930	932	934	936
319	45	1	932
331	47	1	938
332	31	1	935
335	232	1	934
339	70	2	936	937
340	24	1	934
341	50	1	935
348	173	3	932	934	936
353	61	2	932	938
356	23	1	934
366	34	1	938
372	183	1	937
374	249	1	938
380	42	1	930
381	88	3	930	934	939
384	205	1	938
386	312	1	934
393	119	2	936	937
395	34	1	934
405	58	1	930
416	106	1	934
420	126	1	935
421	42	1	938
428	52	1	932
435	71	2	934	938
450	166	2	932	934
451	209	4	932	934	934	939
456	54	1	938
460	155	1	935
466	47	1	935
475	194	1	930
490	261	1	939
492	134	1	930
493	75	1	934
497	106	1	937
502	98	1	938
510	111	1	937
511	13	1	938
512	202	3	932	934	939
516	36	1	934
518	31	1	930
520	80	1	930
522	291	4	932	934	936	939
523	35	1	934
528	45	1	937
529	709	7	930	934	934	935	936	937	939
532	91	4	930	934	937	939
539	55	2	930	934
544	101	1	930
548	6	1	938
549	12	1	934
551	16	1	935
555	72	1	930
561	130	1	935
572	29	1	932
593	56	1	935
595	120	1	937
596	61	1	934
597	193	2	934	934
612	55	1	938
619	31	1	935
620	17	1	938
625	32	1	939
627	148	1	930
632	61	1	938
635	84	1	935
643	68	2	932	934
645	227	1	937
657	49	1	930
663	44	1	938
668	49	1	936
670	126	1	935
680	45	1	935
688	133	1	934
692	70	1	935
694	90	2	934	934
695	143	3	934	934	938
697	100	1	930
701	107	1	934
704	88	1	935
707	212	2	932	939
715	250	2	930	934
718	187	4	930	932	938	939
725	80	1	938
732	45	1	938
733	173	2	934	939
738	85	1	938
747	93	1	938
749	62	2	934	937
752	214	4	930	932	934	934
764	51	1	935
766	132	2	930	932
767	49	2	932	934
768	15	1	939
773	57	3	930	934	934
777	114	1	937
789	139	2	934	935
798	40	1	937
801	104	1	934
805	16	1	934
806	50	1	934
814	171	1	935
824	85	2	934	935
825	90	1	938
827	19	1	932
842	137	2	932	935
844	317	7	930	932	934	934	936	937	939
846	96	3	934	934	939
854	39	1	930
861	115	1	934
862	52	1	939
872	70	2	934	934
874	11	1	938
878	39	1	938
884	150	2	934	938
885	43	1	934
887	11	1	939
892	38	1	934
893	12	1	936
899	65	2	934	939
900	67	1	938
905	125	2	930	934
925	46	1	934
929	11	1	930
933	25	2	934	934
942	92	1	932
943	38	1	938
957	75	1	937
959	20	2	930	934
961	65	1	937
971	24	1	937
983	184	1	938
986	108	1	938
998	101	1	934
1000	66	1	938
1002	106	3	930	934	937
1011	60	2	934	934
1017	20	1	934
1040	26	2	935	938
1045	186	2	932	934
1046	14	1	934
1047	144	1	935
1052	117	1	935
1058	177	3	932	936	937
1070	77	1	937
1075	120	4	932	934	936	939
1079	24	1	935
1087	58	1	937
1094	99	1	934
1124	70	1	932
1131	47	1	938
1136	55	1	930
1151	47	1	932
1156	82	2	934	938
1176	64	1	930
1177	54	1	934
1184	105	1	934
1186	12	1	935
1207	66	1	937
1213	80	2	934	937
1224	81	2	930	934
1242	42	2	932	934
1245	18	1	937
1252	88	1	930
1262	38	1	937
1280	57	1	937
1287	72	1	938
1299	66	1	938
1300	40	1	934
1303	83	1	932
1309	5	1	938
1310	34	1	935
1318	8	1	936
1321	63	1	930
1326	30	1	937
1336	48	1	934
1343	8	1	938
1344	47	1	930
1357	20	1	939
1363	17	1	932
1399	39	1	935
1409	15	1	938
1414	282	1	939
1420	51	1	935
1422	4	1	938
1426	44	1	934
1429	34	1	934
1430	12	1	930
1433	107	1	934
1436	30	1	939
1440	9	2	934	934
1445	25	1	935
1453	38	1	934
1460	139	2	930	934
1475	69	1	938
1476	39	1	934
1511	9	1	934
1519	120	1	938
1521	42	1	934
1527	51	1	937
1532	27	1	938
1567	41	1	934
1572	57	1	935
1575	53	1	935
1578	24	1	938
1582	74	1	930
1605	5	1	938
1606	9	1	932
1629	73	2	934	936
1641	5	1	934
1701	42	1	938
1714	35	1	934
1728	97	1	939
1736	69	3	930	934	934
1742	90	1	938
1743	55	1	937
1754	77	1	935
1765	39	1	938
1787	24	1	934
1797	64	1	934
1801	69	1	935
1816	5	1	939
1817	59	1	930
1824	17	1	938
1833	40	1	934
1835	11	1	939
1837	18	1	936
1840	13	1	934
1855	122	1	937
1872	24	1	938
1875	10	1	937
1884	164	3	932	934	934
1885	22	1	934
1893	33	1	935
1895	24	1	934
1905	34	1	938
1912	18	2	934	934
1913	6	1	935
1925	40	1	930
1930	14	1	934
1945	57	1	934
1959	23	1	930
1971	19	1	935
1973	27	1	934
1993	45	1	938
2031	21	1	934
2059	270	2	935	938
2075	48	1	937
2078	45	1	938
2092	49	1	937
2095	12	1	938
2097	35	1	932
2110	5	1	935
2111	28	1	935
2122	22	1	930
2128	52	1	932
2144	30	1	935
2160	82	1	935
2163	51	1	935
2172	26	1	935
2181	9	1	930
2203	23	1	930
2212	68	1	938
2264	37	1	934
2277	29	1	932
2280	21	1	936
2291	29	1	930
2302	55	1	932
2315	28	1	934
2325	8	1	935
2339	50	1	935
2348	47	2	937	938
2351	15	1	936
2440	12	1	937
2458	44	1	939
2469	45	2	930	934
2470	26	1	937
2474	57	1	937
2497	3	1	937
2521	17	1	934
2533	14	1	937
2556	29	1	939
2589	8	1	937
2609	7	1	938
2620	25	4	932	934	934	936
2630	6	1	930
2694	9	1	937
2735	28	1	935
2756	1	1	934
2842	15	1	938
2849	8	1	932
2963	9	1	937
3015	12	1	937
3034	12	1	938
3038	19	1	938
3085	7	1	938
3134	11	1	938
3135	20	1	934
3171	1	1	934
3185	31	1	937
3187	30	1	937
3264	4	1	938
3298	4	1	939
3419	11	1	934
3446	6	1	939
3457	4	1	935
3486	5	1	936
3500	7	1	937
3543	7	1	930
3563	2	1	938
3580	11	1	930
3700	2	1	938
3771	3	1	934
3790	5	1	938
3893	16	1	939
3989	16	1	939
4129	3	1	932
4245	8	1	938
4284	7	1	938
4369	1	1	930
4404	1	1	937
4557	5	1	937
4678	2	1	938
4918	4	1	938
4973	1	1	930
4992	2	1	930
5322	1	1	938
5385	1	1	936
5614	1	1	938
5660	1	1	932
5672	1	1	934
5861	1	1	934
6042	1	1	937
6115	1	1	932
