2	522	2	1723	1729
3	402	1	1723
8	114	1	1729
9	460	3	1723	1724	1729
12	126	1	1723
14	136	1	1727
20	70	1	1727
50	385	1	1721
53	219	1	1723
54	733	4	1723	1724	1727	1729
59	236	2	1722	1727
60	231	2	1727	1729
65	159	2	1724	1729
67	827	1	1722
69	271	3	1721	1722	1723
73	344	3	1723	1724	1729
79	87	1	1727
91	28	1	1722
94	240	1	1723
108	55	1	1727
112	118	2	1723	1729
121	192	1	1729
133	113	2	1727	1729
156	205	1	1729
167	516	1	1722
170	37	1	1723
171	137	1	1721
176	640	2	1721	1723
178	55	1	1727
180	221	2	1723	1724
183	160	1	1722
191	49	1	1721
193	215	1	1727
202	306	2	1721	1722
204	244	1	1722
206	29	1	1721
210	118	1	1724
213	56	1	1724
218	84	1	1722
225	185	1	1724
247	233	1	1721
260	98	1	1729
261	105	2	1721	1723
262	57	1	1729
264	224	1	1723
279	332	3	1723	1724	1729
281	15	1	1727
299	113	1	1722
318	211	1	1721
321	104	1	1729
328	122	1	1729
359	233	1	1729
373	88	2	1723	1729
374	249	1	1729
381	88	1	1721
402	165	1	1722
418	223	1	1727
428	52	1	1727
432	56	1	1729
450	166	1	1723
451	209	2	1721	1722
460	155	2	1727	1729
465	79	1	1722
467	113	1	1723
471	59	2	1724	1729
475	194	2	1721	1722
484	23	1	1729
491	74	1	1729
492	134	1	1722
493	75	1	1723
508	72	2	1721	1723
520	80	1	1722
522	291	1	1721
529	709	3	1721	1722	1729
537	231	1	1722
546	39	1	1723
555	72	1	1721
561	130	1	1724
564	50	1	1723
567	59	1	1721
574	51	1	1722
576	117	1	1724
579	24	1	1722
580	36	1	1722
584	69	1	1727
616	40	1	1729
622	4	1	1724
627	148	1	1721
656	103	1	1729
663	44	1	1727
664	91	1	1723
682	26	1	1729
688	133	1	1727
697	100	1	1721
701	107	1	1722
707	212	1	1721
714	205	1	1724
715	250	1	1722
721	216	1	1721
722	15	1	1729
728	31	1	1729
752	214	1	1722
766	132	1	1722
769	124	1	1727
785	71	1	1729
789	139	1	1721
806	50	1	1723
823	115	1	1724
825	90	1	1729
840	79	1	1727
844	317	2	1722	1723
850	279	3	1721	1723	1729
861	115	1	1721
885	43	1	1722
897	17	1	1729
948	190	2	1724	1729
949	14	1	1729
975	82	1	1723
976	75	1	1723
990	46	1	1724
993	36	1	1729
998	101	1	1727
1024	32	1	1722
1032	33	1	1724
1033	30	1	1723
1041	49	1	1729
1045	186	1	1722
1055	33	1	1729
1064	4	1	1727
1069	138	1	1721
1075	120	1	1723
1082	34	1	1724
1096	95	1	1729
1122	40	1	1722
1130	157	1	1729
1148	78	2	1723	1729
1179	54	1	1722
1189	121	1	1729
1229	58	1	1729
1243	44	1	1727
1269	41	1	1721
1274	63	1	1721
1297	52	1	1729
1337	58	1	1729
1341	21	1	1727
1344	47	1	1722
1368	147	1	1729
1376	162	1	1727
1414	282	2	1722	1724
1426	44	1	1721
1433	107	1	1729
1454	26	1	1729
1460	139	1	1721
1519	120	1	1723
1524	76	1	1727
1527	51	1	1721
1534	45	1	1723
1554	8	1	1722
1571	110	1	1729
1573	59	2	1723	1724
1582	74	1	1721
1707	22	1	1722
1719	42	1	1721
1720	15	1	1729
1726	27	1	1727
1729	76	1	1723
1732	25	1	1721
1744	14	1	1724
1814	16	1	1729
1817	59	1	1721
1831	89	1	1727
1850	33	1	1729
1870	3	1	1722
1886	32	1	1729
2037	41	1	1729
2044	29	1	1724
2050	8	1	1721
2059	270	2	1724	1727
2062	33	1	1722
2071	45	1	1722
2082	26	1	1721
2126	2	1	1722
2224	1	1	1723
2266	38	1	1722
2310	13	1	1723
2326	33	1	1722
2353	40	1	1724
2409	44	1	1724
2424	28	1	1727
2525	18	1	1722
2548	4	1	1724
2563	30	1	1721
2889	1	1	1727
3104	13	1	1722
3366	2	1	1729
3463	2	1	1723
3531	1	1	1724
3777	2	1	1722
3794	8	1	1729
3795	2	1	1729
3874	9	1	1721
3893	16	1	1723
4021	3	1	1724
4391	1	1	1723
4418	2	1	1724
4525	1	1	1723
4818	1	1	1721
4994	2	1	1722
5048	6	1	1729
5764	1	1	1724
5874	1	1	1724
6236	1	1	1724
