2	522	2	541	542
3	402	4	546	547	547	549
5	41	1	542
9	460	2	542	547
16	286	1	542
18	318	2	541	542
23	134	1	544
31	254	1	542
37	139	1	542
40	133	1	547
41	71	1	547
42	52	1	547
46	63	2	542	544
49	124	1	542
50	385	3	540	547	547
52	57	2	546	547
53	219	3	541	546	549
54	733	1	542
55	104	1	542
60	231	1	542
66	71	1	542
67	827	2	542	547
69	271	3	541	542	544
73	344	1	542
75	182	1	547
85	34	1	540
94	240	5	541	544	546	547	549
103	237	3	541	542	547
108	55	1	542
113	15	1	542
115	225	5	540	541	546	547	549
116	15	1	547
117	36	1	542
131	90	2	542	549
132	187	1	542
135	70	1	540
137	73	1	542
143	116	1	547
147	56	1	540
151	39	1	542
153	49	1	547
155	49	1	542
157	64	1	547
166	10	1	547
167	516	3	540	541	542
169	194	1	546
171	137	1	547
174	118	1	547
176	640	5	540	541	542	546	549
183	160	1	549
184	42	1	542
189	121	2	540	547
196	93	2	546	549
197	42	1	547
200	79	1	542
202	306	4	541	542	546	549
203	36	1	549
204	244	3	541	542	546
205	241	2	542	549
218	84	1	546
219	42	1	541
224	14	2	546	549
230	248	2	547	549
240	128	2	541	549
241	35	1	547
247	233	3	540	542	549
252	193	1	541
256	137	1	547
260	98	1	541
261	105	1	546
264	224	1	540
267	58	1	542
276	69	1	542
279	332	1	542
285	237	1	547
291	260	1	547
293	151	1	542
294	72	2	547	549
296	135	1	547
298	69	1	542
299	113	1	542
306	128	1	542
318	211	1	547
319	45	1	546
323	39	1	547
335	232	2	542	544
339	70	1	547
341	50	1	542
348	173	2	541	547
353	61	1	542
358	26	1	547
372	183	1	547
374	249	1	542
386	312	1	542
401	34	1	542
402	165	1	542
405	58	1	544
441	80	1	546
450	166	1	547
451	209	3	540	541	544
460	155	1	542
465	79	1	542
475	194	2	547	549
479	38	1	542
481	56	1	542
488	47	1	541
489	19	1	542
490	261	1	542
492	134	1	542
494	29	1	542
500	15	1	542
504	26	1	547
508	72	1	540
512	202	3	546	547	549
522	291	3	541	546	549
529	709	5	541	542	546	547	549
532	91	2	541	542
533	26	1	542
534	102	1	542
537	231	1	547
539	55	2	540	544
543	12	1	544
544	101	1	542
545	70	1	547
548	6	1	549
555	72	1	540
557	69	1	542
567	59	1	542
580	36	1	540
601	23	1	547
627	148	3	540	542	549
632	61	1	542
643	68	2	546	549
649	30	1	542
657	49	1	542
661	24	1	547
664	91	1	549
665	31	1	547
668	49	1	547
688	133	1	549
692	70	1	542
694	90	1	542
695	143	1	540
697	100	1	541
699	43	1	542
701	107	2	540	542
703	75	1	547
707	212	3	540	546	549
715	250	2	542	549
718	187	1	541
721	216	1	542
732	45	1	542
733	173	2	546	547
752	214	3	540	542	547
753	47	1	547
766	132	1	549
767	49	2	546	549
769	124	1	549
771	101	1	549
777	114	1	547
789	139	1	540
790	49	1	547
791	13	1	540
793	36	1	547
794	8	1	542
797	35	1	541
804	49	1	542
814	171	1	542
816	37	1	547
820	36	1	546
827	19	1	547
828	15	1	541
844	317	3	541	546	549
846	96	1	540
848	100	1	547
850	279	1	540
852	37	1	547
854	39	1	542
861	115	1	546
862	52	1	541
866	24	1	542
875	11	1	542
879	19	1	542
884	150	1	542
899	65	1	542
903	77	1	542
905	125	2	540	542
912	41	1	547
921	113	1	542
933	25	2	542	547
942	92	1	546
945	49	1	547
948	190	1	542
958	5	1	549
982	22	1	549
983	184	1	546
986	108	1	542
1000	66	1	542
1001	73	3	541	546	547
1002	106	1	542
1009	20	1	540
1024	32	1	542
1028	90	1	542
1038	15	1	541
1040	26	1	542
1045	186	5	542	544	546	547	549
1054	19	1	541
1058	177	1	549
1063	30	2	546	549
1069	138	1	542
1070	77	1	547
1075	120	2	546	549
1094	99	1	542
1101	36	1	542
1124	70	1	547
1133	39	1	547
1136	55	1	542
1154	10	1	540
1177	54	1	546
1179	54	1	542
1181	13	1	542
1184	105	2	546	549
1207	66	1	546
1224	81	1	540
1227	42	1	547
1247	39	1	540
1262	38	1	546
1281	15	1	547
1287	72	1	542
1292	15	1	542
1304	5	1	542
1310	34	1	541
1323	21	1	547
1327	34	1	540
1337	58	1	542
1344	47	1	541
1365	53	1	542
1366	7	1	542
1371	12	1	542
1414	282	2	541	542
1432	4	1	541
1449	2	1	547
1460	139	1	540
1463	29	1	547
1476	39	1	540
1507	33	1	542
1521	42	1	549
1546	32	1	542
1552	27	1	542
1556	24	1	549
1569	28	1	542
1580	58	1	547
1582	74	1	541
1604	20	1	546
1611	2	1	542
1623	24	1	542
1644	9	1	542
1645	4	1	542
1653	56	1	547
1657	33	1	542
1662	47	1	541
1678	12	1	540
1701	42	1	546
1719	42	1	541
1728	97	1	542
1732	25	1	540
1743	55	1	542
1758	4	1	542
1765	39	2	541	542
1768	4	1	540
1796	48	1	547
1803	10	1	547
1806	8	1	540
1808	47	2	542	547
1826	31	1	542
1855	122	1	547
1862	28	1	542
1874	24	1	541
1875	10	1	547
1884	164	1	546
1890	26	1	547
1912	18	1	549
1930	14	1	540
1932	4	1	542
1937	53	1	540
1959	23	1	540
1993	45	1	542
2023	12	1	542
2044	29	1	542
2059	270	1	542
2062	33	1	542
2071	45	1	542
2094	4	1	542
2097	35	1	549
2105	16	1	546
2134	20	1	542
2194	23	1	540
2212	68	1	547
2237	21	1	547
2287	13	1	547
2300	14	1	542
2310	13	1	546
2317	2	1	542
2318	17	1	547
2393	10	1	542
2429	9	1	544
2469	45	1	546
2477	14	1	540
2488	13	1	547
2523	7	1	547
2534	5	1	542
2563	30	1	542
2595	15	1	547
2599	27	1	547
2671	17	1	542
2717	13	1	547
2784	18	1	547
2793	27	1	544
2828	11	1	542
2864	30	1	549
2884	33	1	547
2959	29	1	542
2993	15	1	544
3103	10	1	542
3114	10	1	547
3188	1	1	542
3194	6	1	542
3240	12	1	542
3262	9	1	542
3295	11	1	542
3300	3	1	547
3459	6	1	547
3494	12	1	547
3521	2	1	542
3560	5	1	542
3807	5	1	540
3850	3	1	549
3867	8	1	549
3942	4	1	544
3962	9	1	547
4037	12	1	542
4278	1	1	549
4486	3	1	542
4509	1	1	547
4803	10	1	542
4868	2	1	542
5074	1	1	542
5112	4	1	540
5403	1	1	542
5484	4	1	542
5607	3	1	546
5637	1	1	542
5683	1	1	547
5916	1	1	547
6208	1	1	547
