2	522	1	1665
3	402	1	1667
7	14	1	1665
8	114	1	1664
18	318	1	1665
31	254	1	1665
48	257	1	1665
49	124	1	1665
50	385	1	1661
54	733	2	1664	1665
55	104	2	1665	1667
63	91	1	1667
67	827	3	1661	1665	1667
69	271	1	1665
73	344	1	1664
74	65	1	1661
83	18	1	1667
84	1	1	1665
94	240	1	1667
95	15	1	1665
96	113	1	1665
103	237	1	1661
121	192	1	1664
123	59	1	1665
132	187	1	1665
137	73	1	1661
155	49	1	1665
156	205	1	1665
162	75	1	1664
167	516	2	1661	1665
169	194	1	1665
172	79	1	1665
176	640	2	1661	1664
184	42	1	1665
189	121	1	1667
198	33	1	1664
200	79	1	1665
210	118	1	1664
232	92	1	1667
247	233	2	1665	1667
259	28	1	1665
261	105	1	1667
278	49	1	1665
279	332	1	1664
280	61	1	1664
293	151	1	1665
298	69	1	1661
299	113	1	1661
306	128	2	1661	1665
335	232	3	1661	1665	1667
359	233	2	1664	1665
362	45	1	1665
372	183	1	1667
374	249	3	1661	1665	1667
384	205	3	1661	1665	1667
397	159	1	1664
401	34	1	1661
402	165	1	1665
403	54	1	1667
407	48	1	1665
411	16	1	1661
424	83	1	1665
460	155	1	1664
461	27	1	1665
468	70	1	1661
490	261	1	1665
519	77	1	1661
522	291	1	1667
529	709	1	1665
542	165	1	1665
555	72	1	1665
556	69	3	1661	1665	1667
594	125	1	1665
599	69	1	1665
655	50	1	1665
656	103	1	1664
690	96	1	1661
694	90	1	1665
710	84	1	1664
718	187	1	1661
721	216	1	1667
723	46	2	1661	1665
725	80	1	1664
747	93	1	1667
751	166	2	1661	1665
766	132	1	1665
785	71	1	1664
786	56	1	1661
789	139	1	1664
798	40	1	1667
859	26	1	1664
861	115	1	1667
863	27	2	1661	1665
872	70	1	1661
884	150	2	1661	1665
905	125	1	1665
919	53	1	1664
956	60	2	1661	1665
957	75	1	1667
970	28	1	1665
975	82	1	1664
992	68	1	1664
1040	26	1	1665
1047	144	2	1661	1664
1050	29	1	1661
1058	177	1	1667
1096	95	1	1664
1121	109	1	1664
1130	157	1	1665
1135	14	1	1667
1140	19	1	1664
1195	153	1	1665
1217	16	1	1664
1248	42	1	1665
1261	54	1	1661
1262	38	1	1667
1286	28	1	1665
1331	31	1	1665
1364	54	1	1661
1409	15	1	1665
1414	282	1	1665
1418	2	1	1664
1420	51	1	1664
1423	24	1	1661
1460	139	1	1665
1475	69	1	1667
1636	79	1	1665
1660	21	1	1661
1727	4	1	1664
1742	90	1	1667
1765	39	1	1665
1790	9	1	1665
1801	69	1	1664
1826	31	1	1665
1876	10	1	1664
1883	10	2	1661	1665
1916	75	1	1664
1937	53	1	1665
2046	105	1	1665
2047	6	1	1667
2062	33	1	1667
2092	49	1	1667
2097	35	1	1667
2128	52	2	1661	1665
2131	44	1	1664
2143	9	1	1665
2144	30	1	1661
2245	15	1	1665
2258	17	1	1665
2278	4	1	1667
2387	12	1	1664
2568	43	1	1664
2602	20	1	1665
2706	33	1	1665
2729	23	1	1665
2842	15	1	1665
2888	5	1	1661
2905	30	1	1661
2989	26	1	1664
3079	6	1	1664
3141	2	1	1661
3155	20	1	1664
3175	6	1	1667
3276	20	1	1665
3509	9	2	1661	1665
3758	4	1	1665
3808	1	1	1664
4228	3	1	1664
4488	2	1	1664
4705	1	1	1664
4886	1	1	1664
5121	2	1	1661
5648	1	1	1664
