1	3	1	1337
2	522	1	1336
3	402	2	1333	1334
9	460	2	1333	1335
12	126	1	1336
16	286	1	1331
18	318	1	1336
22	52	1	1336
23	134	1	1331
31	254	1	1331
44	85	1	1335
46	63	2	1331	1336
48	257	1	1336
50	385	4	1331	1334	1336	1337
53	219	1	1333
54	733	2	1335	1337
55	104	1	1334
57	33	1	1335
59	236	2	1331	1336
60	231	1	1337
62	89	1	1331
63	91	1	1333
67	827	4	1331	1333	1334	1336
69	271	1	1331
71	218	1	1336
73	344	1	1336
75	182	1	1333
79	87	1	1336
94	240	1	1331
103	237	2	1331	1338
107	71	1	1333
115	225	1	1331
120	19	1	1334
123	59	1	1336
133	113	1	1334
135	70	1	1337
141	95	1	1336
145	64	1	1337
147	56	1	1331
156	205	1	1335
167	516	3	1331	1333	1336
169	194	1	1331
171	137	1	1333
176	640	3	1333	1334	1336
180	221	3	1334	1336	1337
181	147	1	1334
183	160	2	1331	1334
196	93	1	1336
202	306	1	1331
205	241	1	1331
218	84	2	1331	1338
225	185	1	1337
226	42	1	1336
230	248	1	1333
240	128	1	1333
252	193	1	1336
261	105	1	1334
264	224	1	1334
267	58	1	1331
275	16	1	1331
276	69	1	1336
279	332	1	1337
285	237	2	1331	1334
286	88	1	1337
291	260	2	1334	1335
294	72	1	1333
306	128	1	1331
314	31	1	1333
315	40	2	1333	1334
318	211	2	1333	1334
328	122	1	1335
334	23	1	1335
343	101	1	1336
370	13	1	1331
371	26	1	1336
373	88	1	1335
388	35	1	1331
391	64	1	1336
393	119	2	1333	1334
402	165	1	1331
418	223	1	1337
424	83	1	1331
430	13	1	1334
433	45	1	1331
448	41	1	1334
451	209	1	1331
453	83	1	1336
456	54	1	1336
460	155	1	1331
471	59	1	1337
475	194	1	1331
491	74	1	1337
493	75	1	1333
519	77	1	1334
520	80	2	1331	1338
522	291	2	1333	1334
529	709	3	1331	1333	1336
532	91	1	1331
539	55	1	1331
542	165	1	1336
545	70	1	1333
547	33	1	1334
592	32	1	1334
593	56	1	1337
596	61	1	1336
627	148	2	1333	1336
628	47	1	1336
629	76	1	1336
632	61	1	1336
635	84	1	1337
641	56	1	1331
645	227	2	1336	1337
647	29	1	1334
652	57	2	1331	1333
664	91	1	1334
678	28	1	1338
685	28	1	1335
704	88	1	1337
706	6	1	1331
710	84	1	1335
715	250	1	1331
718	187	1	1331
720	4	1	1331
752	214	2	1331	1333
764	51	1	1337
766	132	1	1334
767	49	1	1334
769	124	1	1337
824	85	1	1333
842	137	1	1337
844	317	2	1331	1333
850	279	2	1335	1336
861	115	1	1338
862	52	1	1334
864	50	1	1331
867	120	1	1336
881	56	1	1337
899	65	1	1331
920	47	1	1331
934	101	1	1331
938	13	1	1334
941	145	1	1336
944	54	1	1333
946	75	1	1336
948	190	1	1336
958	5	1	1334
975	82	1	1335
976	75	1	1336
983	184	1	1331
990	46	1	1335
993	36	1	1331
1001	73	1	1331
1022	48	1	1336
1024	32	1	1331
1036	59	1	1337
1040	26	1	1336
1041	49	1	1335
1045	186	1	1331
1047	144	1	1337
1055	33	1	1337
1058	177	1	1333
1072	36	1	1337
1075	120	2	1333	1334
1082	34	1	1334
1103	34	1	1335
1108	92	1	1336
1149	42	1	1336
1155	6	1	1334
1164	8	1	1331
1172	21	1	1334
1176	64	1	1331
1182	16	1	1331
1184	105	1	1334
1224	81	1	1331
1238	23	1	1331
1247	39	1	1337
1280	57	1	1333
1303	83	1	1336
1310	34	1	1335
1313	63	1	1333
1330	9	1	1331
1332	7	1	1333
1335	20	1	1336
1337	58	1	1337
1344	47	1	1331
1363	17	1	1333
1374	51	1	1331
1378	114	2	1331	1335
1382	10	1	1331
1414	282	2	1334	1336
1438	8	1	1335
1452	25	1	1336
1500	52	1	1331
1546	32	1	1331
1561	45	1	1334
1608	4	1	1334
1664	37	1	1335
1728	97	2	1331	1334
1736	69	1	1331
1756	6	1	1337
1776	59	1	1337
1810	10	1	1334
1816	5	1	1338
1835	11	1	1334
1841	31	1	1336
1850	33	1	1335
1885	22	1	1334
1925	40	1	1331
1939	66	1	1336
1945	57	1	1333
1993	45	1	1336
1996	1	1	1334
2000	13	1	1331
2026	23	1	1337
2031	21	1	1331
2058	37	1	1334
2059	270	1	1336
2066	40	1	1336
2135	17	1	1336
2231	62	1	1331
2239	27	1	1337
2264	37	1	1331
2266	38	1	1331
2280	21	2	1333	1334
2288	20	1	1337
2296	30	1	1336
2365	3	1	1334
2449	23	1	1333
2590	5	1	1335
2625	15	1	1331
2662	8	1	1338
2664	13	1	1334
2693	25	1	1336
2746	3	1	1336
2761	4	1	1338
2811	10	1	1334
2841	13	1	1334
2845	25	1	1336
2857	19	1	1333
2881	16	1	1334
2906	31	1	1331
3001	9	1	1336
3091	11	1	1334
3104	13	1	1338
3116	3	1	1334
3123	3	1	1335
3160	5	1	1334
3181	3	1	1338
3189	12	1	1331
3198	7	1	1336
3456	3	1	1333
3486	5	1	1334
3599	5	1	1334
3864	1	1	1334
3946	3	1	1338
4143	1	1	1331
4241	4	1	1334
4251	1	1	1336
4269	3	1	1334
5021	3	1	1334
5087	6	1	1331
5137	2	1	1336
5417	1	1	1336
6070	2	1	1334
