2	522	2	2210	2211
9	460	2	2215	2217
12	126	1	2217
14	136	1	2210
16	286	1	2217
18	318	1	2217
36	62	1	2210
48	257	1	2217
50	385	2	2215	2217
54	733	2	2210	2215
62	89	1	2210
65	159	1	2210
67	827	3	2210	2211	2217
73	344	3	2210	2215	2217
74	65	1	2210
112	118	1	2215
122	100	1	2211
123	59	1	2210
149	63	1	2210
150	16	1	2217
156	205	1	2210
162	75	1	2210
167	516	2	2210	2217
169	194	1	2210
172	79	1	2217
176	640	1	2215
179	121	1	2210
180	221	2	2215	2217
236	95	1	2210
279	332	1	2215
306	128	1	2210
335	232	1	2210
343	101	2	2210	2217
359	233	1	2217
366	34	1	2210
374	249	2	2210	2211
379	46	1	2210
380	42	1	2210
391	64	1	2217
400	38	1	2210
411	16	1	2215
416	106	1	2217
453	83	1	2217
467	113	1	2215
482	42	1	2211
529	709	1	2217
535	11	1	2215
537	231	1	2210
542	165	1	2217
586	93	1	2217
596	61	1	2217
597	193	2	2211	2217
627	148	1	2217
629	76	1	2217
645	227	1	2217
646	15	1	2215
657	49	1	2210
658	64	1	2215
690	96	1	2210
727	23	1	2210
747	93	1	2210
751	166	1	2210
829	34	1	2210
850	279	2	2215	2217
867	120	1	2217
880	14	1	2210
884	150	1	2210
895	57	1	2210
948	190	1	2217
954	4	1	2210
956	60	1	2210
975	82	1	2215
976	75	1	2217
995	28	1	2215
1022	48	1	2217
1072	36	1	2215
1074	38	1	2217
1094	99	1	2217
1095	20	1	2210
1108	92	1	2217
1149	42	1	2217
1166	30	1	2210
1223	27	1	2210
1243	44	2	2211	2215
1287	72	1	2210
1303	83	1	2217
1475	69	1	2210
1516	20	1	2215
1532	27	1	2210
1547	26	1	2217
1664	37	1	2217
1692	54	2	2211	2217
1755	24	1	2217
1893	33	1	2215
2066	40	1	2217
2078	45	1	2210
2101	26	1	2210
2186	42	1	2217
2192	26	1	2210
2244	18	1	2217
2296	30	1	2217
2454	58	1	2210
2467	4	1	2210
2632	9	1	2210
2641	25	1	2217
2693	25	1	2217
2793	27	1	2210
2845	25	1	2217
3020	26	1	2217
3136	4	1	2217
3230	16	1	2210
3562	6	1	2217
3575	14	1	2210
4175	6	1	2210
5398	2	1	2210
