2	522	2	1850	1855
3	402	2	1855	1856
9	460	1	1850
16	286	1	1856
18	318	1	1850
24	8	1	1859
28	25	1	1858
31	254	2	1855	1859
44	85	1	1858
50	385	2	1855	1856
53	219	1	1855
54	733	1	1850
59	236	1	1850
62	89	1	1856
63	91	1	1855
67	827	2	1855	1856
73	344	1	1850
75	182	2	1855	1856
91	28	1	1856
103	237	1	1855
107	71	1	1855
108	55	1	1855
112	118	1	1850
115	225	1	1856
139	16	1	1859
156	205	1	1856
157	64	1	1856
158	258	1	1855
165	38	1	1856
167	516	1	1855
170	37	1	1855
174	118	1	1855
176	640	1	1856
177	53	1	1858
181	147	1	1855
189	121	1	1856
194	40	1	1858
202	306	1	1859
204	244	1	1855
218	84	1	1859
230	248	2	1855	1856
240	128	1	1855
241	35	1	1856
247	233	1	1859
258	112	1	1850
260	98	1	1855
261	105	1	1855
279	332	2	1850	1858
286	88	2	1850	1858
287	23	1	1856
291	260	1	1855
294	72	1	1855
296	135	1	1856
303	42	2	1858	1859
305	13	1	1850
318	211	1	1855
328	122	1	1850
334	23	1	1850
339	70	1	1856
349	48	1	1858
370	13	1	1859
372	183	1	1856
373	88	1	1850
382	34	1	1855
386	312	2	1850	1858
393	119	1	1855
426	110	1	1852
428	52	1	1852
450	166	1	1856
451	209	1	1858
467	113	1	1850
475	194	2	1856	1859
516	36	1	1855
520	80	1	1859
522	291	1	1855
529	709	2	1855	1856
537	231	2	1856	1859
544	101	1	1859
545	70	1	1856
575	37	1	1855
576	117	1	1858
581	6	1	1859
595	120	1	1855
607	45	1	1856
620	17	1	1850
631	8	1	1850
632	61	1	1850
647	29	1	1855
656	103	1	1850
661	24	1	1856
666	34	1	1850
670	126	1	1858
675	87	1	1856
685	28	1	1859
688	133	1	1858
703	75	1	1855
704	88	1	1858
714	205	1	1858
715	250	1	1856
740	85	2	1855	1858
757	20	1	1856
760	41	1	1858
777	114	1	1856
798	40	1	1856
806	50	1	1855
814	171	2	1850	1858
838	18	1	1850
840	79	2	1852	1858
842	137	1	1858
843	51	2	1855	1856
844	317	1	1855
848	100	1	1856
850	279	2	1850	1859
852	37	1	1856
857	9	1	1859
861	115	1	1850
862	52	1	1856
899	65	2	1855	1859
912	41	1	1859
927	42	1	1850
957	75	1	1856
975	82	1	1850
993	36	1	1859
995	28	1	1850
1005	95	1	1856
1052	117	1	1858
1055	33	1	1858
1058	177	1	1855
1070	77	1	1856
1096	95	1	1850
1124	70	1	1855
1128	48	2	1852	1858
1129	83	1	1852
1184	105	1	1855
1189	121	1	1850
1209	24	1	1855
1216	108	1	1850
1243	44	1	1858
1256	59	1	1852
1280	57	2	1855	1856
1284	46	2	1855	1859
1313	63	1	1855
1316	14	1	1850
1340	7	1	1852
1360	64	1	1858
1376	162	1	1852
1392	16	1	1856
1426	44	1	1855
1457	25	1	1858
1460	139	1	1856
1510	7	1	1858
1520	35	1	1858
1524	76	1	1858
1571	110	1	1858
1572	57	1	1858
1603	55	1	1858
1651	22	1	1850
1657	33	1	1855
1716	37	1	1856
1726	27	1	1852
1728	97	1	1856
1732	25	1	1859
1784	28	1	1858
1801	69	1	1858
1803	10	1	1855
1831	89	1	1852
1853	37	1	1855
1855	122	1	1856
1884	164	1	1858
1886	32	1	1850
1893	33	1	1858
1920	16	1	1858
1927	56	1	1858
2000	13	1	1859
2041	6	1	1856
2044	29	1	1850
2046	105	2	1852	1858
2059	270	2	1850	1858
2154	29	1	1858
2219	24	1	1858
2225	19	1	1855
2258	17	1	1858
2266	38	1	1855
2314	24	1	1850
2324	6	1	1859
2340	13	1	1850
2387	12	1	1859
2568	43	1	1856
2577	5	1	1859
2582	2	1	1855
2664	13	1	1855
2762	15	1	1856
2829	4	1	1850
2848	2	1	1855
2884	33	1	1855
2910	6	1	1850
2993	15	1	1859
3033	1	1	1850
3065	12	1	1855
3114	10	1	1856
3147	2	1	1850
3157	9	1	1856
3435	16	1	1850
3539	1	1	1859
3639	8	1	1858
3744	3	1	1858
3919	1	1	1859
3981	6	1	1858
4042	7	1	1858
4074	2	1	1850
4170	3	1	1859
4359	3	1	1856
4372	2	1	1859
4402	5	1	1856
4592	4	1	1856
4670	2	1	1859
4677	4	1	1856
4739	3	1	1855
4972	3	1	1858
4994	2	1	1859
5035	1	1	1859
5259	2	1	1859
5519	1	1	1856
5736	1	1	1850
5780	2	1	1859
5839	1	1	1859
6218	1	1	1859
