2	522	4	941	943	948	949
3	402	2	945	947
8	114	1	948
9	460	4	943	945	948	949
16	286	1	943
17	35	1	941
18	318	3	945	947	947
31	254	2	941	947
37	139	1	941
40	133	1	945
41	71	1	945
46	63	1	943
48	257	1	943
49	124	1	941
50	385	1	945
54	733	4	946	947	948	949
59	236	1	949
60	231	1	949
61	98	2	946	948
62	89	1	943
64	81	1	947
65	159	1	948
66	71	2	941	945
67	827	2	943	945
69	271	1	947
71	218	1	948
74	65	1	947
87	54	1	948
94	240	2	945	947
95	15	1	945
96	113	1	947
103	237	2	945	947
112	118	1	949
115	225	2	945	947
117	36	1	945
121	192	1	949
132	187	1	945
133	113	1	947
137	73	1	945
143	116	1	945
144	23	1	945
155	49	1	947
156	205	1	947
157	64	1	947
158	258	1	946
162	75	1	948
165	38	1	945
167	516	3	941	943	947
169	194	1	941
171	137	1	947
172	79	1	947
176	640	4	947	947	948	949
179	121	3	941	947	947
181	147	1	947
184	42	1	947
193	215	1	947
197	42	1	945
204	244	1	947
205	241	2	945	947
210	118	1	948
225	185	1	948
229	118	1	943
230	248	2	945	947
236	95	1	943
247	233	2	941	947
256	137	1	945
258	112	1	948
261	105	1	947
262	57	1	949
264	224	1	947
279	332	2	948	949
280	61	1	948
286	88	1	949
291	260	2	945	949
296	135	2	945	947
298	69	1	947
299	113	1	947
303	42	1	941
308	9	1	941
318	211	2	945	947
320	52	1	941
321	104	2	948	949
331	47	1	949
333	32	1	948
335	232	3	941	943	947
339	70	1	945
348	173	2	945	947
359	233	1	948
362	45	2	941	941
373	88	1	949
374	249	4	941	941	943	947
381	88	1	945
384	205	4	941	945	947	947
386	312	3	943	948	949
397	159	1	948
398	22	1	946
402	165	2	941	943
407	48	3	941	947	947
410	48	1	948
411	16	1	941
416	106	2	945	949
418	223	1	946
420	126	2	943	948
422	36	1	947
424	83	1	943
436	24	1	945
441	80	1	947
450	166	1	947
451	209	1	947
462	26	1	945
467	113	1	949
475	194	1	945
478	16	1	948
481	56	1	941
490	261	3	941	948	949
491	74	1	948
492	134	3	941	941	947
493	75	1	947
520	80	1	947
522	291	1	947
529	709	6	941	943	945	947	948	949
530	78	1	948
533	26	1	941
534	102	1	943
537	231	1	945
544	101	1	941
556	69	1	947
557	69	2	943	947
561	130	2	946	948
564	50	1	947
585	4	1	948
593	56	2	948	949
594	125	2	941	947
596	61	1	941
602	37	1	943
616	40	1	947
619	31	1	948
625	32	1	947
627	148	2	947	947
635	84	1	948
643	68	1	947
645	227	1	943
649	30	1	945
664	91	2	943	947
668	49	1	947
670	126	1	948
675	87	1	945
678	28	1	945
682	26	1	948
688	133	1	948
690	96	2	941	947
694	90	1	941
695	143	1	941
703	75	1	945
704	88	1	948
710	84	2	948	949
714	205	1	947
715	250	1	947
718	187	1	947
721	216	1	943
723	46	1	947
733	173	1	947
738	85	1	949
747	93	2	943	947
749	62	1	945
751	166	2	943	947
752	214	1	947
753	47	1	945
764	51	1	948
766	132	1	943
767	49	1	947
771	101	1	948
777	114	1	945
787	14	1	945
788	4	1	945
789	139	1	948
801	104	2	946	949
806	50	1	947
814	171	1	943
818	40	1	945
829	34	1	947
831	34	1	943
844	317	1	947
848	100	1	945
850	279	1	949
861	115	1	948
863	27	2	947	947
864	50	1	947
867	120	1	943
872	70	1	941
878	39	1	948
884	150	2	943	945
885	43	1	945
897	17	1	949
900	67	1	947
912	41	1	945
919	53	1	948
920	47	1	947
925	46	1	941
934	101	1	947
940	14	1	941
941	145	1	943
942	92	1	945
944	54	1	945
946	75	1	949
948	190	1	949
956	60	1	947
976	75	1	949
983	184	1	943
993	36	2	947	949
999	21	1	947
1028	90	1	941
1034	28	1	943
1035	9	1	943
1037	44	1	949
1045	186	1	945
1069	138	1	945
1075	120	1	947
1082	34	1	943
1087	58	1	947
1094	99	1	943
1096	95	1	948
1121	109	1	948
1129	83	1	943
1130	157	2	946	949
1133	39	1	945
1140	19	1	948
1148	78	1	949
1156	82	2	943	945
1159	31	1	945
1168	37	1	949
1179	54	1	941
1181	13	1	947
1184	105	1	947
1194	52	1	941
1216	108	1	948
1227	42	1	945
1229	58	2	941	949
1242	42	1	945
1249	5	1	947
1256	59	1	945
1262	38	1	947
1264	22	1	945
1286	28	1	941
1287	72	1	941
1299	66	1	948
1324	15	1	945
1337	58	1	948
1341	21	1	946
1363	17	1	947
1368	147	1	948
1385	42	1	943
1409	15	1	947
1414	282	1	941
1420	51	1	948
1423	24	2	941	941
1424	57	1	946
1453	38	1	947
1460	139	1	945
1475	69	1	947
1477	39	1	941
1481	10	1	945
1494	12	1	941
1504	41	1	946
1516	20	1	949
1519	120	1	943
1521	42	1	947
1534	45	1	945
1540	32	1	948
1569	28	1	941
1571	110	1	948
1573	59	1	948
1598	12	1	948
1622	33	1	947
1623	24	1	943
1635	19	1	945
1636	79	1	941
1653	56	2	945	947
1660	21	1	947
1684	53	1	945
1685	67	1	948
1695	47	1	947
1716	37	1	945
1751	26	1	947
1753	40	1	943
1762	57	1	948
1765	39	1	947
1775	18	1	948
1787	24	1	947
1808	47	1	945
1826	31	1	947
1855	122	1	945
1864	18	1	943
1886	32	1	949
1890	26	1	945
1913	6	1	948
1916	75	1	948
1917	4	2	947	947
1927	56	1	948
1937	53	1	947
1938	19	1	945
1945	57	1	947
1959	23	1	945
1993	45	1	947
2044	29	1	941
2046	105	1	948
2058	37	1	948
2063	31	1	941
2089	12	1	948
2100	20	1	945
2101	26	1	947
2125	14	1	941
2128	52	1	947
2134	20	1	941
2136	12	1	948
2160	82	2	943	948
2163	51	1	948
2231	62	1	945
2240	20	1	941
2242	27	1	948
2258	17	1	941
2260	8	1	947
2268	4	1	945
2313	10	1	948
2315	28	1	947
2353	40	1	946
2390	12	1	945
2394	2	1	945
2409	44	1	949
2428	13	1	941
2451	3	1	943
2454	58	2	943	947
2623	19	1	948
2644	2	1	941
2651	23	1	947
2654	17	1	948
2706	33	1	943
2709	20	1	941
2729	23	2	941	947
2786	6	1	948
2788	24	1	945
2864	30	1	947
2881	16	1	947
2883	23	1	941
2905	30	1	941
2906	31	1	941
3059	18	1	948
3148	3	1	945
3232	13	1	941
3276	20	1	947
3323	38	1	941
3333	2	1	945
3377	1	1	947
3433	18	1	947
3586	9	1	947
3614	5	1	945
3654	17	2	941	941
3691	19	1	943
3985	11	1	943
4020	2	1	945
4039	8	1	947
4091	3	1	943
4286	4	1	945
4336	1	1	941
4477	2	1	945
4485	1	1	949
4526	2	1	945
4695	3	1	947
5181	10	1	946
5956	1	1	945
5990	1	1	941
