2	522	3	1361	1367	1369
3	402	2	1363	1369
8	114	1	1367
9	460	2	1365	1367
14	136	1	1369
26	18	1	1369
31	254	1	1365
40	133	1	1363
44	85	1	1368
48	257	1	1368
49	124	1	1365
50	385	2	1363	1369
54	733	4	1361	1365	1367	1368
57	33	1	1367
59	236	3	1360	1367	1368
60	231	2	1360	1368
61	98	1	1368
62	89	1	1365
65	159	1	1361
67	827	4	1363	1365	1369	1369
69	271	1	1365
73	344	2	1361	1367
75	182	1	1369
78	7	1	1360
87	54	1	1360
93	42	1	1369
94	240	1	1363
112	118	1	1367
116	15	1	1369
121	192	3	1361	1367	1369
133	113	1	1367
143	116	1	1369
156	205	1	1367
158	258	2	1360	1368
167	516	1	1365
169	194	1	1365
176	640	2	1365	1368
177	53	1	1360
178	55	1	1360
180	221	2	1367	1369
184	42	2	1365	1366
189	121	2	1369	1369
202	306	1	1365
205	241	1	1365
210	118	1	1361
225	185	1	1361
247	233	1	1363
252	193	1	1368
256	137	1	1363
258	112	1	1368
259	28	1	1368
264	224	1	1369
279	332	3	1360	1367	1368
281	15	1	1360
291	260	1	1367
299	113	1	1365
308	9	1	1366
328	122	1	1367
335	232	1	1365
341	50	1	1368
355	9	1	1361
359	233	2	1360	1367
372	183	1	1369
373	88	1	1367
382	34	1	1369
386	312	2	1360	1368
392	34	1	1369
397	159	1	1361
401	34	1	1365
412	82	1	1360
416	106	1	1367
418	223	1	1360
426	110	1	1360
430	13	2	1369	1369
448	41	2	1369	1369
451	209	2	1360	1367
454	79	2	1363	1369
460	155	1	1361
467	113	1	1367
468	70	1	1365
475	194	1	1363
490	261	2	1361	1367
491	74	1	1368
492	134	1	1367
499	36	1	1363
519	77	1	1360
522	291	2	1369	1369
529	709	1	1365
537	231	1	1365
544	101	1	1365
567	59	1	1365
576	117	1	1361
593	56	1	1361
595	120	2	1365	1369
616	40	1	1367
627	148	1	1365
632	61	1	1361
640	10	1	1367
641	56	1	1365
642	7	2	1369	1369
651	41	1	1365
656	103	1	1361
670	126	1	1360
688	133	2	1367	1368
714	205	1	1367
715	250	1	1365
728	31	1	1368
734	50	1	1367
738	85	1	1367
740	85	2	1360	1365
752	214	1	1365
753	47	1	1369
756	8	1	1369
771	101	1	1361
775	14	1	1368
777	114	1	1369
779	58	1	1368
798	40	1	1363
814	171	1	1361
816	37	1	1363
824	85	1	1365
842	137	1	1368
844	317	1	1369
848	100	1	1363
850	279	1	1367
921	113	1	1360
927	42	2	1361	1368
946	75	1	1361
961	65	1	1369
981	2	1	1368
986	108	1	1365
998	101	1	1360
1028	90	1	1365
1037	44	1	1367
1047	144	1	1360
1052	117	1	1360
1069	138	1	1363
1078	65	1	1365
1080	23	1	1369
1096	95	1	1361
1101	36	1	1365
1121	109	1	1361
1130	157	2	1367	1368
1136	55	1	1365
1188	36	1	1369
1189	121	1	1367
1229	58	1	1367
1233	59	1	1365
1251	27	1	1361
1256	59	1	1360
1280	57	1	1369
1297	52	1	1360
1313	63	1	1369
1321	63	1	1365
1360	64	1	1361
1365	53	1	1366
1368	147	2	1361	1368
1371	12	1	1365
1391	21	1	1363
1399	39	1	1368
1414	282	3	1365	1366	1368
1426	44	1	1365
1429	34	1	1365
1430	12	1	1369
1433	107	1	1361
1483	15	1	1361
1518	12	1	1368
1524	76	1	1360
1531	41	1	1361
1532	27	1	1365
1533	10	1	1365
1536	15	1	1368
1552	27	1	1366
1572	57	1	1360
1579	53	1	1360
1580	58	1	1363
1584	12	1	1361
1620	31	1	1365
1657	33	1	1369
1701	42	1	1367
1729	76	1	1367
1740	30	1	1360
1742	90	1	1367
1776	59	1	1361
1788	12	1	1367
1801	69	3	1360	1361	1368
1803	10	1	1369
1813	19	1	1360
1831	89	1	1365
1853	37	2	1369	1369
1864	18	1	1361
1884	164	1	1360
1893	33	1	1361
1917	4	1	1361
1920	16	1	1360
1937	53	1	1365
1956	23	2	1367	1368
1990	3	1	1365
2026	23	1	1368
2046	105	1	1361
2048	31	1	1367
2059	270	1	1361
2071	45	1	1361
2097	35	1	1369
2186	42	1	1360
2188	68	1	1361
2219	24	1	1360
2287	13	1	1363
2288	20	1	1368
2300	14	1	1361
2301	39	2	1360	1367
2302	55	1	1365
2326	33	1	1365
2339	50	1	1367
2353	40	1	1368
2368	50	1	1360
2375	22	1	1367
2381	49	2	1365	1366
2387	12	1	1361
2433	15	1	1360
2472	12	1	1361
2545	9	1	1368
2568	43	1	1361
2623	19	1	1367
2713	11	1	1365
2740	16	2	1365	1369
2828	11	1	1365
2892	4	1	1368
2901	3	1	1361
3014	29	1	1363
3059	18	2	1360	1361
3093	5	1	1360
3331	18	1	1369
3571	5	1	1365
3599	5	1	1369
3624	6	1	1360
3735	5	1	1368
3951	9	1	1368
4311	1	1	1368
4646	2	1	1363
4753	2	1	1360
4780	1	1	1368
4782	4	1	1369
4901	3	1	1360
5120	1	1	1368
5326	1	1	1368
5432	1	1	1368
5758	1	1	1366
5772	1	1	1368
5796	2	1	1368
5805	1	1	1368
5933	1	1	1368
5996	1	1	1368
