2	522	4	800	801	802	808
3	402	2	803	809
8	114	1	800
9	460	5	801	802	803	807	808
18	318	1	802
31	254	1	805
37	139	1	807
40	133	1	809
41	71	1	809
42	52	1	803
48	257	1	802
49	124	1	805
50	385	4	802	805	807	809
54	733	5	800	801	802	805	808
55	104	1	805
61	98	1	800
62	89	1	809
65	159	1	800
66	71	1	809
67	827	4	803	805	807	809
69	271	2	805	807
71	218	2	800	802
73	344	3	801	802	808
75	182	1	809
85	34	1	807
87	54	2	800	807
94	240	1	807
103	237	1	803
112	118	1	808
115	225	1	803
119	32	2	805	807
121	192	1	802
127	31	1	809
132	187	1	805
139	16	1	807
143	116	1	807
152	15	1	809
154	4	1	803
156	205	2	802	808
157	64	1	809
165	38	1	809
167	516	2	805	807
169	194	1	807
171	137	1	803
174	118	1	809
176	640	3	805	807	808
179	121	1	805
180	221	3	801	802	805
183	160	1	807
197	42	1	803
200	79	1	805
202	306	3	805	805	807
204	244	2	805	807
205	241	3	805	805	807
207	14	1	807
210	118	1	800
218	84	1	807
225	185	1	807
230	248	2	803	809
247	233	2	805	807
248	38	1	801
252	193	2	805	807
256	137	2	803	809
258	112	1	802
276	69	1	802
279	332	3	800	801	808
285	237	1	805
291	260	2	802	803
296	135	1	803
320	52	1	802
321	104	1	802
328	122	2	802	808
330	26	1	802
335	232	1	805
343	101	1	802
348	173	1	809
349	48	1	807
355	9	1	801
359	233	1	800
367	17	1	802
372	183	1	803
373	88	1	801
374	249	1	808
381	88	1	805
384	205	3	805	805	807
393	119	1	809
397	159	2	800	801
409	36	1	802
418	223	1	800
420	126	1	800
422	36	1	802
424	83	1	805
432	56	2	802	808
441	80	1	809
451	209	1	807
453	83	1	802
460	155	3	800	802	809
465	79	1	809
475	194	2	807	809
484	23	1	800
485	3	1	800
489	19	1	807
490	261	3	800	801	802
497	106	1	803
499	36	1	809
508	72	1	805
512	202	2	805	807
520	80	1	807
529	709	5	802	803	805	805	809
530	78	1	800
532	91	1	805
537	231	3	803	805	807
544	101	2	805	807
545	70	1	809
567	59	2	805	807
568	25	1	805
586	93	1	802
592	32	1	802
594	125	1	802
595	120	1	803
597	193	2	805	805
615	9	1	805
619	31	1	800
626	28	1	803
629	76	1	802
635	84	1	800
640	10	1	808
651	41	1	805
652	57	1	803
655	50	1	802
656	103	1	802
664	91	1	803
670	126	1	800
675	87	1	809
680	45	1	800
685	28	1	802
688	133	1	800
690	96	1	807
697	100	1	805
700	32	1	802
703	75	1	803
707	212	1	805
715	250	1	805
718	187	2	805	805
721	216	1	805
722	15	1	808
725	80	1	800
727	23	1	802
738	85	1	802
752	214	3	803	805	805
769	124	1	802
771	101	2	800	802
777	114	1	803
778	47	1	809
789	139	1	800
790	49	1	803
801	104	1	802
804	49	1	805
814	171	2	800	802
823	115	1	800
831	34	1	805
842	137	2	801	802
844	317	1	805
850	279	2	802	805
853	19	1	803
859	26	1	800
861	115	1	800
891	23	1	800
903	77	1	805
905	125	3	805	805	807
920	47	1	805
928	29	1	805
930	39	1	805
934	101	1	805
941	145	1	805
946	75	1	801
957	75	1	809
971	24	1	807
990	46	2	800	802
991	20	1	802
995	28	1	808
1005	95	2	803	809
1012	71	1	802
1018	42	1	805
1030	17	1	805
1032	33	1	800
1045	186	4	803	805	805	809
1047	144	1	800
1058	177	1	809
1069	138	4	805	805	807	809
1080	23	2	803	805
1086	16	1	801
1087	58	1	807
1096	95	1	801
1101	36	1	805
1121	109	3	800	801	808
1122	40	1	807
1129	83	1	803
1133	39	2	803	809
1136	55	1	805
1151	47	1	809
1162	5	1	800
1168	37	1	803
1179	54	1	805
1189	121	2	801	802
1194	52	1	809
1207	66	1	803
1216	108	1	800
1252	88	1	805
1269	41	1	805
1299	66	1	800
1304	5	1	805
1318	8	1	809
1335	20	1	802
1337	58	2	802	808
1343	8	1	802
1344	47	1	805
1350	30	1	802
1364	54	1	801
1368	147	2	800	801
1378	114	1	802
1388	8	1	802
1411	31	1	807
1414	282	2	800	805
1453	38	1	805
1460	139	1	805
1475	69	1	805
1476	39	1	807
1480	29	1	802
1489	19	1	803
1500	52	2	805	807
1515	25	1	800
1527	51	2	802	805
1532	27	1	808
1552	27	1	805
1564	11	1	802
1571	110	1	800
1637	11	1	801
1645	4	1	805
1686	18	1	802
1719	42	1	805
1729	76	1	802
1732	25	1	807
1754	77	1	802
1787	24	1	807
1792	8	1	809
1800	12	1	802
1808	47	1	802
1817	59	1	805
1846	48	1	809
1855	122	2	803	809
1927	56	1	800
1938	19	1	805
1939	66	1	802
1965	17	1	809
1976	26	1	801
2010	12	1	809
2021	3	1	802
2048	31	1	808
2071	45	1	802
2090	22	1	803
2154	29	1	808
2188	68	1	800
2191	16	1	807
2237	21	1	809
2249	8	1	805
2287	13	1	803
2318	17	2	803	809
2328	13	1	807
2368	50	1	801
2392	9	1	802
2454	58	1	805
2523	7	1	803
2563	30	1	805
2599	27	1	809
2689	2	1	802
2767	23	1	809
2772	29	1	807
2784	18	1	809
2807	6	1	807
2828	11	1	805
2884	33	1	800
3014	29	1	809
3124	11	1	807
3132	12	1	800
3279	5	1	802
3310	4	1	802
3351	1	1	803
3514	2	1	802
3521	2	1	805
3792	2	1	803
3856	6	1	802
3890	3	1	803
3950	3	1	800
4635	1	1	802
4688	1	1	802
4709	5	1	808
5096	1	1	800
5565	2	1	808
5692	2	1	800
5783	1	1	800
5876	1	1	803
6147	1	1	807
6158	1	1	802
6251	1	1	805
