2	522	5	620	622	624	627	628
3	402	1	626
8	114	1	620
9	460	3	626	627	628
12	126	2	622	628
16	286	4	624	626	627	628
17	35	1	621
18	318	3	620	626	627
22	52	1	626
31	254	5	622	624	626	627	628
36	62	1	627
37	139	4	622	624	627	628
46	63	3	622	627	628
48	257	5	621	622	624	627	628
49	124	2	621	622
54	733	5	620	621	622	624	628
59	236	1	620
60	231	1	626
61	98	1	620
62	89	1	628
65	159	1	620
67	827	3	622	627	628
69	271	1	624
71	218	1	620
74	65	2	624	628
79	87	1	620
85	34	1	628
96	113	5	621	622	624	627	628
103	237	1	626
108	55	1	622
111	30	1	627
115	225	1	626
117	36	1	627
121	192	1	620
122	100	2	621	628
131	90	1	626
132	187	1	628
137	73	1	627
155	49	2	624	628
156	205	3	624	627	628
165	38	1	626
167	516	5	622	624	626	627	628
169	194	3	624	626	628
172	79	1	627
176	640	2	620	626
179	121	4	621	622	624	627
180	221	2	620	627
183	160	1	626
193	215	1	627
194	40	1	620
196	93	1	626
197	42	1	620
200	79	1	628
202	306	1	626
204	244	1	626
207	14	1	628
210	118	1	620
225	185	3	620	622	628
226	42	1	620
229	118	3	622	627	628
235	20	1	627
236	95	3	624	627	628
240	128	1	626
252	193	1	627
258	112	1	620
264	224	1	626
278	49	1	627
280	61	2	624	627
285	237	1	626
289	18	1	626
293	151	4	621	622	627	628
298	69	1	627
299	113	2	622	628
306	128	1	624
321	104	2	622	628
335	232	1	627
336	30	1	627
341	50	1	620
343	101	1	628
349	48	2	621	627
356	23	1	620
359	233	2	620	624
362	45	1	628
366	34	1	628
374	249	5	621	622	624	627	628
379	46	1	628
381	88	1	626
384	205	1	621
386	312	2	620	627
388	35	2	624	628
397	159	1	620
400	38	2	624	628
402	165	4	622	624	627	628
412	82	2	620	627
415	7	1	626
416	106	1	628
418	223	1	620
421	42	1	627
422	36	1	620
428	52	1	620
438	10	1	620
451	209	1	620
460	155	2	622	628
466	47	1	620
481	56	5	621	622	624	627	628
488	47	1	628
490	261	3	626	627	628
492	134	2	624	628
518	31	1	626
522	291	1	626
528	45	2	622	627
529	709	4	620	622	626	627
534	102	3	624	627	628
542	165	2	622	628
556	69	1	624
558	64	1	627
575	37	1	626
576	117	1	620
593	56	1	620
594	125	1	624
597	193	2	627	628
599	69	1	627
610	34	1	628
612	55	1	627
619	31	1	620
620	17	1	622
621	23	1	627
623	6	1	624
625	32	1	626
628	47	1	627
632	61	2	620	622
635	84	1	620
637	17	1	620
639	10	1	627
645	227	2	624	628
657	49	2	624	628
658	64	1	620
664	91	2	624	627
680	45	1	621
682	26	1	620
688	133	1	620
690	96	2	627	628
707	212	1	626
710	84	1	620
714	205	3	620	622	627
718	187	1	626
721	216	5	621	622	624	627	628
725	80	1	620
726	27	1	620
747	93	3	624	627	628
751	166	5	621	622	624	627	628
767	49	1	626
771	101	1	620
773	57	1	626
781	11	1	627
782	31	1	622
786	56	2	621	624
800	36	1	620
801	104	1	622
814	171	1	627
818	40	1	626
824	85	1	620
825	90	1	627
842	137	1	627
844	317	1	626
854	39	2	627	628
861	115	1	620
866	24	1	620
867	120	1	627
872	70	1	621
878	39	1	620
881	56	1	627
884	150	2	627	628
887	11	1	626
895	57	3	622	624	628
899	65	1	626
905	125	2	621	628
912	41	1	626
919	53	1	620
921	113	1	620
926	33	1	627
934	101	1	626
941	145	5	621	622	624	627	628
942	92	1	626
943	38	1	627
946	75	2	620	628
947	56	1	627
948	190	2	620	627
956	60	2	621	628
963	31	1	627
970	28	3	621	622	628
983	184	5	621	622	624	627	628
986	108	1	621
991	20	1	627
992	68	2	620	624
1000	66	1	627
1002	106	1	620
1012	71	1	620
1018	42	2	624	628
1026	3	1	628
1028	90	1	628
1032	33	1	624
1040	26	1	627
1047	144	1	620
1049	26	1	622
1052	117	2	620	622
1057	20	2	621	624
1065	54	1	627
1069	138	1	627
1074	38	1	628
1094	99	1	627
1096	95	2	620	628
1108	92	1	627
1118	15	1	626
1121	109	1	620
1130	157	2	622	628
1146	31	1	626
1148	78	2	622	627
1149	42	1	627
1156	82	2	624	627
1158	20	1	627
1159	31	1	626
1166	30	1	628
1188	36	1	628
1195	153	1	620
1198	42	1	627
1209	24	1	624
1216	108	1	620
1218	14	1	627
1223	27	1	628
1232	48	2	624	628
1251	27	1	620
1252	88	1	621
1274	63	1	628
1284	46	1	627
1286	28	1	622
1287	72	2	620	628
1297	52	1	627
1299	66	1	620
1300	40	1	620
1303	83	2	627	628
1309	5	1	628
1322	36	1	627
1336	48	1	620
1337	58	1	622
1342	44	1	624
1360	64	1	620
1385	42	1	628
1386	24	1	626
1398	9	1	621
1414	282	1	626
1422	4	1	627
1424	57	1	620
1433	107	2	620	627
1436	30	1	626
1475	69	1	621
1504	41	1	627
1507	33	2	624	628
1519	120	1	627
1531	41	1	620
1542	16	1	627
1546	32	1	628
1564	11	1	627
1590	7	1	628
1685	67	1	620
1692	54	4	621	622	624	628
1715	9	1	627
1719	42	1	626
1728	97	2	622	626
1733	12	1	627
1742	90	1	624
1743	55	1	622
1765	39	1	627
1823	9	1	620
1826	31	1	628
1849	4	1	628
1862	28	1	622
1893	33	1	620
1894	6	1	622
1895	24	1	626
1912	18	1	626
1916	75	1	622
1942	12	1	627
1972	10	2	621	628
1977	26	2	624	628
1993	45	1	627
2003	28	1	627
2040	7	1	628
2046	105	1	620
2053	37	1	620
2059	270	3	620	624	627
2078	45	3	622	624	628
2080	7	1	620
2095	12	1	628
2101	26	1	626
2125	14	1	627
2127	32	1	627
2151	18	1	620
2160	82	1	624
2186	42	1	622
2192	26	1	624
2195	8	1	622
2206	22	1	628
2235	14	1	627
2264	37	1	626
2266	38	1	626
2291	29	1	622
2295	2	1	626
2302	55	1	628
2308	2	1	627
2339	50	1	620
2340	13	1	620
2348	47	2	622	628
2354	10	1	620
2367	8	1	627
2379	20	2	624	628
2437	13	2	622	628
2448	26	1	624
2454	58	3	621	622	627
2459	10	1	622
2478	10	1	627
2479	50	1	627
2546	33	1	627
2556	29	1	626
2568	43	1	620
2602	20	1	621
2621	7	1	627
2641	25	1	622
2706	33	1	628
2735	28	1	620
2748	32	1	622
2749	26	1	627
2808	27	1	621
2815	27	2	620	622
2842	15	2	624	628
2851	14	1	622
2862	35	1	620
2865	7	1	620
2875	22	2	622	628
2908	19	1	624
2934	10	1	620
2943	7	1	624
2963	9	1	624
3104	13	1	621
3128	22	1	627
3164	5	1	628
3230	16	2	621	624
3232	13	1	624
3274	4	1	627
3288	2	1	627
3375	4	1	628
3533	2	1	628
3563	2	1	627
3575	14	1	628
3655	4	1	620
3665	3	1	627
3669	4	1	627
3691	19	1	627
3715	2	1	627
3782	2	1	622
3893	16	1	626
3985	11	1	628
3989	16	1	626
4009	7	1	627
4091	3	1	627
4151	3	1	624
4285	3	1	624
4376	1	1	628
4379	2	1	627
4449	2	1	627
4699	1	1	626
4786	1	1	628
4788	3	1	626
4803	10	1	622
4844	3	1	620
5061	2	1	626
5121	2	1	628
5282	2	1	624
5579	2	1	627
5950	1	1	628
