2	522	2	1080	1088
3	402	2	1080	1088
8	114	1	1086
9	460	1	1086
10	30	1	1084
14	136	4	1080	1082	1084	1085
16	286	1	1080
18	318	1	1080
19	91	1	1088
20	70	1	1084
21	4	1	1084
31	254	1	1080
37	139	1	1087
44	85	1	1085
49	124	1	1080
50	385	2	1080	1088
52	57	1	1080
53	219	1	1080
54	733	3	1084	1085	1086
55	104	1	1080
59	236	2	1085	1086
60	231	3	1082	1084	1085
63	91	1	1080
64	81	1	1088
67	827	4	1080	1080	1087	1088
69	271	1	1080
75	182	1	1080
77	63	1	1085
94	240	1	1080
103	237	2	1080	1080
108	55	1	1080
112	118	1	1086
115	225	3	1080	1080	1088
131	90	1	1080
133	113	1	1085
135	70	1	1082
142	23	1	1084
145	64	1	1084
147	56	1	1080
157	64	2	1087	1088
158	258	2	1084	1085
161	8	1	1080
169	194	1	1087
171	137	1	1088
174	118	2	1080	1088
176	640	2	1080	1088
177	53	1	1085
178	55	1	1085
189	121	1	1087
193	215	1	1085
196	93	1	1080
197	42	1	1087
202	306	2	1080	1080
204	244	2	1080	1080
210	118	1	1086
230	248	3	1080	1087	1088
232	92	1	1088
241	35	1	1087
247	233	2	1080	1080
252	193	1	1085
261	105	2	1080	1080
264	224	1	1087
272	63	1	1084
273	12	1	1084
279	332	1	1085
286	88	1	1084
291	260	1	1080
296	135	1	1088
299	113	2	1080	1087
303	42	1	1082
311	42	1	1084
318	211	1	1080
323	39	1	1087
324	9	3	1080	1080	1080
332	31	1	1085
335	232	1	1080
366	34	1	1080
372	183	2	1087	1088
373	88	1	1086
382	34	1	1080
384	205	1	1080
386	312	1	1087
393	119	1	1080
401	34	1	1080
405	58	1	1080
412	82	1	1086
418	223	2	1082	1085
426	110	1	1084
441	80	1	1080
454	79	1	1080
460	155	1	1080
465	79	1	1080
467	113	1	1086
468	70	1	1087
475	194	1	1080
488	47	1	1080
490	261	1	1085
497	106	1	1088
510	111	1	1088
512	202	2	1080	1080
515	94	1	1085
519	77	2	1082	1085
522	291	1	1087
529	709	3	1080	1087	1088
537	231	2	1087	1088
559	87	1	1084
567	59	1	1080
576	117	1	1085
577	29	2	1082	1085
651	41	1	1080
654	17	1	1084
661	24	1	1088
663	44	1	1085
675	87	1	1088
697	100	1	1080
701	107	1	1080
703	75	1	1088
707	212	3	1080	1087	1088
718	187	1	1080
740	85	1	1082
752	214	3	1080	1080	1080
757	20	1	1088
769	124	1	1085
770	58	2	1082	1084
772	37	1	1084
777	114	2	1087	1088
778	47	1	1088
798	40	1	1080
806	50	1	1080
814	171	2	1085	1089
824	85	1	1080
840	79	1	1085
844	317	1	1080
846	96	2	1080	1087
848	100	2	1087	1088
850	279	2	1080	1080
864	50	1	1087
905	125	2	1080	1080
921	113	1	1084
926	33	1	1087
943	38	1	1080
957	75	2	1087	1088
978	41	1	1082
997	19	1	1085
998	101	1	1085
1005	95	2	1087	1088
1012	71	2	1084	1085
1021	21	2	1087	1088
1043	2	1	1080
1047	144	2	1082	1085
1052	117	1	1085
1058	177	3	1080	1087	1088
1070	77	2	1080	1088
1081	7	1	1082
1083	4	1	1084
1098	12	1	1084
1100	8	1	1085
1116	26	1	1082
1128	48	1	1089
1148	78	1	1086
1165	21	1	1082
1168	37	1	1080
1181	13	1	1080
1184	105	1	1080
1188	36	1	1087
1189	121	1	1086
1192	8	1	1085
1195	153	2	1082	1084
1207	66	1	1080
1213	80	1	1080
1224	81	1	1080
1243	44	1	1085
1256	59	1	1085
1261	54	1	1082
1280	57	1	1088
1293	32	2	1085	1089
1346	87	1	1085
1363	17	2	1087	1088
1364	54	1	1086
1376	162	1	1084
1415	22	1	1085
1426	44	2	1080	1080
1460	139	1	1087
1464	27	1	1080
1468	38	1	1084
1475	69	2	1080	1080
1477	39	1	1088
1518	12	1	1084
1519	120	1	1086
1532	27	1	1080
1534	45	1	1080
1569	28	1	1080
1573	59	1	1086
1579	53	1	1085
1580	58	1	1080
1582	74	1	1080
1636	79	1	1087
1657	33	2	1080	1088
1681	12	1	1085
1684	53	1	1087
1701	42	1	1084
1703	17	1	1084
1728	97	1	1088
1751	26	1	1088
1754	77	1	1084
1777	9	1	1088
1784	28	1	1085
1796	48	1	1088
1812	39	1	1084
1817	59	1	1080
1853	37	1	1080
1855	122	2	1087	1088
1859	4	1	1080
1866	3	1	1085
1959	23	1	1080
1995	7	1	1087
2045	21	1	1084
2046	105	1	1084
2053	37	1	1085
2059	270	1	1084
2071	45	1	1085
2108	52	1	1085
2109	3	1	1080
2179	20	1	1084
2212	68	1	1082
2266	38	1	1080
2318	17	1	1088
2362	15	1	1080
2429	9	1	1080
2474	57	1	1087
2534	5	1	1080
2561	16	1	1085
2593	11	1	1085
2617	6	1	1080
2618	21	1	1085
2620	25	1	1084
2651	23	1	1087
2667	15	1	1080
2685	13	1	1086
2712	6	1	1085
2713	11	1	1080
2823	8	1	1088
2825	10	1	1084
2898	1	1	1080
2905	30	1	1080
2955	19	1	1080
2959	29	1	1080
2976	16	1	1080
2977	7	1	1084
3009	26	1	1082
3011	14	1	1088
3157	9	1	1087
3187	30	1	1088
3206	12	1	1084
3253	6	1	1080
3315	5	1	1088
3331	18	1	1080
3345	1	1	1080
3355	1	1	1084
3391	4	1	1080
3497	18	1	1087
3505	5	1	1085
3595	9	1	1088
3643	6	1	1082
3703	1	1	1080
3818	4	1	1082
3923	1	1	1082
3983	12	1	1087
4024	20	1	1084
4111	7	1	1088
4158	1	1	1085
4274	4	1	1088
4410	1	1	1080
4433	3	1	1088
5107	1	1	1082
5857	1	1	1080
6103	1	1	1080
