11	20	1	2028
44	85	1	2021
53	219	1	2020
54	733	5	2021	2026	2026	2028	2029
59	236	1	2021
63	91	1	2024
67	827	3	2022	2024	2025
71	218	1	2022
94	240	1	2024
143	116	1	2024
158	258	1	2028
161	8	1	2024
169	194	1	2024
174	118	1	2020
176	640	1	2020
177	53	1	2029
193	215	1	2021
202	306	1	2020
218	84	1	2020
247	233	2	2020	2024
250	19	1	2020
252	193	1	2021
254	20	1	2026
264	224	1	2020
272	63	1	2029
273	12	1	2028
277	37	1	2020
311	42	1	2028
333	32	1	2029
335	232	1	2020
348	173	1	2020
386	312	1	2026
418	223	3	2021	2026	2029
426	110	2	2028	2029
428	52	1	2021
451	209	1	2026
460	155	1	2021
490	261	1	2020
502	98	1	2020
512	202	1	2024
515	94	2	2022	2028
522	291	2	2020	2024
524	56	1	2020
576	117	1	2029
584	69	1	2029
597	193	1	2022
654	17	1	2028
665	31	1	2024
670	126	1	2021
707	212	2	2020	2024
714	205	2	2026	2026
733	173	1	2024
749	62	1	2024
760	41	1	2022
769	124	1	2021
770	58	1	2029
771	101	1	2021
840	79	1	2029
850	279	1	2020
859	26	1	2021
903	77	1	2022
921	113	1	2028
980	24	1	2021
999	21	1	2020
1012	71	1	2028
1036	59	1	2020
1058	177	1	2024
1130	157	2	2026	2026
1131	47	1	2029
1195	153	3	2021	2028	2029
1224	81	1	2024
1256	59	1	2021
1281	15	1	2020
1375	8	1	2021
1376	162	2	2028	2029
1454	26	1	2021
1468	38	1	2028
1526	32	1	2026
1541	26	1	2024
1579	53	1	2028
1603	55	1	2021
1617	12	1	2024
1622	33	1	2022
1631	8	1	2029
1701	42	1	2029
1754	77	2	2021	2028
1884	164	1	2020
1914	8	1	2021
2019	1	1	2020
2027	12	1	2028
2046	105	2	2028	2029
2108	52	1	2020
2342	13	1	2021
2353	40	2	2026	2026
2400	6	1	2020
2474	57	1	2022
2650	18	1	2022
2862	35	1	2028
3658	4	1	2020
3759	5	1	2020
3884	9	1	2028
4024	20	1	2028
4267	14	1	2022
4394	1	1	2020
4596	1	1	2020
5002	1	1	2020
5010	1	1	2020
5271	1	1	2020
