2	522	2	1223	1229
3	402	1	1220
5	41	1	1223
8	114	1	1229
9	460	3	1223	1228	1229
16	286	1	1223
17	35	1	1223
18	318	1	1229
29	22	1	1229
31	254	1	1223
36	62	1	1223
40	133	1	1220
48	257	1	1223
50	385	2	1220	1223
54	733	3	1223	1229	1229
60	231	1	1229
61	98	2	1223	1229
62	89	1	1220
64	81	1	1220
65	159	2	1223	1229
67	827	2	1220	1223
74	65	1	1223
75	182	2	1220	1228
96	113	1	1223
103	237	2	1229	1229
106	27	1	1228
112	118	1	1229
115	225	1	1220
149	63	1	1229
156	205	1	1223
157	64	1	1220
162	75	1	1223
163	16	1	1223
167	516	1	1223
171	137	1	1220
174	118	1	1220
176	640	3	1221	1226	1229
177	53	1	1228
179	121	1	1223
180	221	1	1229
182	53	1	1221
193	215	1	1223
205	241	1	1221
210	118	1	1229
225	185	1	1223
229	118	1	1223
230	248	1	1220
232	92	1	1220
236	95	1	1223
237	14	1	1221
256	137	1	1220
261	105	1	1221
279	332	1	1229
286	88	1	1229
287	23	1	1228
291	260	3	1220	1223	1229
296	135	1	1220
298	69	1	1223
306	128	1	1221
311	42	1	1223
321	104	1	1223
323	39	1	1220
331	47	1	1220
335	232	1	1223
337	15	1	1226
339	70	1	1228
340	24	1	1220
348	173	1	1220
353	61	1	1223
362	45	1	1223
372	183	1	1220
373	88	1	1229
374	249	1	1223
379	46	1	1223
380	42	1	1223
384	205	1	1223
386	312	1	1221
391	64	1	1223
397	159	1	1223
400	38	1	1223
402	165	1	1223
407	48	1	1223
412	82	1	1223
416	106	2	1220	1223
420	126	1	1223
424	83	1	1223
432	56	1	1229
448	41	1	1220
467	113	1	1229
479	38	1	1223
486	41	1	1223
490	261	1	1223
492	134	1	1223
497	106	1	1220
508	72	1	1221
514	27	1	1221
519	77	1	1223
520	80	1	1221
529	709	2	1220	1223
534	102	1	1223
537	231	2	1220	1223
542	165	1	1223
547	33	1	1220
548	6	1	1223
561	130	1	1229
594	125	1	1223
595	120	1	1220
599	69	1	1223
619	31	1	1229
625	32	1	1220
627	148	1	1223
628	47	1	1223
632	61	1	1223
645	227	1	1223
646	15	1	1223
649	30	1	1223
656	103	1	1229
664	91	1	1223
675	87	1	1220
690	96	1	1223
692	70	1	1229
705	8	1	1223
710	84	2	1229	1229
721	216	1	1223
723	46	1	1223
725	80	1	1223
747	93	1	1223
751	166	1	1223
766	132	1	1223
777	114	1	1220
778	47	1	1228
786	56	1	1223
789	139	1	1223
814	171	1	1228
838	18	1	1223
850	279	2	1221	1229
852	37	1	1220
861	115	1	1223
878	39	1	1223
880	14	1	1223
884	150	1	1223
895	57	1	1223
905	125	1	1221
941	145	1	1223
944	54	1	1220
948	190	2	1223	1229
950	15	1	1223
957	75	1	1220
975	82	1	1229
976	75	1	1229
983	184	1	1223
993	36	1	1229
997	19	1	1223
1005	95	1	1220
1016	26	1	1228
1032	33	1	1223
1037	44	1	1223
1040	26	1	1221
1047	144	1	1223
1058	177	1	1220
1065	54	1	1223
1069	138	1	1223
1070	77	1	1220
1086	16	1	1229
1096	95	1	1229
1130	157	1	1223
1166	30	1	1223
1167	11	1	1229
1168	37	1	1229
1176	64	1	1221
1192	8	1	1223
1194	52	1	1223
1198	42	1	1223
1216	108	1	1229
1225	4	1	1226
1226	4	1	1226
1227	42	1	1228
1229	58	1	1223
1232	48	1	1223
1274	63	1	1223
1287	72	1	1223
1316	14	1	1223
1346	87	1	1221
1355	16	1	1228
1367	21	1	1223
1368	147	1	1223
1385	42	1	1223
1392	16	1	1220
1433	107	1	1223
1440	9	1	1221
1474	36	1	1223
1493	40	1	1228
1504	41	1	1223
1516	20	1	1229
1573	59	1	1229
1582	74	1	1221
1623	24	1	1223
1684	53	1	1220
1692	54	1	1223
1729	76	1	1229
1765	39	1	1221
1792	8	1	1220
1797	64	2	1223	1228
1804	9	1	1223
1811	21	1	1220
1855	122	1	1220
1872	24	1	1223
1902	3	1	1221
1905	34	1	1223
2033	4	1	1220
2034	34	1	1221
2036	10	1	1220
2063	31	1	1223
2078	45	1	1223
2127	32	1	1223
2160	82	1	1229
2206	22	1	1223
2212	68	1	1220
2235	14	1	1223
2242	27	1	1229
2266	38	1	1223
2302	55	2	1220	1221
2314	24	1	1229
2329	11	1	1223
2339	50	1	1229
2352	19	1	1223
2454	58	1	1223
2459	10	1	1223
2520	1	1	1221
2546	33	1	1223
2549	9	1	1223
2589	8	1	1220
2617	6	1	1221
2651	23	1	1223
2674	10	1	1220
2784	18	1	1220
2799	38	1	1223
2955	19	1	1221
2971	5	1	1223
3120	13	1	1223
3252	12	1	1223
3344	7	1	1220
3366	2	1	1223
3403	5	1	1228
3555	3	1	1228
4020	2	1	1229
4052	1	1	1223
4098	15	1	1223
4463	2	1	1229
4640	8	1	1228
5184	3	1	1223
6075	1	1	1221
6155	1	1	1229
