9	460	1	2885
14	136	1	2884
18	318	1	2885
54	733	3	2884	2885	2889
59	236	1	2889
73	344	1	2885
79	87	1	2889
89	39	1	2884
112	118	1	2885
158	258	2	2884	2889
178	55	1	2889
193	215	2	2884	2889
200	79	1	2888
210	118	1	2885
225	185	1	2885
272	63	1	2889
279	332	1	2885
281	15	1	2889
320	52	1	2885
359	233	1	2885
373	88	1	2885
375	2	1	2888
397	159	1	2885
412	82	2	2885	2889
418	223	2	2884	2889
426	110	2	2884	2889
428	52	1	2889
460	155	1	2889
467	113	1	2885
471	59	1	2885
515	94	1	2889
584	69	1	2889
663	44	1	2889
694	90	1	2888
769	124	1	2889
814	171	1	2889
872	70	1	2888
1036	59	1	2889
1121	109	1	2885
1195	153	1	2889
1376	162	2	2884	2889
1378	114	1	2885
1569	28	1	2888
1572	57	1	2889
1686	18	1	2885
1727	4	1	2889
1754	77	1	2889
1801	69	1	2885
1918	9	1	2889
1976	26	1	2885
2059	270	1	2885
2062	33	1	2888
2179	20	1	2885
2362	15	1	2888
3349	16	1	2884
