2	522	7	721	722	722	724	725	726	728
8	114	4	722	725	726	728
9	460	5	722	724	725	726	728
11	20	1	721
12	126	2	722	728
18	318	3	725	726	728
29	22	1	725
31	254	2	721	721
48	257	2	721	722
50	385	2	722	725
54	733	4	724	725	726	728
59	236	2	722	725
60	231	2	721	725
61	98	1	728
65	159	4	722	722	725	728
67	827	2	721	722
71	218	3	722	725	728
73	344	4	722	724	725	728
74	65	1	721
87	54	1	725
97	34	1	721
110	43	1	722
111	30	1	721
112	118	4	721	722	724	725
121	192	3	722	724	726
123	59	1	721
126	41	1	721
140	29	1	722
149	63	1	721
156	205	3	722	724	726
158	258	1	721
163	16	1	721
167	516	1	721
172	79	1	721
176	640	5	721	724	725	726	728
180	221	4	722	725	726	728
193	215	1	725
210	118	2	725	728
225	185	2	722	725
236	95	1	721
243	42	1	721
258	112	2	722	725
276	69	1	725
279	332	4	724	725	726	728
291	260	2	721	722
293	151	1	721
303	42	1	721
311	42	1	721
321	104	3	724	725	728
326	12	1	724
328	122	3	722	724	726
330	26	1	722
331	47	1	725
334	23	1	721
341	50	2	722	724
343	101	2	721	722
359	233	3	725	726	728
373	88	2	725	726
380	42	1	722
384	205	1	721
386	312	4	722	725	726	728
391	64	2	721	722
397	159	1	725
409	36	1	721
410	48	2	722	725
416	106	2	721	722
419	6	1	725
450	166	1	724
451	209	1	725
453	83	1	722
467	113	3	724	725	726
471	59	1	726
480	31	1	721
481	56	1	721
482	42	1	721
484	23	1	725
490	261	4	722	725	726	728
491	74	1	728
492	134	1	721
494	29	1	724
502	98	2	724	725
515	94	2	724	728
519	77	1	725
529	709	2	722	725
530	78	2	725	728
561	130	3	721	725	726
568	25	1	725
586	93	1	721
593	56	1	725
594	125	2	721	722
596	61	1	721
597	193	2	721	722
599	69	1	721
612	55	1	722
620	17	1	725
627	148	1	721
628	47	1	721
629	76	1	722
632	61	1	728
635	84	2	725	728
637	17	1	728
640	10	1	726
645	227	1	722
655	50	1	721
656	103	3	721	725	728
658	64	1	725
670	126	1	725
682	26	2	725	726
685	28	1	722
695	143	2	721	722
704	88	3	721	725	728
714	205	2	724	725
721	216	1	722
722	15	1	726
723	46	1	724
725	80	1	726
727	23	1	728
738	85	1	725
747	93	1	721
751	166	1	721
764	51	1	728
766	132	1	721
771	101	2	725	728
779	58	1	721
789	139	1	725
801	104	2	725	728
814	171	1	725
823	115	1	721
825	90	1	722
830	8	1	721
838	18	1	722
840	79	1	721
842	137	1	721
850	279	3	721	724	726
861	115	1	725
864	50	1	721
867	120	1	721
878	39	1	725
884	150	1	721
903	77	1	722
921	113	1	725
926	33	1	721
941	145	2	721	722
946	75	1	725
948	190	2	725	728
975	82	3	724	726	728
976	75	1	721
977	5	1	721
983	184	2	721	721
990	46	1	721
992	68	1	725
993	36	1	721
998	101	2	724	725
1002	106	1	725
1022	48	1	721
1034	28	1	722
1037	44	1	725
1041	49	1	721
1047	144	1	725
1055	33	1	725
1065	54	1	721
1069	138	1	721
1078	65	2	721	722
1094	99	1	721
1095	20	1	721
1096	95	2	724	725
1103	34	1	726
1108	92	1	722
1116	26	1	721
1121	109	2	725	728
1130	157	2	722	728
1131	47	1	722
1163	10	1	722
1165	21	1	724
1189	121	3	722	724	726
1195	153	1	725
1198	42	1	721
1216	108	2	725	728
1217	16	1	721
1229	58	1	722
1232	48	1	725
1262	38	2	722	724
1284	46	1	721
1286	28	1	721
1299	66	2	724	725
1300	40	1	721
1303	83	1	721
1335	20	1	721
1336	48	1	724
1346	87	1	725
1364	54	1	725
1367	21	1	721
1368	147	2	725	728
1374	51	1	721
1378	114	2	721	726
1385	42	1	721
1394	6	1	722
1400	19	1	724
1414	282	1	721
1433	107	3	724	726	728
1440	9	1	721
1452	25	1	721
1512	23	1	725
1519	120	2	721	724
1524	76	1	725
1526	32	1	721
1573	59	1	726
1575	53	2	724	725
1583	8	1	721
1603	55	1	728
1632	4	1	725
1649	6	1	728
1651	22	1	721
1664	37	1	721
1673	6	1	721
1685	67	1	728
1705	27	1	721
1712	17	1	721
1715	9	1	721
1729	76	2	722	722
1743	55	2	721	728
1762	57	2	722	725
1788	12	1	726
1865	16	1	725
1884	164	1	725
1886	32	1	722
1905	34	1	725
1927	56	1	725
1939	66	1	722
1955	6	1	721
1956	23	1	726
1961	9	1	726
2003	28	1	722
2048	31	2	724	726
2059	270	2	725	726
2069	11	1	721
2108	52	1	725
2131	44	2	725	728
2146	8	2	721	722
2151	18	1	725
2154	29	3	722	724	726
2160	82	1	728
2163	51	1	722
2184	4	1	725
2188	68	2	725	726
2235	14	1	721
2239	27	1	725
2244	18	1	721
2291	29	1	721
2301	39	1	722
2339	50	1	725
2354	10	2	725	728
2367	8	1	721
2375	22	1	722
2378	4	1	721
2409	44	1	722
2430	11	1	722
2442	6	1	721
2454	58	1	721
2479	50	1	721
2529	5	1	724
2553	21	1	726
2588	7	1	726
2629	9	2	721	722
2634	14	1	725
2650	18	1	721
2709	20	1	721
2786	6	1	722
2799	38	1	721
2813	5	1	721
2822	13	1	725
2842	15	1	721
2843	7	1	721
2865	7	1	725
2871	19	1	721
2906	31	1	725
2925	23	1	724
2926	16	1	721
2990	19	1	724
3059	18	1	725
3096	10	1	721
3123	3	1	724
3166	3	1	721
3183	6	1	728
3249	1	1	721
3250	13	1	721
3265	4	1	721
3325	6	1	721
3395	4	1	725
3435	16	1	725
3473	9	2	722	722
3559	2	1	721
3590	4	1	722
3654	17	1	721
3674	10	1	726
3951	9	1	721
4041	4	1	725
4267	14	1	722
4494	1	1	728
4560	1	1	722
4702	1	1	724
4869	2	1	725
5043	1	1	720
5716	2	1	721
5803	1	1	721
