2	522	2	995	996
3	402	1	994
9	460	2	994	995
12	126	1	995
14	136	1	998
16	286	1	996
18	318	2	991	995
28	25	1	998
31	254	1	996
49	124	1	996
50	385	2	991	995
54	733	4	991	995	996	998
55	104	1	996
57	33	1	995
59	236	2	995	998
60	231	1	998
65	159	1	995
67	827	2	991	996
69	271	1	994
73	344	2	991	995
74	65	1	996
77	63	1	998
94	240	1	994
103	237	1	994
106	27	1	994
112	118	1	995
121	192	2	991	996
126	41	1	996
135	70	1	995
143	116	1	994
156	205	1	991
158	258	1	998
176	640	3	994	995	996
178	55	1	998
179	121	1	996
180	221	1	991
181	147	1	994
193	215	1	998
195	21	1	998
204	244	1	994
225	185	2	995	996
230	248	1	994
240	128	1	994
248	38	1	991
260	98	1	995
262	57	1	995
264	224	1	994
272	63	1	998
279	332	1	998
282	12	1	996
285	237	1	994
291	260	1	995
293	151	1	996
299	113	1	996
305	13	1	995
318	211	1	994
321	104	1	995
328	122	2	991	995
332	31	1	998
335	232	1	996
343	101	1	991
349	48	1	991
359	233	1	995
374	249	1	996
376	6	1	996
386	312	3	995	996	998
402	165	1	996
416	106	1	995
418	223	1	998
424	83	1	996
426	110	1	998
437	26	1	995
451	209	2	991	995
453	83	1	991
456	54	1	996
460	155	1	995
467	113	1	995
472	21	1	996
482	42	1	996
489	19	1	996
490	261	3	991	995	998
492	134	1	995
496	30	1	996
515	94	1	998
519	77	1	998
522	291	1	994
529	709	4	991	994	995	998
530	78	1	995
537	231	1	996
556	69	1	996
560	6	1	991
564	50	1	994
576	117	2	996	998
577	29	1	998
584	69	1	998
592	32	1	991
594	125	1	991
597	193	1	996
606	17	1	995
627	148	1	994
643	68	1	994
656	103	2	991	995
662	2	1	998
663	44	1	998
688	133	1	998
695	143	1	996
708	4	1	998
714	205	2	991	996
715	250	1	996
721	216	1	996
725	80	2	991	995
727	23	1	991
730	17	1	998
733	173	1	994
736	16	1	991
738	85	1	995
740	85	1	998
749	62	1	994
751	166	1	996
753	47	1	994
769	124	1	998
804	49	1	996
814	171	1	998
825	90	1	995
840	79	1	998
844	317	1	994
850	279	3	991	995	996
854	39	1	996
859	26	1	998
870	28	1	998
881	56	1	991
884	150	2	991	995
897	17	1	995
905	125	1	996
916	45	1	998
946	75	1	995
949	14	1	995
970	28	1	996
975	82	1	995
978	41	1	998
980	24	1	995
983	184	1	994
988	5	1	991
990	46	1	991
992	68	1	998
996	15	1	995
997	19	1	998
1000	66	1	996
1012	71	2	991	998
1033	30	1	996
1036	59	1	998
1037	44	1	995
1047	144	1	998
1052	117	1	998
1054	19	1	994
1055	33	1	995
1057	20	1	996
1058	177	1	994
1063	30	1	994
1065	54	1	996
1072	36	1	998
1085	7	1	998
1087	58	1	996
1096	95	1	995
1099	3	1	998
1100	8	1	998
1111	25	1	991
1130	157	1	995
1131	47	1	995
1166	30	1	996
1171	22	1	998
1189	121	2	991	995
1192	8	1	998
1216	108	1	995
1247	39	1	991
1252	88	1	996
1287	72	1	996
1293	32	1	998
1316	14	1	995
1336	48	1	998
1337	58	1	991
1346	87	1	998
1360	64	1	998
1374	51	1	994
1376	162	1	998
1377	13	1	998
1378	114	1	995
1388	8	1	991
1414	282	1	996
1415	22	1	998
1439	7	1	991
1444	3	1	991
1457	25	1	998
1464	27	1	998
1477	39	1	996
1480	29	1	991
1483	15	1	998
1512	23	1	998
1519	120	1	991
1527	51	2	994	996
1529	33	1	996
1556	24	1	991
1571	110	1	998
1579	53	1	998
1603	55	1	998
1617	12	1	994
1668	13	1	996
1672	5	1	998
1681	12	1	998
1691	7	1	995
1703	17	1	998
1720	15	1	995
1728	97	1	996
1729	76	2	995	996
1740	30	1	998
1754	77	1	998
1756	6	1	991
1775	18	1	996
1800	12	1	991
1801	69	1	998
1814	16	1	995
1827	2	1	998
1829	10	1	998
1846	48	1	996
1850	33	1	995
1854	32	1	998
1864	18	1	996
1879	44	1	998
1884	164	1	998
1886	32	1	995
1918	9	1	998
1939	66	1	991
1984	19	1	998
2044	29	2	991	995
2048	31	1	995
2053	37	1	998
2059	270	1	996
2062	33	1	996
2065	7	1	998
2080	7	1	998
2108	52	1	998
2117	2	1	996
2142	4	1	998
2163	51	2	995	998
2185	10	1	998
2219	24	1	998
2231	62	1	998
2255	37	1	991
2266	38	1	996
2300	14	1	995
2301	39	1	995
2315	28	1	994
2357	9	1	998
2368	50	1	996
2409	44	1	995
2424	28	1	998
2426	7	1	998
2466	2	1	998
2517	18	1	994
2557	10	1	995
2561	16	1	998
2588	7	1	998
2593	11	1	998
2602	20	1	996
2748	32	1	996
2750	11	1	998
2793	27	1	996
2822	13	1	995
3001	9	1	998
3009	26	1	998
3051	2	1	998
3054	13	1	994
3147	2	1	995
3168	23	1	996
3306	7	1	991
3330	3	1	998
3395	4	1	995
3419	11	1	994
3505	5	1	998
3525	6	1	998
3527	2	1	991
3528	6	1	995
3593	6	1	998
3619	7	1	998
3639	8	1	998
3785	6	1	991
3852	1	1	991
3869	3	1	994
4123	3	1	995
4135	1	1	998
4166	1	1	991
4333	4	1	991
4384	7	1	998
4823	2	1	995
4969	1	1	995
5075	2	1	991
5081	1	1	991
5131	2	1	998
5241	1	1	998
5685	1	1	998
6010	1	1	996
