2	522	1	1942
3	402	3	1940	1945	1946
9	460	1	1948
12	126	1	1942
16	286	1	1942
18	318	2	1942	1948
31	254	1	1942
37	139	1	1948
40	133	1	1947
42	52	1	1940
48	257	2	1942	1947
50	385	3	1940	1946	1948
52	57	1	1940
53	219	2	1945	1948
54	733	1	1949
55	104	1	1940
59	236	1	1942
61	98	1	1949
63	91	2	1945	1946
66	71	1	1947
67	827	4	1940	1942	1945	1947
71	218	1	1942
75	182	2	1940	1945
81	18	1	1947
87	54	1	1949
94	240	2	1940	1948
96	113	1	1942
103	237	1	1940
107	71	1	1945
115	225	1	1940
118	60	1	1940
119	32	1	1940
124	13	1	1949
131	90	2	1940	1948
132	187	1	1947
134	18	1	1947
137	73	2	1942	1948
141	95	1	1949
145	64	1	1949
147	56	1	1948
153	49	1	1947
157	64	2	1940	1947
158	258	1	1949
161	8	1	1946
167	516	2	1942	1948
171	137	1	1940
174	118	1	1947
176	640	3	1940	1945	1947
181	147	1	1940
189	121	3	1945	1946	1947
191	49	1	1948
202	306	1	1948
225	185	1	1949
230	248	3	1940	1946	1947
232	92	1	1940
236	95	1	1942
244	18	1	1940
247	233	2	1940	1948
252	193	1	1942
256	137	1	1947
258	112	1	1949
260	98	1	1948
264	224	2	1940	1946
279	332	1	1949
280	61	1	1942
283	25	1	1942
285	237	1	1940
289	18	1	1948
291	260	2	1940	1945
293	151	1	1942
296	135	3	1940	1945	1947
318	211	1	1948
348	173	1	1940
364	15	1	1946
372	183	1	1940
374	249	1	1942
381	88	1	1948
382	34	1	1945
384	205	1	1948
393	119	2	1940	1945
402	165	1	1942
403	54	1	1946
418	223	1	1949
420	126	1	1942
421	42	1	1948
433	45	1	1940
435	71	1	1948
444	28	1	1948
449	14	1	1948
450	166	1	1940
454	79	1	1945
460	155	1	1942
466	47	1	1949
468	70	1	1940
471	59	1	1949
472	21	1	1948
475	194	1	1947
486	41	1	1947
490	261	1	1942
491	74	1	1949
492	134	1	1948
497	106	1	1940
499	36	1	1940
508	72	1	1940
510	111	1	1947
512	202	1	1940
522	291	3	1940	1946	1948
524	56	1	1942
528	45	1	1948
529	709	2	1942	1948
542	165	1	1942
545	70	1	1940
547	33	1	1940
557	69	1	1942
558	64	1	1942
574	51	1	1940
575	37	1	1948
595	120	2	1940	1947
612	55	1	1948
626	28	1	1948
627	148	2	1942	1948
635	84	1	1949
639	10	1	1942
641	56	1	1948
645	227	1	1942
647	29	1	1948
701	107	1	1948
704	88	1	1949
707	212	2	1940	1945
715	250	2	1940	1948
718	187	1	1948
721	216	1	1942
733	173	1	1940
737	6	1	1949
745	11	1	1945
747	93	1	1942
751	166	1	1942
752	214	2	1940	1945
764	51	1	1949
766	132	1	1942
775	14	1	1949
777	114	1	1940
778	47	1	1947
786	56	1	1942
789	139	1	1949
798	40	1	1946
831	34	1	1942
833	17	1	1940
842	137	1	1948
844	317	1	1948
846	96	1	1948
848	100	1	1947
850	279	2	1942	1948
862	52	1	1948
864	50	1	1948
867	120	1	1942
884	150	1	1948
885	43	1	1940
892	38	1	1945
905	125	1	1948
926	33	1	1942
934	101	2	1940	1948
946	75	1	1949
947	56	1	1942
948	190	1	1942
961	65	1	1940
963	31	1	1942
983	184	1	1942
1000	66	1	1942
1001	73	1	1942
1005	95	1	1947
1009	20	1	1948
1017	20	1	1948
1033	30	1	1942
1042	16	1	1947
1045	186	1	1947
1046	14	1	1948
1058	177	3	1940	1942	1946
1070	77	1	1940
1074	38	1	1942
1075	120	1	1940
1088	8	1	1947
1124	70	2	1940	1945
1149	42	1	1942
1156	82	1	1948
1159	31	2	1940	1940
1168	37	1	1948
1184	105	1	1946
1207	66	1	1945
1213	80	1	1947
1227	42	1	1947
1232	48	1	1949
1242	42	2	1940	1948
1248	42	1	1940
1252	88	1	1942
1257	18	1	1942
1264	22	1	1947
1270	15	1	1949
1274	63	1	1948
1281	15	1	1945
1303	83	2	1942	1948
1313	63	1	1940
1322	36	1	1942
1346	87	1	1940
1347	18	1	1940
1359	8	1	1947
1360	64	1	1949
1368	147	1	1949
1388	8	1	1946
1403	10	1	1948
1414	282	1	1947
1417	41	1	1942
1419	30	1	1947
1426	44	1	1940
1430	12	1	1948
1440	9	1	1948
1453	38	1	1948
1460	139	1	1948
1476	39	1	1948
1485	9	1	1940
1493	40	1	1947
1505	30	1	1947
1519	120	1	1942
1521	42	1	1940
1528	17	1	1940
1531	41	1	1942
1541	26	1	1945
1553	2	1	1949
1580	58	1	1945
1582	74	1	1948
1684	53	1	1940
1756	6	1	1946
1769	16	1	1946
1855	122	1	1940
1874	24	1	1948
1885	22	1	1940
1931	49	1	1946
1956	23	1	1949
2059	270	2	1942	1949
2092	49	1	1940
2097	35	1	1946
2144	30	1	1948
2194	23	1	1948
2222	20	1	1940
2231	62	1	1942
2254	18	1	1947
2306	17	1	1942
2368	50	1	1942
2438	14	1	1947
2449	23	1	1940
2470	26	1	1946
2488	13	1	1940
2527	28	1	1947
2531	3	1	1940
2545	9	1	1949
2546	33	1	1947
2568	43	1	1949
2571	12	1	1948
2672	13	1	1946
2675	17	1	1947
2709	20	1	1942
2740	16	1	1945
2762	15	1	1940
2832	7	1	1949
2878	5	1	1946
2892	4	1	1949
2906	31	1	1945
2950	26	1	1942
3015	12	1	1940
3125	6	1	1940
3128	22	1	1948
3142	1	1	1946
3185	31	1	1940
3190	10	1	1946
3240	12	1	1948
3274	4	1	1942
3390	6	1	1942
3745	4	1	1940
3778	10	1	1947
3916	1	1	1940
3959	12	1	1940
4384	7	1	1949
4834	4	1	1940
5246	2	1	1947
5361	1	1	1947
5455	1	1	1946
5654	1	1	1947
5680	1	1	1949
5782	1	1	1947
5942	1	1	1945
