0	8	1	332
1	3	1	332
2	522	5	330	330	331	334	336
3	402	1	339
9	460	3	330	334	339
12	126	4	330	330	331	334
14	136	2	333	333
16	286	3	330	336	339
18	318	3	330	331	334
31	254	3	330	331	334
36	62	1	336
40	133	1	339
41	71	1	339
44	85	4	330	330	331	336
46	63	1	336
48	257	4	330	331	334	336
50	385	3	330	330	339
54	733	3	330	333	336
59	236	2	330	332
60	231	3	332	333	336
61	98	3	330	331	334
62	89	2	330	336
65	159	3	330	331	334
67	827	6	330	331	334	336	338	339
71	218	4	330	330	331	334
73	344	4	330	330	331	334
75	182	1	339
79	87	1	333
80	9	1	333
89	39	2	333	333
91	28	1	339
94	240	1	338
96	113	1	336
97	34	3	330	331	334
100	35	2	330	331
107	71	1	338
110	43	3	330	330	336
111	30	1	338
112	118	1	330
115	225	2	338	339
121	192	2	331	334
122	100	2	330	334
123	59	2	331	336
126	41	1	333
132	187	1	330
143	116	1	338
152	15	1	339
156	205	1	330
162	75	1	331
166	10	1	339
167	516	4	330	331	334	336
171	137	1	338
172	79	3	330	331	334
174	118	2	338	339
176	640	3	331	338	339
177	53	1	333
178	55	1	333
180	221	1	330
181	147	1	339
187	25	2	333	333
193	215	1	333
197	42	1	336
215	8	2	332	333
225	185	3	330	330	331
229	118	2	331	334
230	248	1	339
233	3	1	336
235	20	1	330
236	95	1	336
238	93	3	330	331	334
247	233	1	338
252	193	1	333
254	20	1	333
256	137	1	339
258	112	1	330
260	98	1	331
262	57	2	331	336
264	224	1	338
267	58	1	334
276	69	1	334
279	332	1	332
280	61	1	334
291	260	4	330	331	334	339
293	151	1	334
294	72	1	338
296	135	1	339
299	113	1	336
303	42	1	332
320	52	2	330	330
328	122	1	330
330	26	1	331
331	47	1	330
332	31	1	333
335	232	2	331	336
337	15	2	332	338
341	50	3	331	332	334
343	101	3	330	331	334
348	173	1	339
359	233	2	332	336
367	17	1	330
373	88	1	330
374	249	1	336
381	88	1	338
383	13	1	331
386	312	3	331	332	336
391	64	1	330
397	159	2	330	331
399	17	1	333
402	165	1	336
403	54	1	338
405	58	1	338
412	82	3	330	330	336
418	223	2	332	333
420	126	1	336
421	42	1	332
422	36	1	330
426	110	1	333
428	52	2	333	333
439	37	1	330
442	25	1	339
453	83	3	330	331	334
456	54	1	331
458	18	1	339
460	155	1	334
462	26	1	339
467	113	3	330	331	334
468	70	1	339
480	31	1	330
481	56	2	331	336
490	261	4	330	331	334	336
492	134	1	331
497	106	1	339
502	98	1	330
522	291	1	338
529	709	4	330	331	334	339
534	102	1	331
537	231	1	339
542	165	2	334	336
545	70	1	339
557	69	1	336
570	10	1	332
576	117	2	332	333
584	69	1	333
595	120	1	339
599	69	1	330
601	23	1	339
616	40	2	330	331
627	148	2	330	331
629	76	3	330	330	331
632	61	1	331
635	84	2	330	331
645	227	3	330	331	334
646	15	1	334
652	57	1	338
655	50	2	330	331
656	103	1	331
657	49	1	336
658	64	3	330	330	336
661	24	1	339
664	91	2	330	334
666	34	1	334
670	126	1	332
685	28	1	330
690	96	1	334
695	143	1	334
703	75	1	339
704	88	1	331
710	84	1	333
726	27	2	330	330
733	173	1	338
738	85	1	330
751	166	1	336
752	214	1	338
753	47	1	339
759	11	1	332
760	41	1	332
767	49	1	338
769	124	2	331	334
770	58	1	333
772	37	1	333
777	114	1	339
778	47	1	339
782	31	3	330	331	334
785	71	1	331
790	49	1	339
801	104	2	330	331
814	171	4	330	332	333	334
816	37	1	339
823	115	1	330
825	90	2	330	331
831	34	2	330	334
840	79	2	333	333
842	137	1	332
844	317	1	338
848	100	1	339
850	279	3	330	331	334
852	37	1	339
854	39	1	336
879	19	1	332
881	56	1	334
884	150	1	331
894	39	2	336	339
895	57	2	331	336
905	125	1	336
916	45	1	332
921	113	1	333
926	33	1	334
928	29	1	330
935	17	1	332
941	145	1	330
948	190	3	330	331	334
956	60	1	336
957	75	1	339
976	75	3	330	331	334
983	184	2	331	336
986	108	1	336
991	20	1	336
998	101	2	332	333
1002	106	2	332	333
1012	71	1	332
1022	48	2	330	331
1045	186	1	339
1047	144	1	332
1052	117	1	333
1055	33	1	334
1058	177	1	338
1069	138	1	334
1074	38	3	330	331	334
1075	120	1	338
1078	65	2	334	339
1089	9	1	334
1093	33	1	339
1103	34	2	330	334
1108	92	2	330	334
1116	26	1	333
1124	70	1	338
1128	48	1	333
1129	83	1	333
1130	157	3	330	331	334
1131	47	2	331	333
1144	8	1	333
1156	82	1	336
1158	20	1	331
1163	10	1	331
1167	11	1	334
1175	42	3	330	330	331
1184	105	1	338
1189	121	1	330
1194	52	1	330
1195	153	2	332	333
1198	42	1	331
1207	66	1	339
1227	42	1	339
1229	58	1	334
1243	44	1	333
1245	18	1	339
1252	88	1	339
1261	54	1	333
1274	63	3	330	331	334
1282	51	1	338
1286	28	1	330
1287	72	3	330	331	336
1297	52	1	333
1303	83	2	331	334
1310	34	2	330	331
1326	30	1	339
1336	48	2	332	333
1337	58	1	331
1350	30	2	330	331
1375	8	1	333
1376	162	1	333
1378	114	1	336
1389	30	2	330	333
1394	6	1	334
1395	10	1	334
1417	41	1	334
1433	107	1	331
1452	25	1	330
1454	26	1	331
1475	69	1	336
1476	39	2	331	334
1489	19	1	339
1507	33	1	336
1512	23	1	333
1519	120	1	331
1524	76	1	332
1529	33	1	336
1530	15	1	331
1531	41	1	334
1534	45	1	339
1542	16	1	333
1546	32	1	336
1547	26	3	330	331	334
1550	16	2	330	331
1566	23	3	330	331	334
1567	41	2	338	339
1571	110	1	332
1581	13	1	339
1603	55	1	332
1618	14	1	330
1622	33	1	331
1631	8	1	333
1638	37	1	334
1653	56	1	339
1695	47	2	330	331
1703	17	1	333
1705	27	1	334
1714	35	2	330	334
1726	27	1	333
1729	76	2	330	331
1738	5	2	330	334
1740	30	2	333	333
1743	55	1	339
1753	40	1	332
1755	24	1	334
1775	18	1	334
1776	59	1	330
1782	26	1	333
1790	9	1	336
1796	48	1	339
1801	69	1	332
1806	8	1	334
1808	47	1	330
1812	39	1	333
1831	89	1	333
1833	40	1	338
1850	33	1	330
1852	1	1	333
1854	32	1	333
1855	122	1	339
1856	15	1	339
1862	28	1	334
1884	164	1	333
1892	4	1	331
1896	8	1	330
1920	16	1	332
1927	56	1	332
1939	66	2	330	331
1971	19	1	333
1976	26	2	330	334
1997	8	2	332	333
2003	28	1	331
2029	10	1	333
2046	105	3	332	333	333
2059	270	2	331	332
2066	40	1	334
2101	26	1	336
2112	35	1	333
2115	7	2	333	333
2128	52	1	338
2154	29	1	332
2173	10	1	332
2188	68	1	334
2190	3	1	332
2192	26	1	336
2219	24	1	332
2255	37	1	333
2296	30	2	330	331
2315	28	1	338
2339	50	1	331
2343	8	1	333
2351	15	1	339
2357	9	1	333
2360	7	1	332
2375	22	1	331
2379	20	1	336
2409	44	1	334
2428	13	1	330
2454	58	1	330
2479	50	1	331
2487	5	1	332
2523	7	1	339
2555	19	1	333
2618	21	1	333
2627	31	1	331
2631	10	1	334
2641	25	1	334
2706	33	1	336
2712	6	1	331
2728	3	1	333
2730	9	1	333
2750	11	1	332
2808	27	1	334
2815	27	1	334
2827	7	1	336
2845	25	1	331
2851	14	1	336
2856	13	2	333	333
2864	30	1	338
2884	33	1	333
2908	19	1	331
2971	5	1	336
3012	2	1	336
3030	2	1	333
3034	12	1	333
3055	11	1	333
3073	8	1	333
3096	10	1	331
3128	22	1	336
3215	6	1	339
3230	16	1	336
3400	7	1	331
3401	3	1	333
3421	2	1	334
3433	18	1	338
3435	16	1	330
3449	3	1	333
3512	1	1	338
3549	4	1	330
3565	3	1	333
3575	14	1	336
3601	9	1	332
3690	6	1	339
3746	1	1	334
3823	3	1	332
3853	8	1	332
3979	1	1	334
3981	6	1	332
4001	3	1	338
4014	3	1	333
4042	7	1	333
4213	3	1	338
4269	3	1	338
4277	1	1	333
4399	4	1	334
4429	10	1	333
4543	4	1	333
4578	1	1	333
4682	3	1	336
4696	2	1	338
4713	9	1	332
4729	2	2	330	330
4808	1	1	338
4949	2	1	334
4991	2	1	330
5042	2	1	336
5178	1	1	334
5195	1	1	333
5308	1	1	331
5440	1	1	332
5562	3	1	332
5662	2	1	336
5794	2	1	330
6188	1	1	332
6194	1	1	333
