2	522	1	2314
3	402	2	2312	2318
8	114	1	2316
9	460	1	2314
12	126	1	2314
19	91	1	2318
23	134	1	2318
40	133	1	2312
50	385	1	2314
54	733	3	2314	2316	2319
60	231	1	2314
67	827	2	2312	2318
71	218	1	2316
73	344	1	2314
103	237	1	2314
112	118	1	2314
121	192	1	2314
133	113	1	2318
158	258	1	2316
176	640	4	2312	2314	2316	2318
180	221	1	2314
181	147	1	2318
189	121	1	2318
193	215	1	2316
210	118	1	2319
231	25	1	2312
232	92	1	2318
240	128	1	2318
243	42	1	2318
247	233	1	2312
256	137	1	2312
258	112	1	2316
279	332	2	2314	2316
286	88	1	2314
319	45	1	2314
372	183	2	2312	2318
373	88	1	2314
386	312	2	2314	2316
393	119	1	2318
410	48	1	2314
420	126	1	2316
432	56	1	2314
441	80	1	2318
448	41	1	2318
454	79	1	2318
466	47	1	2316
467	113	2	2314	2319
474	3	1	2312
475	194	2	2312	2318
486	41	1	2312
492	134	1	2318
510	111	2	2312	2318
537	231	2	2312	2318
572	29	1	2318
576	117	1	2314
593	56	1	2314
607	45	1	2318
619	31	1	2316
645	227	1	2316
656	103	1	2314
670	126	1	2316
673	9	1	2318
675	87	1	2318
680	45	1	2316
703	75	1	2318
764	51	1	2316
777	114	1	2318
790	49	1	2318
806	50	1	2318
814	171	1	2314
848	100	1	2318
850	279	1	2314
853	19	1	2318
862	52	1	2312
897	17	1	2314
927	42	1	2314
936	52	1	2318
944	54	1	2318
948	190	1	2314
949	14	1	2314
975	82	1	2314
996	15	1	2314
1005	95	1	2318
1021	21	1	2318
1041	49	1	2314
1045	186	2	2312	2318
1058	177	1	2318
1070	77	1	2318
1075	120	1	2312
1190	29	2	2312	2318
1213	80	1	2318
1229	58	1	2314
1245	18	1	2318
1262	38	2	2312	2314
1263	9	1	2312
1264	22	1	2312
1265	9	1	2318
1326	30	1	2318
1368	147	1	2316
1391	21	1	2318
1414	282	1	2316
1420	51	1	2316
1463	29	1	2312
1486	7	1	2318
1507	33	1	2318
1527	51	1	2314
1568	6	1	2318
1571	110	1	2316
1573	59	1	2316
1580	58	1	2318
1587	16	1	2312
1617	12	1	2318
1708	20	2	2312	2318
1729	76	1	2314
1776	59	1	2314
1850	33	1	2314
1851	13	1	2319
1947	5	1	2312
2036	10	1	2312
2037	41	1	2316
2059	270	1	2314
2185	10	1	2316
2188	68	1	2314
2212	68	1	2316
2222	20	1	2318
2242	27	1	2314
2263	15	1	2312
2300	14	1	2314
2311	11	1	2312
2339	50	1	2314
2347	9	1	2318
2407	8	1	2318
2414	7	1	2318
2438	14	1	2312
2463	3	1	2318
2527	28	1	2312
2542	14	1	2312
2545	9	1	2316
2546	33	1	2312
2553	21	1	2314
2610	1	1	2318
2675	17	1	2312
2727	12	1	2312
2788	24	1	2312
2832	7	1	2316
2862	35	1	2312
2934	10	1	2316
2962	1	1	2312
2980	11	1	2318
3187	30	1	2318
3193	6	1	2314
3292	4	1	2318
3368	17	1	2312
3546	2	1	2312
3671	3	1	2319
3711	4	1	2318
3769	19	1	2312
3818	4	1	2319
3819	1	1	2312
4453	1	1	2318
5214	2	1	2312
5356	1	1	2318
5755	2	1	2312
6130	1	1	2312
