3	402	1	1425
6	30	1	1423
8	114	1	1421
9	460	1	1421
18	318	2	1423	1423
19	91	2	1423	1425
31	254	2	1423	1426
37	139	1	1427
48	257	1	1423
49	124	3	1423	1426	1427
50	385	1	1425
54	733	3	1421	1423	1426
59	236	2	1423	1424
67	827	2	1423	1426
69	271	1	1426
73	344	1	1421
91	28	1	1425
94	240	1	1423
96	113	1	1423
110	43	1	1423
111	30	1	1423
115	225	1	1425
118	60	1	1423
122	100	1	1423
132	187	1	1423
133	113	1	1423
134	18	1	1425
156	205	1	1423
158	258	1	1421
161	8	1	1425
167	516	2	1423	1426
169	194	2	1426	1427
174	118	1	1425
176	640	4	1421	1423	1423	1425
180	221	2	1421	1423
182	53	1	1423
194	40	2	1423	1424
197	42	2	1423	1426
202	306	2	1426	1427
205	241	1	1426
210	118	1	1421
225	185	1	1421
231	25	1	1425
235	20	1	1423
236	95	1	1423
239	10	1	1423
240	128	1	1423
241	35	1	1425
247	233	1	1425
252	193	1	1423
256	137	1	1425
258	112	1	1421
261	105	1	1425
263	17	1	1426
264	224	1	1425
277	37	1	1423
279	332	1	1421
285	237	1	1423
291	260	1	1425
293	151	1	1423
296	135	1	1425
298	69	1	1423
299	113	2	1423	1423
303	42	1	1425
306	128	1	1426
318	211	1	1423
335	232	1	1426
341	50	1	1421
348	173	1	1423
356	23	1	1423
359	233	1	1421
362	45	1	1423
374	249	1	1423
384	205	1	1425
386	312	2	1421	1423
402	165	1	1423
403	54	1	1425
416	106	2	1423	1423
418	223	1	1424
420	126	1	1423
424	83	1	1426
450	166	1	1421
465	79	1	1426
468	70	1	1425
488	47	1	1423
492	134	2	1423	1423
493	75	1	1424
497	106	2	1423	1425
502	98	1	1423
508	72	1	1423
512	202	2	1423	1425
522	291	1	1425
523	35	1	1423
528	45	1	1423
529	709	2	1423	1426
532	91	1	1423
534	102	1	1423
537	231	1	1425
542	165	1	1426
544	101	1	1426
558	64	1	1426
561	130	1	1424
564	50	1	1425
568	25	1	1421
576	117	1	1424
594	125	1	1423
596	61	1	1426
597	193	1	1426
601	23	1	1425
607	45	1	1425
625	32	1	1423
635	84	1	1421
643	68	1	1423
655	50	1	1423
658	64	1	1423
670	126	1	1424
675	87	1	1425
680	45	1	1421
688	133	1	1423
690	96	1	1423
694	90	1	1423
695	143	2	1423	1425
699	43	1	1423
704	88	1	1424
707	212	2	1423	1425
710	84	1	1421
714	205	2	1421	1423
718	187	1	1423
721	216	2	1423	1426
732	45	1	1423
733	173	1	1423
751	166	1	1423
752	214	1	1426
753	47	1	1425
759	11	1	1424
767	49	1	1423
770	58	1	1421
771	101	2	1421	1423
786	56	1	1423
789	139	2	1421	1423
793	36	1	1426
804	49	1	1426
827	19	1	1426
843	51	1	1425
846	96	1	1425
848	100	1	1425
853	19	2	1423	1425
861	115	1	1423
872	70	1	1423
884	150	2	1423	1425
896	16	1	1425
900	67	1	1423
905	125	1	1423
913	13	1	1425
916	45	1	1423
919	53	1	1421
934	101	2	1423	1426
941	145	1	1423
945	49	1	1425
957	75	1	1425
975	82	1	1421
982	22	1	1423
983	184	1	1423
986	108	1	1426
992	68	1	1423
1000	66	1	1423
1002	106	1	1424
1021	21	1	1425
1032	33	1	1421
1037	44	1	1426
1052	117	1	1424
1075	120	1	1423
1086	16	1	1421
1087	58	1	1426
1123	25	2	1423	1426
1124	70	2	1423	1425
1136	55	1	1426
1147	23	1	1426
1151	47	1	1423
1170	8	1	1424
1179	54	1	1426
1195	153	1	1421
1216	108	1	1421
1232	48	1	1423
1233	59	1	1426
1243	44	1	1421
1278	14	2	1423	1425
1280	57	1	1425
1282	51	1	1425
1283	31	1	1423
1303	83	1	1423
1336	48	1	1425
1337	58	1	1421
1342	44	1	1423
1374	51	1	1423
1384	7	1	1423
1386	24	1	1423
1389	30	1	1425
1392	16	1	1425
1414	282	1	1426
1420	51	1	1421
1426	44	1	1427
1453	38	1	1423
1460	139	1	1425
1463	29	1	1425
1477	39	1	1426
1493	40	1	1425
1502	11	1	1425
1505	30	1	1425
1507	33	1	1423
1515	25	1	1424
1521	42	1	1423
1524	76	1	1423
1529	33	1	1423
1538	15	1	1425
1556	24	1	1423
1567	41	1	1423
1591	36	1	1423
1622	33	1	1423
1636	79	1	1423
1646	10	1	1421
1664	37	1	1425
1684	53	1	1425
1692	54	1	1423
1742	90	1	1421
1743	55	1	1426
1746	11	1	1423
1751	26	1	1423
1766	13	1	1423
1775	18	1	1421
1776	59	1	1424
1797	64	1	1423
1811	21	1	1425
1813	19	1	1421
1831	89	1	1427
1835	11	1	1423
1846	48	1	1425
1855	122	1	1425
1879	44	1	1424
1884	164	1	1423
1893	33	1	1421
1930	14	1	1423
1931	49	1	1425
1959	23	1	1423
1984	19	1	1424
2015	51	1	1425
2023	12	1	1426
2078	45	1	1423
2101	26	1	1423
2128	52	1	1426
2131	44	1	1421
2143	9	1	1427
2188	68	1	1421
2222	20	1	1425
2231	62	1	1425
2273	5	1	1421
2277	29	1	1423
2318	17	1	1425
2328	13	1	1423
2330	2	1	1423
2339	50	3	1421	1423	1424
2455	8	1	1423
2461	6	1	1423
2521	17	1	1423
2533	14	1	1425
2563	30	1	1426
2593	11	1	1423
2609	7	1	1425
2621	7	1	1423
2645	26	1	1427
2651	23	1	1423
2671	17	1	1426
2709	20	1	1425
2793	27	1	1426
2798	1	1	1421
2823	8	1	1425
2828	11	1	1427
2842	15	1	1423
2864	30	1	1423
2874	4	1	1427
2881	16	1	1423
2886	6	1	1425
2899	21	1	1423
2905	30	1	1426
2906	31	1	1423
2959	29	1	1426
2973	3	1	1423
2976	16	1	1426
2981	3	1	1425
2989	26	1	1424
3001	9	1	1423
3030	2	1	1424
3187	30	1	1425
3204	4	1	1423
3230	16	1	1423
3295	11	1	1426
3413	6	1	1423
3467	17	1	1423
3497	18	1	1423
3498	1	1	1427
3668	10	1	1423
3779	1	1	1423
3962	9	1	1425
3983	12	1	1423
4123	3	1	1423
4151	3	1	1423
4247	1	1	1421
4263	1	1	1425
4285	3	1	1423
4624	2	1	1423
4713	9	1	1424
4758	1	1	1423
4920	2	1	1423
4959	1	1	1425
5250	1	1	1427
5697	1	1	1423
5710	4	1	1423
5775	1	1	1423
5954	1	1	1423
