2	522	6	591	591	592	594	595	599
6	30	2	591	595
7	14	1	595
9	460	2	595	599
11	20	1	598
12	126	1	592
14	136	1	598
16	286	5	592	594	595	596	599
18	318	3	592	595	599
19	91	1	595
22	52	1	595
23	134	1	595
29	22	1	595
31	254	5	591	594	595	596	599
37	139	2	591	595
48	257	5	591	591	594	595	599
49	124	1	595
50	385	2	592	595
52	57	1	595
54	733	2	591	596
55	104	1	591
59	236	1	592
60	231	2	595	598
62	89	1	594
65	159	1	594
66	71	1	595
67	827	7	591	591	592	594	595	596	599
69	271	3	591	595	596
71	218	3	591	592	594
72	17	1	595
73	344	2	594	595
74	65	1	599
77	63	1	595
94	240	1	595
96	113	1	599
97	34	1	596
100	35	1	591
103	237	1	595
110	43	1	594
115	225	1	595
120	19	1	595
123	59	1	594
126	41	1	598
140	29	2	594	595
142	23	1	598
143	116	1	595
145	64	1	598
147	56	1	595
155	49	1	595
156	205	1	599
162	75	2	594	599
167	516	5	591	594	595	596	599
169	194	2	595	596
172	79	3	591	594	595
176	640	3	591	595	596
179	121	2	595	599
180	221	2	595	599
193	215	1	599
196	93	1	595
200	79	2	595	596
202	306	3	591	595	596
204	244	2	591	596
205	241	2	591	596
229	118	1	599
236	95	1	599
237	14	2	591	594
238	93	3	591	592	596
240	128	1	595
246	21	1	598
247	233	3	591	595	596
248	38	1	594
252	193	1	596
258	112	1	594
260	98	1	595
261	105	1	595
264	224	1	595
272	63	1	598
278	49	1	595
285	237	1	595
291	260	2	592	594
293	151	3	595	596	599
299	113	1	591
302	22	1	592
306	128	1	595
309	30	1	595
311	42	2	595	598
318	211	1	595
319	45	1	595
321	104	2	592	599
328	122	1	592
331	47	1	596
335	232	3	591	594	596
341	50	1	594
343	101	2	592	594
353	61	2	595	599
366	34	1	596
369	21	1	596
370	13	1	595
374	249	1	599
380	42	2	594	595
381	88	1	595
384	205	2	591	595
388	35	1	595
391	64	2	592	599
397	159	2	594	599
401	34	1	595
402	165	2	596	599
407	48	2	594	599
416	106	3	594	594	595
422	36	2	591	595
426	110	1	598
432	56	1	595
435	71	1	595
438	10	1	592
439	37	2	594	599
451	209	1	596
453	83	2	592	594
456	54	2	594	599
460	155	2	592	596
461	27	1	595
465	79	1	596
475	194	1	595
488	47	2	592	595
490	261	3	592	596	599
492	134	2	591	592
508	72	1	595
514	27	1	595
515	94	2	592	598
518	31	1	595
519	77	1	598
523	35	1	595
524	56	2	595	596
529	709	6	591	592	594	595	596	599
532	91	2	595	596
533	26	1	596
534	102	2	595	596
537	231	1	596
539	55	1	595
542	165	2	595	596
544	101	1	596
555	72	1	595
557	69	1	599
559	87	1	598
567	59	1	596
574	51	1	595
578	12	1	595
579	24	1	595
586	93	2	594	595
590	11	1	591
592	32	1	594
594	125	1	592
596	61	1	595
597	193	5	591	592	594	595	598
599	69	1	599
610	34	1	595
613	9	1	595
621	23	1	599
626	28	1	595
627	148	2	595	599
628	47	1	599
629	76	1	592
631	8	1	592
634	18	1	595
645	227	4	591	594	596	599
651	41	1	591
652	57	1	595
656	103	3	592	594	599
664	91	1	599
666	34	1	594
678	28	1	595
688	133	1	595
690	96	4	591	592	594	599
692	70	1	592
695	143	3	592	594	595
697	100	1	595
699	43	1	595
700	32	1	595
701	107	1	595
707	212	1	595
714	205	1	594
715	250	3	591	595	596
718	187	1	595
721	216	5	591	592	594	595	599
732	45	1	595
738	85	1	599
747	93	1	599
751	166	1	599
752	214	1	595
766	132	2	595	599
769	124	2	592	595
770	58	1	598
773	57	1	595
775	14	1	592
779	58	1	596
782	31	1	591
785	71	1	594
786	56	2	591	599
789	139	1	595
793	36	1	595
795	16	1	595
801	104	2	596	599
804	49	1	591
814	171	1	594
825	90	2	594	599
829	34	1	595
842	137	1	594
844	317	1	595
846	96	1	595
850	279	3	591	592	599
854	39	2	596	599
855	51	1	596
860	2	1	594
861	115	1	595
864	50	1	591
867	120	2	591	599
872	70	1	595
874	11	1	591
875	11	1	595
884	150	2	595	599
885	43	1	595
895	57	2	591	599
899	65	1	594
900	67	1	596
905	125	1	595
920	47	1	596
921	113	1	598
925	46	1	599
926	33	1	599
928	29	2	592	595
930	39	1	594
934	101	1	595
941	145	2	594	599
943	38	1	591
948	190	2	594	599
950	15	1	599
956	60	1	599
959	20	1	595
976	75	2	591	594
983	184	3	591	594	599
986	108	1	595
990	46	1	595
1000	66	1	599
1001	73	1	595
1002	106	1	595
1024	32	1	591
1030	17	1	591
1031	32	1	595
1032	33	1	599
1036	59	1	596
1037	44	1	592
1040	26	2	594	595
1041	49	1	594
1052	117	1	595
1065	54	1	595
1069	138	1	592
1078	65	1	594
1087	58	1	595
1094	99	3	594	595	599
1095	20	1	594
1101	36	1	596
1102	9	1	595
1108	92	2	591	592
1111	25	1	591
1112	3	1	595
1129	83	2	595	598
1130	157	2	594	599
1131	47	1	598
1136	55	1	595
1140	19	1	591
1148	78	1	594
1156	82	2	594	595
1164	8	1	595
1175	42	1	596
1176	64	1	595
1177	54	1	595
1179	54	1	591
1189	121	1	594
1207	66	1	595
1216	108	1	592
1217	16	1	594
1223	27	1	594
1224	81	1	595
1229	58	1	599
1232	48	1	591
1233	59	1	596
1269	41	2	595	596
1274	63	2	594	599
1287	72	3	591	594	595
1292	15	1	596
1321	63	2	595	596
1322	36	1	595
1344	47	1	595
1346	87	1	595
1350	30	1	594
1358	8	1	592
1367	21	1	595
1374	51	1	595
1376	162	1	598
1378	114	3	594	595	596
1389	30	1	595
1394	6	1	594
1410	41	1	595
1414	282	3	591	595	596
1417	41	1	599
1429	34	1	596
1430	12	1	595
1434	13	1	594
1453	38	1	595
1454	26	1	594
1460	139	1	596
1474	36	2	595	599
1477	39	1	596
1480	29	1	594
1500	52	1	595
1518	12	1	598
1519	120	2	591	599
1524	76	1	598
1530	15	1	591
1534	45	1	595
1543	9	1	595
1552	27	1	591
1553	2	1	598
1566	23	1	591
1569	28	1	591
1579	53	1	598
1614	18	2	591	594
1620	31	1	595
1622	33	2	592	594
1636	79	1	595
1681	12	1	598
1686	18	1	592
1695	47	1	595
1705	27	1	594
1707	22	1	592
1712	17	1	592
1714	35	2	595	599
1728	97	1	591
1736	69	1	595
1742	90	1	599
1743	55	1	595
1753	40	1	596
1762	57	1	592
1782	26	1	598
1812	39	1	598
1817	59	1	595
1831	89	3	595	596	598
1833	40	1	595
1839	29	1	594
1846	48	1	595
1872	24	1	595
1884	164	2	594	595
1892	4	1	595
1912	18	1	595
1916	75	1	594
1926	3	1	592
1939	66	3	591	592	594
1971	19	1	595
1977	26	1	599
2004	22	1	595
2029	10	1	598
2031	21	1	595
2046	105	1	598
2059	270	2	592	596
2062	33	1	596
2066	40	1	592
2071	45	1	592
2075	48	1	595
2078	45	1	599
2101	26	1	591
2111	28	1	599
2120	24	1	598
2128	52	1	596
2133	29	1	592
2147	12	1	598
2181	9	1	595
2194	23	1	595
2195	8	1	599
2203	23	1	595
2212	68	1	598
2235	14	1	594
2257	20	1	595
2259	10	1	594
2264	37	1	595
2266	38	2	595	599
2275	8	1	591
2291	29	2	595	599
2296	30	1	591
2302	55	1	595
2352	19	1	599
2357	9	1	598
2363	7	1	595
2368	50	1	595
2381	49	1	591
2409	44	2	592	594
2454	58	2	594	599
2458	44	2	595	596
2459	10	1	599
2469	45	1	595
2474	57	1	592
2479	50	3	592	594	599
2521	17	1	595
2525	18	1	595
2533	14	1	595
2534	5	1	596
2546	33	1	599
2549	9	1	592
2555	19	1	598
2617	6	1	595
2627	31	1	591
2641	25	1	592
2645	26	1	595
2688	29	1	594
2693	25	1	591
2698	5	1	599
2706	33	1	599
2709	20	1	595
2730	9	1	598
2793	27	1	595
2799	38	2	592	594
2808	27	1	592
2843	7	1	594
2845	25	1	591
2850	7	1	596
2852	3	1	598
2875	22	1	599
2881	16	1	595
2899	21	1	595
2906	31	1	599
2924	10	1	595
2955	19	1	595
2975	3	1	596
2976	16	1	595
2990	19	2	594	595
2991	19	1	592
2993	15	1	595
3001	9	1	595
3020	26	1	594
3027	11	2	592	594
3028	5	1	595
3120	13	1	599
3175	6	1	595
3189	12	1	595
3193	6	1	598
3247	15	1	592
3304	11	1	595
3312	5	2	591	591
3375	4	1	599
3385	4	1	596
3402	10	1	596
3467	17	1	595
3519	9	1	596
3543	7	1	595
3551	8	1	595
3571	5	1	596
3580	11	1	595
3612	3	1	594
3632	4	1	592
3670	11	1	596
3718	1	1	594
3719	10	1	595
3766	4	1	595
3937	5	1	598
4053	5	1	596
4059	3	1	595
4233	5	1	599
4244	4	1	595
4387	3	1	596
4388	3	1	595
4395	2	1	595
4431	1	1	598
4486	3	1	595
4547	6	1	594
4632	4	1	595
4680	2	1	598
4828	1	1	598
5012	1	1	591
5187	4	1	594
5189	1	1	591
5245	1	1	592
5357	1	1	594
5422	1	1	595
5485	2	1	595
5509	1	1	595
5712	1	1	595
5820	1	1	598
5981	1	1	598
5986	1	1	594
6164	1	1	595
