9	460	2	22	25
16	286	3	25	26	27
18	318	2	22	25
20	70	1	21
22	52	1	23
23	134	2	27	28
24	8	1	25
26	18	1	27
28	25	1	29
31	254	1	25
40	133	1	27
48	257	1	27
50	385	2	25	28
52	57	1	28
54	733	2	21	22
55	104	1	28
59	236	1	29
60	231	1	29
66	71	1	27
67	827	4	22	23	25	27
69	271	3	22	23	28
81	18	1	27
87	54	1	29
94	240	1	23
103	237	2	22	26
115	225	1	25
118	60	1	28
119	32	1	23
121	192	1	26
133	113	1	26
134	18	1	27
152	15	1	27
155	49	1	22
157	64	1	27
158	258	2	21	29
167	516	4	22	23	25	26
169	194	1	26
171	137	1	25
174	118	1	27
176	640	2	26	27
182	53	1	28
183	160	1	22
184	42	1	23
190	8	1	28
193	215	1	28
196	93	3	22	25	26
202	306	5	22	23	25	26	28
204	244	2	22	26
205	241	1	22
218	84	2	22	23
230	248	1	27
231	25	1	27
233	3	1	22
243	42	1	22
247	233	1	23
256	137	1	27
261	105	1	28
264	224	1	28
285	237	2	25	26
286	88	1	21
293	151	1	22
303	42	1	28
306	128	1	25
317	9	1	27
318	211	1	25
348	173	1	28
353	61	1	28
359	233	1	29
386	312	1	29
392	34	1	28
402	165	1	22
412	82	1	29
418	223	1	29
426	110	1	21
433	45	1	26
441	80	1	28
451	209	2	22	25
475	194	4	22	23	25	27
479	38	1	22
486	41	1	27
510	111	1	27
515	94	1	29
520	80	1	25
522	291	2	26	28
529	709	4	22	25	26	29
532	91	2	22	28
537	231	2	22	27
542	165	2	22	25
543	12	1	23
544	101	2	22	23
555	72	1	28
559	87	1	21
564	50	1	23
574	51	1	23
584	69	1	29
590	11	1	22
595	120	2	22	27
597	193	1	25
613	9	1	25
625	32	1	28
626	28	1	28
641	56	1	22
663	44	1	29
670	126	1	29
688	133	1	29
694	90	1	28
697	100	1	25
699	43	1	25
701	107	1	22
707	212	2	25	26
715	250	2	22	23
718	187	2	26	28
732	45	1	27
733	173	1	26
734	50	1	22
738	85	1	29
749	62	1	27
752	214	2	22	23
766	132	2	22	28
767	49	1	26
773	57	1	25
778	47	1	27
794	8	1	27
814	171	1	27
819	19	1	25
824	85	3	23	25	29
844	317	4	22	25	26	28
846	96	2	25	28
850	279	1	25
854	39	1	22
862	52	1	28
867	120	1	28
872	70	2	23	25
887	11	1	26
905	125	2	23	25
917	7	1	29
921	113	1	27
934	101	1	22
935	17	1	29
936	52	1	26
942	92	1	26
947	56	1	25
971	24	1	27
972	2	2	26	27
998	101	1	22
1002	106	1	25
1012	71	1	21
1045	186	2	22	27
1046	14	1	28
1069	138	1	22
1075	120	1	26
1091	16	1	28
1093	33	1	27
1118	15	1	26
1122	40	1	23
1130	157	1	29
1156	82	1	22
1172	21	1	28
1176	64	1	25
1195	153	2	21	26
1224	81	2	22	25
1239	6	1	28
1242	42	1	28
1244	10	1	27
1252	88	1	22
1264	22	1	27
1269	41	1	23
1282	51	1	28
1321	63	1	22
1344	47	1	22
1376	162	1	21
1389	30	1	23
1414	282	1	26
1419	30	1	27
1430	12	2	26	27
1460	139	2	25	26
1512	23	1	29
1520	35	1	29
1526	32	1	29
1528	17	1	23
1561	45	1	27
1582	74	1	28
1587	16	1	27
1591	36	2	26	28
1662	47	1	28
1696	20	1	28
1707	22	1	22
1728	97	1	22
1736	69	2	25	26
1765	39	1	22
1806	8	1	28
1817	59	1	25
1831	89	2	21	23
1846	48	1	23
1884	164	1	27
1921	2	1	29
1925	40	2	22	25
1973	27	1	22
2034	34	1	28
2053	37	1	28
2059	270	2	21	29
2066	40	1	26
2075	48	1	27
2131	44	1	28
2160	82	1	29
2170	35	1	28
2191	16	1	23
2203	23	1	23
2263	15	1	27
2264	37	1	28
2266	38	1	25
2298	5	1	27
2300	14	1	27
2310	13	1	28
2341	6	1	28
2429	9	1	22
2438	14	1	27
2458	44	1	22
2464	7	1	25
2509	2	1	23
2525	18	1	22
2527	28	1	27
2548	4	1	26
2556	29	1	28
2568	43	1	29
2581	5	1	21
2618	21	1	22
2761	4	1	23
2772	29	1	22
2881	16	1	26
2884	33	1	23
2906	31	1	28
2908	19	1	23
2955	19	1	25
3091	11	1	26
3095	3	1	27
3217	16	1	23
3298	4	1	26
3502	6	1	26
3635	3	1	26
3642	2	1	28
3673	2	1	27
3713	1	1	28
3778	10	1	27
3829	2	1	29
3874	9	1	22
3893	16	1	26
4165	1	1	22
4356	8	1	28
4459	3	1	22
5001	3	1	29
5256	4	1	21
5653	1	1	25
5698	1	1	27
5774	1	1	25
5920	1	1	28
5994	1	1	26
