2	522	4	511	512	514	518
3	402	2	512	513
6	30	1	511
9	460	4	511	513	514	518
16	286	2	511	518
19	91	1	513
22	52	1	518
23	134	1	513
31	254	1	511
42	52	1	512
49	124	1	511
50	385	2	512	514
53	219	1	513
54	733	2	511	514
55	104	1	511
60	231	2	511	513
63	91	1	513
67	827	5	511	512	513	514	518
69	271	2	513	518
71	218	1	514
77	63	1	518
103	237	3	511	513	518
115	225	2	512	518
117	36	2	511	514
120	19	1	518
121	192	1	514
127	31	1	513
132	187	1	511
137	73	1	511
143	116	1	512
147	56	1	518
155	49	1	511
156	205	1	514
157	64	1	512
160	11	1	518
162	75	1	514
167	516	2	511	518
169	194	3	512	513	518
171	137	1	513
176	640	1	511
179	121	1	518
180	221	1	518
183	160	1	518
184	42	1	511
200	79	1	511
202	306	2	511	518
205	241	2	511	518
230	248	2	512	513
231	25	1	512
232	92	1	512
240	128	1	513
247	233	1	511
252	193	1	512
258	112	1	514
261	105	1	513
262	57	1	511
264	224	1	512
277	37	1	511
278	49	1	518
279	332	1	511
283	25	1	514
285	237	1	518
291	260	3	512	513	514
293	151	2	511	518
296	135	1	512
299	113	1	511
306	128	1	511
309	30	1	511
318	211	1	513
326	12	1	518
328	122	1	514
336	30	1	511
339	70	1	513
343	101	1	514
348	173	1	513
349	48	1	513
372	183	1	512
374	249	1	511
380	42	1	514
384	205	1	518
386	312	1	511
391	64	1	514
393	119	1	513
401	34	1	511
402	165	2	511	518
424	83	1	518
433	45	1	518
442	25	1	512
450	166	2	512	513
451	209	2	512	518
453	83	1	514
454	79	1	513
460	155	1	518
465	79	2	511	518
472	21	1	511
475	194	1	518
479	38	1	511
481	56	1	511
482	42	1	518
490	261	1	514
494	29	1	511
510	111	1	512
512	202	1	513
514	27	1	518
517	1	1	518
520	80	1	512
523	35	1	511
529	709	4	511	512	514	518
532	91	1	511
534	102	1	511
537	231	2	511	512
539	55	1	518
542	165	1	511
543	12	1	518
544	101	1	511
545	70	1	513
546	39	1	518
547	33	1	512
558	64	1	511
568	25	1	511
579	24	1	512
586	93	2	511	518
594	125	2	511	514
595	120	1	512
597	193	1	511
599	69	1	514
602	37	1	511
612	55	1	512
627	148	2	511	518
645	227	1	514
649	30	1	511
652	57	1	518
656	103	1	514
658	64	1	518
675	87	1	512
694	90	1	511
697	100	1	518
703	75	1	512
715	250	2	511	518
718	187	2	511	518
725	80	1	514
732	45	1	513
733	173	1	513
752	214	2	513	518
755	1	1	513
756	8	1	513
766	132	2	511	513
769	124	2	511	514
773	57	1	511
777	114	1	512
785	71	1	514
800	36	1	511
806	50	1	513
814	171	1	511
843	51	1	513
844	317	2	513	518
848	100	1	512
850	279	1	518
899	65	1	511
903	77	1	511
907	12	1	512
909	31	1	518
948	190	1	514
956	60	1	511
957	75	1	512
982	22	1	514
983	184	1	518
986	108	1	511
992	68	1	518
995	28	1	514
998	101	1	511
1000	66	1	511
1001	73	1	518
1005	95	1	512
1021	21	1	512
1028	90	1	511
1041	49	1	514
1045	186	1	511
1047	144	1	511
1058	177	1	513
1065	54	1	511
1069	138	1	511
1070	77	1	513
1074	38	1	511
1075	120	1	513
1078	65	1	514
1096	95	1	514
1101	36	1	511
1129	83	1	511
1136	55	2	511	518
1156	82	1	511
1176	64	1	518
1179	54	2	511	518
1184	105	1	513
1188	36	1	511
1189	121	1	514
1190	29	1	512
1195	153	1	518
1197	24	1	513
1213	80	1	513
1224	81	2	513	518
1229	58	1	514
1248	42	1	511
1252	88	2	511	518
1269	41	1	518
1281	15	1	513
1287	72	1	518
1310	34	1	514
1313	63	1	513
1321	63	1	518
1330	9	1	511
1342	44	1	513
1344	47	1	518
1346	87	1	511
1374	51	1	511
1380	6	1	514
1394	6	1	514
1403	10	1	512
1410	41	1	518
1414	282	1	511
1444	3	1	514
1460	139	2	511	518
1488	3	1	511
1532	27	1	511
1552	27	1	511
1582	74	1	518
1602	7	1	518
1604	20	1	512
1629	73	1	518
1636	79	1	518
1645	4	1	511
1657	33	1	513
1664	37	1	512
1683	13	1	514
1684	53	2	512	513
1728	97	1	518
1736	69	1	518
1754	77	1	514
1762	57	1	511
1763	9	1	518
1824	17	1	511
1846	48	1	512
1855	122	1	512
1874	24	1	518
1884	164	3	511	512	518
1900	16	1	512
1939	66	1	514
1945	57	1	513
1993	45	1	511
2003	28	1	511
2023	12	1	511
2031	21	1	518
2035	1	1	518
2039	6	1	518
2059	270	2	511	513
2086	4	1	514
2090	22	1	512
2096	22	1	514
2098	14	1	512
2124	6	1	518
2136	12	1	511
2160	82	1	511
2168	28	1	514
2212	68	1	514
2216	6	1	512
2264	37	1	511
2370	5	1	511
2430	11	1	514
2454	58	1	511
2458	44	1	511
2469	45	1	512
2473	14	1	518
2479	50	1	514
2651	23	1	511
2710	3	1	512
2739	11	1	518
2804	8	2	512	513
2864	30	1	513
2919	3	1	511
2926	16	1	511
2947	4	1	512
2955	19	1	518
2999	1	1	511
3003	3	1	511
3046	2	1	513
3189	12	1	518
3201	14	1	518
3211	15	1	511
3304	11	1	518
3434	3	1	511
3475	2	1	512
3551	8	1	511
3711	4	1	512
3786	6	1	513
3874	9	1	518
3877	1	1	518
4023	5	1	513
4097	3	1	518
4111	7	1	512
4139	2	1	511
4245	8	1	511
4267	14	1	514
4319	4	1	511
4467	5	1	511
4707	1	1	511
4988	2	1	518
5060	1	1	512
5095	1	1	518
5348	1	1	511
5424	2	1	512
5846	1	1	518
6017	1	1	511
