2	522	3	1111	1113	1118
3	402	3	1115	1117	1119
9	460	2	1111	1113
14	136	1	1115
16	286	2	1113	1118
31	254	2	1112	1118
44	85	2	1111	1116
46	63	1	1112
49	124	1	1112
50	385	3	1113	1115	1118
52	57	1	1117
53	219	2	1113	1119
54	733	4	1110	1111	1112	1116
59	236	1	1116
60	231	1	1116
61	98	1	1110
64	81	1	1117
67	827	4	1112	1115	1117	1118
69	271	3	1112	1113	1118
73	344	2	1111	1113
75	182	1	1115
79	87	1	1116
87	54	1	1110
93	42	1	1117
94	240	2	1113	1115
103	237	2	1113	1117
108	55	1	1117
115	225	4	1113	1117	1118	1119
118	60	1	1113
119	32	1	1112
121	192	1	1118
122	100	1	1113
132	187	2	1111	1113
133	113	1	1116
135	70	1	1116
137	73	1	1113
143	116	1	1119
147	56	1	1118
155	49	1	1118
156	205	1	1119
157	64	1	1117
167	516	4	1112	1113	1118	1119
169	194	1	1118
171	137	1	1117
174	118	1	1115
176	640	3	1117	1118	1119
180	221	2	1110	1111
181	147	1	1115
183	160	2	1117	1118
189	121	1	1115
193	215	1	1116
194	40	1	1113
195	21	1	1110
196	93	1	1118
202	306	4	1112	1113	1118	1119
203	36	1	1117
204	244	2	1112	1113
205	241	4	1112	1113	1118	1119
206	29	1	1118
219	42	1	1117
224	14	1	1119
230	248	1	1117
232	92	2	1115	1117
240	128	1	1119
247	233	1	1112
248	38	1	1111
252	193	1	1116
259	28	1	1110
260	98	3	1113	1117	1118
264	224	1	1119
278	49	1	1113
280	61	1	1118
285	237	3	1113	1118	1119
291	260	2	1117	1119
293	151	1	1118
296	135	2	1117	1119
298	69	1	1113
311	42	1	1118
315	40	1	1119
318	211	2	1113	1118
319	45	1	1118
326	12	1	1119
332	31	1	1110
335	232	2	1112	1118
343	101	1	1111
345	54	1	1110
348	173	1	1117
349	48	1	1111
353	61	1	1113
359	233	1	1110
363	9	1	1119
370	13	1	1118
372	183	1	1117
381	88	2	1113	1118
386	312	3	1110	1111	1116
393	119	2	1115	1117
398	22	1	1110
405	58	1	1113
418	223	1	1110
420	126	1	1110
424	83	1	1118
435	71	1	1118
436	24	1	1113
450	166	2	1110	1119
451	209	3	1113	1116	1118
454	79	1	1117
460	155	2	1116	1118
465	79	1	1118
471	59	1	1110
475	194	2	1113	1118
488	47	1	1113
491	74	1	1110
499	36	1	1115
500	15	1	1118
512	202	3	1113	1115	1117
516	36	1	1113
520	80	1	1118
522	291	3	1113	1115	1119
524	56	1	1118
528	45	1	1111
529	709	4	1113	1117	1118	1119
532	91	1	1118
537	231	1	1117
539	55	1	1118
542	165	1	1113
544	101	2	1112	1118
576	117	1	1113
579	24	1	1118
584	69	1	1116
593	56	1	1110
594	125	1	1119
602	37	1	1111
607	45	3	1115	1117	1119
612	55	2	1111	1113
613	9	1	1118
629	76	1	1111
634	18	1	1112
641	56	1	1113
645	227	1	1111
652	57	1	1118
656	103	1	1113
663	44	1	1116
668	49	1	1117
670	126	1	1116
688	133	1	1116
692	70	1	1113
697	100	2	1113	1118
699	43	1	1113
701	107	1	1112
703	75	1	1115
707	212	3	1113	1118	1119
715	250	2	1113	1118
718	187	2	1113	1118
740	85	1	1110
752	214	2	1112	1117
764	51	1	1110
769	124	1	1116
770	58	1	1110
771	101	1	1110
775	14	1	1110
777	114	1	1117
780	8	1	1111
785	71	2	1111	1118
793	36	1	1117
795	16	1	1112
798	40	1	1117
800	36	1	1119
801	104	1	1111
804	49	1	1112
814	171	2	1113	1116
819	19	1	1119
833	17	1	1117
842	137	1	1111
843	51	1	1117
844	317	3	1113	1118	1119
846	96	1	1118
850	279	2	1111	1118
854	39	1	1118
882	17	1	1113
884	150	1	1113
899	65	1	1118
905	125	1	1118
910	11	1	1117
912	41	1	1118
920	47	1	1113
926	33	1	1112
942	92	1	1119
943	38	1	1113
946	75	1	1110
952	7	1	1118
961	65	2	1115	1117
983	184	1	1118
988	5	1	1111
990	46	1	1118
993	36	1	1111
998	101	1	1113
1016	26	1	1119
1017	20	1	1118
1033	30	1	1118
1038	15	1	1113
1041	49	1	1111
1058	177	2	1115	1117
1063	30	1	1113
1070	77	2	1115	1117
1087	58	1	1112
1092	1	1	1116
1101	36	2	1112	1113
1108	92	2	1111	1112
1109	4	1	1110
1113	11	1	1118
1114	6	1	1115
1122	40	1	1113
1124	70	1	1115
1129	83	1	1110
1130	157	1	1110
1147	23	1	1112
1156	82	1	1119
1176	64	1	1118
1179	54	1	1112
1182	16	1	1118
1188	36	1	1118
1189	121	1	1111
1224	81	1	1118
1233	59	1	1112
1236	16	1	1116
1247	39	1	1110
1248	42	1	1113
1252	88	2	1112	1118
1262	38	1	1115
1280	57	1	1117
1303	83	1	1117
1327	34	1	1119
1330	9	1	1112
1336	48	1	1110
1342	44	1	1117
1344	47	2	1113	1118
1347	18	1	1117
1357	20	1	1119
1365	53	1	1112
1367	21	1	1112
1368	147	1	1110
1376	162	1	1116
1400	19	1	1112
1414	282	2	1112	1118
1429	34	1	1118
1430	12	1	1118
1460	139	3	1113	1117	1118
1477	39	1	1112
1493	40	1	1117
1500	52	1	1118
1520	35	1	1116
1521	42	1	1119
1530	15	1	1110
1531	41	1	1110
1532	27	1	1113
1534	45	1	1112
1540	32	1	1110
1546	32	1	1118
1563	11	1	1118
1582	74	2	1113	1118
1589	6	1	1118
1603	55	2	1110	1113
1623	24	1	1118
1629	73	1	1118
1643	24	1	1110
1679	15	1	1119
1684	53	1	1117
1719	42	1	1113
1736	69	3	1113	1118	1119
1739	16	1	1111
1753	40	1	1111
1754	77	1	1116
1759	5	1	1115
1762	57	1	1112
1776	59	1	1110
1784	28	1	1116
1801	69	1	1116
1817	59	1	1118
1840	13	1	1118
1855	122	1	1117
1859	4	1	1118
1864	18	1	1118
1875	10	1	1117
1879	44	1	1113
1884	164	3	1113	1117	1119
1912	18	1	1118
1925	40	1	1118
1938	19	1	1117
1942	12	1	1118
1945	57	1	1117
1956	23	1	1110
1959	23	1	1118
1970	12	1	1112
1993	45	1	1113
2000	13	1	1118
2031	21	1	1118
2042	3	1	1118
2059	270	2	1112	1113
2065	7	1	1112
2071	45	1	1116
2072	7	1	1113
2082	26	1	1112
2092	49	2	1115	1117
2096	22	1	1111
2100	20	1	1117
2101	26	1	1119
2110	5	1	1110
2111	28	1	1111
2127	32	1	1113
2128	52	1	1112
2130	1	1	1111
2160	82	1	1110
2200	10	1	1117
2225	19	1	1113
2231	62	1	1110
2239	27	1	1110
2258	17	1	1116
2262	2	1	1115
2264	37	1	1118
2288	20	1	1110
2314	24	1	1113
2326	33	1	1112
2339	50	1	1111
2351	15	1	1112
2427	2	1	1115
2458	44	1	1113
2463	3	1	1117
2474	57	1	1113
2479	50	1	1112
2482	5	1	1112
2488	13	1	1117
2530	13	1	1113
2568	43	1	1110
2571	12	1	1118
2630	6	1	1118
2643	5	1	1113
2649	10	1	1118
2735	28	1	1116
2739	11	1	1118
2749	26	1	1113
2785	10	1	1119
2864	30	1	1115
2906	31	1	1112
2914	2	1	1112
2922	8	1	1117
2930	2	1	1118
2932	8	1	1113
2959	29	1	1112
3006	9	1	1115
3015	12	1	1113
3121	3	1	1118
3174	5	1	1117
3178	1	1	1119
3185	31	1	1117
3331	18	1	1115
3354	3	1	1118
3406	7	1	1119
3480	3	1	1118
3551	8	1	1112
3561	6	1	1117
3585	6	1	1119
3634	2	1	1118
3773	2	1	1118
3797	1	1	1112
3892	4	1	1113
3893	16	1	1119
3895	1	1	1112
3955	5	1	1118
3957	1	1	1118
3959	12	1	1115
4024	20	1	1110
4036	2	1	1113
4098	15	1	1112
4111	7	1	1117
4145	5	1	1112
4259	3	1	1112
4397	2	1	1112
4403	1	1	1110
4430	2	1	1112
4557	5	1	1115
4640	8	1	1112
4644	1	1	1113
4661	1	1	1118
4665	1	1	1118
4884	3	1	1118
5011	1	1	1112
5040	1	1	1119
5105	3	1	1116
5112	4	1	1118
5200	5	1	1118
5295	2	1	1118
5393	1	1	1112
5396	1	1	1119
5421	1	1	1118
5425	1	1	1113
5471	5	1	1112
5511	1	1	1110
5643	1	1	1112
5674	1	1	1111
5718	1	1	1118
6012	2	1	1113
6141	1	1	1119
6225	1	1	1119
