2	522	4	580	580	586	589
9	460	2	580	586
12	126	1	586
16	286	1	589
18	318	3	580	580	586
36	62	1	589
37	139	2	580	580
50	385	3	580	580	589
52	57	1	580
54	733	4	585	586	588	589
55	104	1	589
60	231	1	585
67	827	2	580	589
69	271	1	589
73	344	1	586
94	240	1	580
96	113	1	589
103	237	2	580	580
110	43	1	586
115	225	1	580
122	100	2	580	589
123	59	1	589
124	13	1	588
132	187	1	589
147	56	1	580
149	63	1	586
155	49	1	580
156	205	1	586
158	258	2	583	588
167	516	4	580	580	580	589
169	194	1	580
176	640	2	580	580
180	221	1	580
182	53	1	580
183	160	1	580
194	40	1	585
197	42	1	580
200	79	2	580	580
202	306	2	580	580
204	244	1	580
205	241	1	580
206	29	1	580
213	56	1	585
218	84	1	580
226	42	1	580
247	233	3	580	580	589
258	112	1	586
261	105	1	580
262	57	1	580
267	58	1	580
276	69	1	586
277	37	1	580
279	332	2	580	585
285	237	1	580
293	151	1	580
298	69	3	580	580	589
299	113	2	580	589
306	128	2	580	589
309	30	1	580
318	211	1	580
320	52	1	586
321	104	2	586	589
328	122	1	586
335	232	2	580	589
337	15	1	583
343	101	1	589
353	61	1	589
359	233	2	585	586
362	45	1	589
371	26	1	580
373	88	1	586
374	249	2	580	589
381	88	1	580
384	205	2	580	580
386	312	2	586	588
397	159	1	589
402	165	2	580	589
412	82	1	586
418	223	1	585
420	126	1	583
424	83	2	580	580
426	110	1	585
433	45	1	580
435	71	3	580	580	580
451	209	1	580
460	155	1	589
465	79	2	580	580
481	56	1	580
482	42	1	588
490	261	2	586	589
492	134	2	580	580
520	80	2	580	580
528	45	1	589
529	709	3	580	580	589
530	78	1	585
532	91	2	580	580
533	26	1	580
542	165	2	580	589
544	101	1	580
549	12	1	580
555	72	3	580	580	589
556	69	1	589
567	59	1	580
574	51	1	580
575	37	1	580
576	117	1	585
581	6	1	582
584	69	1	585
586	93	1	580
587	1	1	588
594	125	2	580	589
597	193	1	580
614	4	1	580
620	17	1	589
626	28	1	580
627	148	1	580
634	18	1	580
640	10	1	585
645	227	1	589
656	103	1	586
657	49	1	580
658	64	1	580
664	91	1	589
670	126	1	585
694	90	1	580
695	143	2	580	580
697	100	1	580
700	32	1	580
701	107	2	580	580
714	205	1	583
715	250	2	580	580
718	187	2	580	589
721	216	1	589
723	46	1	580
725	80	1	586
726	27	1	586
727	23	1	586
734	50	1	580
751	166	1	589
766	132	1	580
772	37	1	585
795	16	1	580
804	49	1	589
819	19	1	580
824	85	1	585
825	90	1	586
842	137	1	585
844	317	1	580
846	96	2	580	580
850	279	2	580	589
884	150	1	589
899	65	1	580
900	67	1	580
905	125	1	589
917	7	1	585
920	47	1	580
928	29	2	580	580
929	11	1	580
934	101	2	580	580
941	145	1	580
948	190	1	586
949	14	1	586
956	60	1	589
959	20	1	580
983	184	1	589
995	28	1	589
998	101	1	589
1002	106	1	585
1011	60	1	580
1017	20	1	580
1028	90	1	589
1040	26	1	586
1052	117	1	583
1057	20	1	580
1103	34	1	586
1107	15	1	585
1122	40	2	580	580
1130	157	1	585
1137	10	1	588
1146	31	1	580
1148	78	1	586
1171	22	1	585
1175	42	1	586
1176	64	1	580
1181	13	1	580
1188	36	1	580
1189	121	1	586
1195	153	1	585
1209	24	1	589
1224	81	1	580
1247	39	2	586	588
1248	42	1	580
1252	88	1	580
1257	18	1	589
1284	46	1	580
1300	40	1	580
1307	22	1	580
1337	58	1	580
1344	47	1	580
1374	51	1	580
1378	114	1	586
1386	24	2	580	580
1399	39	1	585
1414	282	2	585	589
1424	57	1	588
1460	139	2	580	580
1495	2	1	585
1526	32	1	585
1543	9	1	580
1554	8	1	580
1571	110	1	585
1582	74	1	580
1624	1	1	589
1629	73	1	580
1658	6	1	585
1660	21	1	589
1664	37	1	586
1669	7	1	586
1685	67	1	586
1692	54	1	589
1701	42	1	580
1707	22	1	580
1736	69	1	580
1743	55	1	589
1754	77	1	585
1767	20	1	585
1776	59	1	589
1801	69	1	585
1817	59	1	580
1824	17	1	586
1841	31	1	589
1851	13	1	583
1862	28	1	589
1879	44	1	588
1896	8	1	586
1916	75	1	586
1927	56	1	585
1930	14	1	580
1961	9	1	585
1973	27	1	580
2004	22	2	580	580
2037	41	1	580
2044	29	1	589
2046	105	2	588	589
2059	270	1	580
2066	40	2	580	580
2094	4	1	580
2111	28	1	586
2120	24	1	588
2134	20	1	589
2144	30	1	588
2160	82	1	586
2188	68	1	588
2191	16	1	580
2192	26	1	589
2203	23	1	580
2257	20	1	580
2264	37	1	589
2278	4	1	588
2310	13	1	580
2368	50	1	580
2381	49	1	589
2387	12	1	582
2429	9	1	580
2480	2	1	585
2532	9	1	589
2553	21	2	581	582
2706	33	1	589
2718	6	1	589
2749	26	1	580
2772	29	1	580
2815	27	1	589
2851	14	1	589
2866	6	1	586
2906	31	1	580
2934	10	1	588
2993	15	1	580
3037	11	1	582
3126	15	1	589
3197	13	1	586
3201	14	1	580
3264	4	1	589
3276	20	1	589
3439	4	1	586
3560	5	1	580
3598	1	1	589
3737	3	1	582
3749	1	1	585
3801	2	1	589
3901	4	1	583
4024	20	1	585
4532	8	2	581	582
4675	3	1	588
4713	9	1	585
5141	1	1	589
5285	2	1	589
5568	1	1	580
5912	1	1	585
6047	1	1	580
