2	522	4	864	865	866	867
3	402	1	862
9	460	1	867
16	286	3	865	866	867
18	318	2	866	867
31	254	3	864	866	867
36	62	1	867
37	139	2	865	867
40	133	1	862
41	71	1	862
46	63	1	860
48	257	4	860	862	866	867
49	124	2	864	866
53	219	1	862
54	733	3	864	866	867
55	104	2	864	866
62	89	1	867
64	81	1	862
66	71	1	866
67	827	5	860	864	865	866	867
69	271	3	864	865	866
71	218	1	860
73	344	1	860
75	182	1	862
94	240	1	865
96	113	2	864	867
108	55	1	867
110	43	1	864
111	30	2	860	867
120	19	1	865
121	192	1	867
122	100	1	860
123	59	2	860	864
127	31	1	862
132	187	1	866
147	56	1	865
149	63	1	860
151	39	1	866
153	49	1	862
155	49	1	867
156	205	1	864
160	11	1	865
167	516	5	860	864	865	866	867
169	194	2	865	866
172	79	1	862
176	640	1	864
179	121	4	864	865	866	869
183	160	2	862	865
184	42	1	869
193	215	2	864	867
200	79	1	866
202	306	2	865	866
204	244	1	866
205	241	2	865	866
218	84	1	865
225	185	1	860
229	118	1	865
230	248	1	862
236	95	1	867
241	35	1	862
243	42	1	862
260	98	1	867
263	17	1	862
267	58	1	866
285	237	2	862	865
291	260	1	862
293	151	4	864	865	866	867
296	135	1	862
298	69	2	866	867
299	113	3	864	866	867
306	128	3	864	865	866
319	45	1	862
335	232	2	864	866
343	101	1	860
353	61	1	867
359	233	1	867
374	249	4	864	866	867	869
384	205	1	860
397	159	1	864
401	34	1	866
402	165	3	864	865	866
412	82	1	860
424	83	1	864
433	45	1	865
437	26	1	864
439	37	1	860
450	166	1	862
451	209	1	865
453	83	1	866
460	155	1	864
465	79	1	866
475	194	2	862	865
481	56	1	867
490	261	3	864	865	869
496	30	1	866
510	111	1	862
512	202	1	862
523	35	1	862
529	709	4	860	864	865	866
530	78	1	867
532	91	2	865	866
533	26	1	866
534	102	2	866	867
537	231	2	866	867
539	55	1	865
542	165	3	860	864	866
556	69	1	864
557	69	1	864
558	64	1	860
574	51	1	862
592	32	1	866
596	61	1	866
597	193	1	864
620	17	1	867
627	148	1	867
629	76	1	860
641	56	1	865
645	227	2	860	867
651	41	1	866
652	57	1	865
664	91	1	864
688	133	1	866
690	96	1	867
692	70	1	866
697	100	1	865
701	107	1	866
714	205	1	866
715	250	3	865	866	869
718	187	1	865
721	216	4	860	862	866	867
723	46	2	864	866
751	166	1	864
752	214	3	862	865	866
766	132	1	864
779	58	1	860
781	11	1	867
786	56	2	860	867
789	139	1	865
790	49	1	862
804	49	1	864
825	90	1	867
836	27	1	862
844	317	1	865
848	100	1	862
850	279	1	865
853	19	1	862
855	51	1	866
863	27	1	864
864	50	1	866
865	3	1	866
867	120	2	860	866
868	8	1	869
885	43	1	862
895	57	2	860	864
905	125	1	864
925	46	1	865
930	39	1	865
941	145	1	860
943	38	1	865
946	75	1	866
963	31	1	860
971	24	1	865
976	75	1	860
983	184	1	867
991	20	1	867
993	36	1	867
1000	66	2	866	867
1001	73	2	865	866
1002	106	1	866
1028	90	1	869
1030	17	1	866
1031	32	1	862
1045	186	1	865
1058	177	1	862
1065	54	1	865
1069	138	2	860	866
1087	58	1	865
1094	99	1	867
1130	157	2	864	866
1136	55	1	865
1147	23	1	866
1155	6	1	862
1176	64	1	865
1177	54	1	865
1179	54	1	866
1208	8	1	865
1213	80	1	862
1224	81	1	865
1252	88	2	865	866
1274	63	1	864
1303	83	1	867
1307	22	1	866
1321	63	1	865
1331	31	2	864	866
1342	44	1	865
1346	87	1	867
1365	53	1	866
1411	31	1	865
1414	282	2	864	866
1419	30	1	862
1452	25	1	860
1460	139	2	862	865
1507	33	1	866
1519	120	2	860	867
1529	33	1	864
1552	27	1	866
1561	45	1	862
1569	28	1	866
1580	58	1	862
1623	24	1	866
1629	73	1	865
1636	79	2	862	866
1653	56	1	862
1660	21	1	864
1689	8	1	866
1695	47	1	867
1728	97	3	865	866	867
1742	90	1	866
1743	55	2	866	867
1755	24	1	860
1765	39	1	865
1779	1	1	862
1817	59	1	864
1821	27	1	864
1862	28	1	864
1916	75	2	864	867
1944	1	1	869
2023	12	1	866
2031	21	1	865
2062	33	1	869
2069	11	1	860
2128	52	1	864
2149	29	1	865
2151	18	1	866
2180	12	1	862
2245	15	1	866
2266	38	1	864
2275	8	1	869
2291	29	1	866
2348	47	1	867
2379	20	1	867
2392	9	1	867
2405	11	1	862
2442	6	1	860
2510	6	1	869
2620	25	1	867
2624	11	1	866
2625	15	1	865
2671	17	1	866
2688	29	1	860
2693	25	1	860
2732	2	1	867
2752	18	2	860	865
2815	27	2	866	867
2899	21	1	867
2908	19	1	865
2928	4	1	862
2944	3	1	866
2950	26	1	867
2955	19	1	865
2959	29	1	866
3020	26	1	867
3088	8	1	862
3124	11	1	867
3151	1	1	860
3237	2	1	866
3238	5	1	864
3244	6	1	867
3262	9	1	866
3276	20	1	864
3301	2	1	864
3305	13	1	867
3398	1	1	869
3434	3	1	865
3467	17	1	867
3497	18	1	866
3532	1	1	860
3556	1	1	864
3560	5	1	866
3586	9	1	864
3633	12	1	869
3668	10	1	864
3738	1	1	869
3775	1	1	862
3861	1	1	869
4000	3	1	869
4016	5	1	866
4136	3	1	860
4258	3	1	862
4358	2	1	862
4411	1	1	865
4468	1	1	862
4803	10	1	866
4878	1	1	864
5311	1	1	869
5484	4	1	866
5524	1	1	869
5964	1	1	866
