3	402	2	1324	1328
8	114	1	1327
9	460	1	1324
31	254	1	1329
36	62	1	1329
40	133	2	1324	1328
41	71	1	1324
48	257	1	1328
50	385	2	1324	1327
54	733	3	1325	1327	1329
55	104	1	1329
60	231	1	1327
61	98	1	1325
65	159	1	1327
67	827	3	1324	1328	1329
71	218	2	1325	1327
78	7	1	1325
85	34	1	1327
87	54	1	1325
103	237	1	1324
115	225	1	1324
123	59	1	1329
126	41	1	1328
141	95	1	1327
144	23	1	1324
145	64	1	1325
153	49	1	1324
157	64	1	1324
158	258	2	1325	1327
167	516	1	1329
171	137	2	1324	1328
176	640	3	1324	1325	1328
179	121	1	1329
180	221	1	1329
181	147	1	1328
184	42	1	1329
193	215	1	1327
213	56	1	1325
230	248	2	1324	1328
252	193	1	1324
256	137	1	1324
276	69	1	1325
279	332	1	1327
282	12	1	1329
285	237	1	1324
287	23	1	1324
291	260	2	1324	1328
296	135	1	1324
298	69	1	1329
314	31	1	1324
323	39	1	1324
337	15	1	1325
341	50	1	1325
348	173	1	1324
359	233	2	1327	1329
372	183	1	1324
374	249	1	1329
384	205	1	1329
386	312	1	1325
398	22	1	1325
420	126	2	1325	1327
437	26	1	1329
450	166	1	1324
451	209	1	1327
466	47	2	1325	1327
468	70	1	1329
482	42	1	1329
491	74	1	1325
492	134	1	1329
496	30	1	1329
497	106	1	1324
499	36	1	1324
504	26	1	1324
510	111	2	1324	1328
512	202	1	1324
515	94	1	1325
519	77	1	1325
523	35	1	1324
529	709	1	1324
530	78	1	1325
532	91	1	1329
537	231	2	1324	1329
555	72	1	1329
556	69	1	1329
561	130	1	1327
569	13	1	1325
577	29	1	1327
601	23	1	1324
602	37	1	1329
612	55	1	1329
619	31	1	1325
627	148	1	1329
632	61	1	1325
639	10	1	1329
641	56	1	1329
666	34	1	1327
668	49	1	1328
670	126	1	1327
678	28	1	1324
682	26	1	1325
688	133	1	1329
700	32	1	1328
703	75	1	1324
714	205	1	1329
715	250	1	1329
721	216	1	1329
740	85	1	1329
751	166	1	1329
752	214	1	1324
756	8	1	1328
757	20	1	1328
764	51	1	1325
777	114	1	1324
787	14	2	1324	1328
789	139	1	1325
790	49	1	1324
803	10	1	1324
814	171	1	1325
818	40	1	1328
840	79	1	1327
844	317	1	1324
850	279	1	1329
861	115	1	1325
872	70	1	1329
893	12	1	1324
894	39	1	1324
912	41	1	1324
915	10	1	1324
932	22	1	1324
945	49	1	1324
947	56	1	1329
1005	95	1	1324
1011	60	1	1324
1018	42	1	1329
1032	33	1	1325
1045	186	1	1324
1047	144	2	1325	1327
1052	117	1	1329
1058	177	1	1324
1075	120	1	1328
1078	65	1	1324
1093	33	1	1324
1129	83	1	1329
1158	20	1	1329
1227	42	1	1324
1232	48	1	1325
1264	22	1	1324
1313	63	1	1324
1323	21	1	1324
1326	30	1	1324
1328	5	1	1328
1342	44	1	1324
1355	16	1	1328
1368	147	2	1325	1327
1400	19	1	1329
1414	282	2	1325	1329
1420	51	1	1325
1433	107	1	1329
1460	139	1	1328
1475	69	1	1329
1489	19	1	1324
1502	11	1	1324
1505	30	1	1328
1530	15	1	1325
1531	41	1	1325
1532	27	1	1329
1538	15	1	1324
1561	45	1	1328
1571	110	2	1325	1327
1587	16	1	1324
1653	56	1	1324
1708	20	2	1324	1328
1729	76	1	1324
1742	90	1	1329
1767	20	1	1327
1817	59	1	1329
1821	27	1	1329
1836	10	1	1324
1855	122	1	1328
1884	164	1	1325
1905	34	1	1325
1949	9	1	1325
1955	6	1	1327
2062	33	1	1329
2090	22	1	1324
2098	14	1	1324
2115	7	1	1325
2122	22	1	1324
2131	44	2	1325	1328
2134	20	1	1329
2149	29	1	1324
2160	82	1	1327
2172	26	1	1325
2237	21	1	1324
2239	27	1	1325
2247	22	1	1325
2255	37	1	1327
2268	4	1	1324
2277	29	1	1327
2321	7	1	1329
2351	15	1	1324
2393	10	1	1329
2424	28	1	1325
2502	9	1	1327
2503	8	1	1329
2523	7	1	1324
2542	14	2	1324	1324
2720	19	1	1328
2727	12	1	1324
2748	32	1	1329
2790	5	1	1324
2844	10	1	1329
2991	19	1	1325
3074	8	1	1325
3114	10	1	1324
3222	10	1	1328
3320	3	1	1327
3368	17	1	1328
3392	16	1	1324
3458	7	1	1325
3617	2	1	1327
3647	10	1	1324
3696	2	1	1325
3704	8	1	1329
3810	6	1	1324
4177	7	1	1328
4220	2	1	1324
4326	1	1	1324
4344	2	1	1327
4384	7	1	1325
4450	1	1	1324
4564	1	1	1324
4701	2	1	1324
4875	1	1	1325
4987	4	1	1327
5835	2	1	1329
5915	1	1	1324
6108	1	1	1324
6247	1	1	1324
