2	522	2	1380	1383
3	402	1	1387
6	30	1	1383
9	460	3	1380	1384	1387
12	126	1	1380
16	286	1	1383
18	318	3	1380	1386	1387
19	91	1	1387
29	22	1	1383
31	254	2	1380	1383
33	25	1	1387
36	62	1	1383
37	139	1	1383
48	257	2	1380	1383
49	124	1	1383
50	385	1	1384
53	219	1	1387
54	733	4	1383	1384	1386	1387
55	104	2	1383	1386
59	236	2	1384	1388
60	231	1	1383
66	71	1	1383
67	827	3	1380	1383	1386
69	271	2	1383	1386
71	218	1	1380
73	344	2	1380	1384
75	182	1	1387
94	240	1	1387
103	237	1	1383
107	71	1	1387
112	118	1	1384
115	225	1	1387
118	60	1	1387
121	192	2	1380	1384
131	90	1	1384
132	187	1	1386
133	113	2	1386	1387
143	116	1	1387
156	205	1	1386
157	64	1	1387
158	258	1	1388
167	516	3	1380	1383	1386
169	194	1	1386
171	137	1	1387
172	79	1	1380
176	640	2	1384	1387
179	121	1	1383
180	221	1	1387
181	147	1	1387
183	160	1	1387
184	42	1	1383
194	40	1	1384
197	42	1	1387
200	79	2	1383	1386
202	306	1	1386
204	244	2	1383	1386
205	241	2	1383	1386
219	42	1	1387
230	248	1	1387
232	92	1	1387
238	93	1	1380
239	10	1	1387
243	42	1	1386
247	233	1	1383
252	193	2	1386	1387
258	112	2	1380	1384
260	98	1	1383
264	224	1	1387
277	37	1	1386
279	332	2	1384	1388
285	237	1	1387
291	260	1	1380
293	151	2	1383	1386
296	135	1	1387
299	113	2	1383	1386
306	128	1	1383
318	211	1	1387
319	45	1	1387
323	39	1	1387
331	47	1	1384
335	232	2	1383	1386
336	30	1	1387
340	24	1	1387
343	101	1	1380
345	54	1	1384
348	173	1	1387
359	233	1	1384
369	21	1	1383
373	88	1	1384
374	249	1	1383
386	312	3	1383	1387	1388
388	35	1	1383
391	64	1	1380
395	34	1	1387
397	159	1	1380
402	165	1	1386
405	58	1	1383
411	16	1	1384
418	223	1	1388
428	52	1	1383
432	56	2	1380	1384
450	166	1	1387
451	209	3	1386	1387	1388
453	83	1	1380
460	155	1	1383
465	79	1	1383
467	113	1	1384
475	194	1	1386
481	56	1	1383
490	261	1	1383
494	29	1	1384
497	106	1	1387
502	98	1	1386
515	94	1	1380
522	291	1	1387
529	709	4	1380	1383	1386	1387
534	102	1	1383
535	11	1	1386
542	165	1	1380
544	101	2	1383	1386
546	39	1	1387
575	37	1	1383
596	61	1	1383
597	193	1	1383
625	32	1	1387
627	148	2	1380	1386
628	47	1	1383
629	76	1	1380
645	227	1	1380
647	29	1	1387
655	50	1	1386
658	64	1	1380
670	126	1	1388
678	28	1	1383
701	107	2	1383	1386
707	212	1	1387
715	250	2	1383	1386
718	187	2	1386	1387
721	216	2	1383	1386
733	173	1	1387
740	85	1	1388
743	9	1	1386
756	8	1	1387
766	132	1	1386
768	15	1	1387
769	124	1	1388
782	31	1	1380
786	56	1	1380
801	104	1	1380
819	19	1	1383
842	137	1	1388
844	317	1	1387
850	279	1	1384
861	115	1	1386
878	39	1	1383
881	56	1	1387
884	150	2	1383	1386
900	67	1	1386
903	77	1	1386
921	113	1	1388
930	39	1	1383
935	17	1	1380
936	52	1	1387
941	145	1	1383
943	38	1	1383
947	56	1	1383
963	31	1	1387
975	82	1	1384
976	75	2	1380	1384
983	184	1	1380
986	108	2	1383	1386
992	68	1	1388
998	101	1	1388
1000	66	1	1383
1011	60	1	1383
1016	26	1	1387
1018	42	1	1383
1019	8	1	1383
1022	48	1	1380
1024	32	1	1383
1047	144	1	1388
1052	117	1	1388
1055	33	1	1380
1058	177	1	1387
1069	138	1	1380
1074	38	1	1380
1087	58	2	1386	1387
1094	99	1	1383
1096	95	1	1384
1108	92	1	1380
1113	11	1	1386
1124	70	1	1387
1156	82	1	1386
1159	31	1	1386
1175	42	1	1384
1179	54	1	1383
1184	105	1	1387
1195	153	1	1388
1229	58	1	1384
1233	59	1	1386
1252	88	1	1386
1269	41	1	1383
1280	57	1	1387
1287	72	1	1383
1300	40	1	1386
1310	34	1	1380
1318	8	1	1387
1336	48	1	1386
1342	44	1	1380
1346	87	1	1386
1360	64	1	1384
1365	53	2	1383	1386
1378	114	2	1384	1386
1386	24	1	1387
1389	30	1	1388
1395	10	1	1380
1414	282	2	1383	1386
1415	22	1	1388
1423	24	1	1386
1433	107	2	1383	1387
1453	38	1	1387
1460	139	1	1386
1466	19	2	1383	1387
1507	33	1	1383
1524	76	2	1384	1388
1530	15	1	1380
1546	32	1	1383
1552	27	1	1383
1566	23	1	1380
1569	28	1	1383
1572	57	1	1388
1579	53	1	1388
1617	12	1	1387
1618	14	1	1386
1636	79	1	1383
1695	47	1	1384
1729	76	2	1383	1384
1751	26	1	1387
1754	77	1	1388
1755	24	1	1380
1766	13	1	1387
1781	20	2	1384	1387
1801	69	1	1388
1850	33	1	1384
1886	32	1	1384
2017	20	1	1386
2044	29	1	1383
2059	270	2	1380	1386
2072	7	1	1386
2101	26	1	1383
2108	52	1	1388
2116	4	1	1383
2219	24	1	1388
2231	62	1	1386
2296	30	1	1380
2301	39	1	1388
2302	55	1	1383
2340	13	1	1384
2347	9	1	1387
2381	49	2	1383	1386
2469	45	1	1387
2474	57	1	1386
2563	30	1	1386
2641	25	1	1384
2666	4	1	1387
2672	13	1	1387
2693	25	1	1380
2729	23	1	1383
2740	16	1	1383
2770	7	1	1387
2772	29	1	1386
2845	25	1	1380
2883	23	1	1386
2906	31	1	1387
2944	3	1	1383
3057	5	1	1383
3192	12	1	1383
3197	13	1	1384
3222	10	1	1387
3232	13	1	1383
3246	8	1	1383
3312	5	1	1383
3750	4	1	1387
4011	1	1	1380
4016	5	1	1383
4101	8	1	1387
4222	5	1	1387
4320	2	1	1380
4585	2	1	1380
4601	4	1	1387
4674	2	1	1383
4781	2	1	1383
4820	2	1	1383
5139	2	1	1386
5254	1	1	1380
5485	2	1	1387
5600	4	1	1388
5639	2	1	1384
6097	1	1	1384
