2	522	3	260	262	267
3	402	3	261	265	269
8	114	1	260
9	460	3	261	262	269
16	286	5	261	261	265	267	269
18	318	5	261	262	263	265	269
19	91	2	261	265
23	134	1	261
31	254	1	261
34	16	1	269
37	139	1	269
40	133	1	269
41	71	1	269
46	63	1	263
50	385	2	266	269
52	57	1	261
53	219	2	265	266
54	733	2	260	262
55	104	1	265
59	236	1	261
60	231	1	260
61	98	1	260
62	89	1	269
64	81	2	265	269
65	159	1	260
66	71	2	267	269
67	827	3	263	267	269
69	271	4	261	263	265	267
73	344	2	260	262
75	182	1	269
94	240	5	261	261	263	266	267
103	237	5	261	263	265	266	269
106	27	1	269
112	118	1	262
115	225	2	261	267
118	60	3	265	266	269
121	192	2	260	262
127	31	1	269
131	90	3	265	266	267
132	187	1	261
143	116	1	269
147	56	1	267
151	39	1	269
153	49	1	269
157	64	1	265
158	258	1	260
162	75	1	260
165	38	1	261
167	516	6	261	261	263	265	266	267
169	194	1	261
170	37	1	261
171	137	2	261	269
174	118	1	265
176	640	3	261	266	267
179	121	1	266
182	53	2	261	266
183	160	3	261	263	269
191	49	1	266
193	215	1	260
196	93	2	261	266
197	42	1	269
200	79	1	261
202	306	6	261	261	263	265	266	267
203	36	1	269
204	244	3	261	265	266
205	241	4	261	263	266	267
206	29	1	267
210	118	1	262
218	84	4	261	263	265	266
219	42	2	265	267
226	42	1	260
230	248	1	269
240	128	2	261	265
241	35	1	269
244	18	1	269
247	233	2	261	263
252	193	1	261
256	137	1	269
260	98	1	261
261	105	1	265
262	57	1	263
264	224	2	261	265
268	11	1	269
276	69	1	265
279	332	5	260	261	261	262	269
285	237	6	261	263	265	266	267	269
296	135	3	261	265	269
303	42	1	269
306	128	1	263
315	40	1	265
318	211	2	266	267
319	45	1	263
323	39	1	266
335	232	2	261	261
345	54	1	260
347	2	1	265
348	173	1	261
353	61	2	261	265
356	23	2	265	269
372	183	1	269
374	249	1	263
379	46	1	266
381	88	3	261	266	267
386	312	2	267	269
387	11	1	266
388	35	1	267
397	159	2	260	262
410	48	2	260	262
418	223	1	260
424	83	1	261
433	45	1	263
442	25	1	269
444	28	1	266
450	166	1	269
451	209	2	261	263
467	113	1	262
468	70	1	269
475	194	3	261	263	267
491	74	1	260
492	134	1	265
497	106	2	266	269
502	98	1	265
508	72	1	267
512	202	5	261	263	265	266	269
520	80	2	263	267
522	291	5	261	265	266	267	269
524	56	1	265
529	709	5	261	263	265	267	269
532	91	1	267
539	55	1	263
544	101	2	261	261
546	39	1	265
547	33	1	269
555	72	2	265	267
561	130	1	262
567	59	2	261	263
579	24	1	261
580	36	1	267
590	11	1	261
601	23	1	269
602	37	1	269
607	45	2	265	269
610	34	1	266
616	40	1	265
625	32	2	261	265
626	28	1	265
627	148	3	265	267	269
635	84	1	260
641	56	1	267
651	41	1	263
652	57	1	263
656	103	1	267
675	87	1	269
680	45	1	260
682	26	1	260
684	2	2	261	261
688	133	1	269
694	90	2	261	266
695	143	1	265
697	100	3	263	266	267
698	8	1	265
701	107	1	266
703	75	1	269
707	212	3	261	265	267
715	250	4	261	261	263	265
718	187	3	261	263	267
720	4	1	263
728	31	1	260
733	173	2	265	266
740	85	2	263	269
749	62	1	266
752	214	2	261	267
753	47	1	269
767	49	1	265
768	15	1	261
778	47	1	269
797	35	1	261
806	50	1	269
809	10	1	269
816	37	1	269
817	10	1	269
818	40	1	269
820	36	1	261
823	115	1	260
824	85	1	269
831	34	1	263
832	32	1	269
833	17	1	269
844	317	5	261	263	265	266	267
846	96	1	267
848	100	1	269
853	19	1	269
861	115	1	260
867	120	1	261
878	39	1	260
881	56	1	265
885	43	1	261
899	65	2	261	261
905	125	4	261	261	263	263
912	41	1	265
920	47	2	263	267
925	46	1	263
932	22	1	261
934	101	2	261	261
936	52	1	265
940	14	1	263
942	92	1	261
944	54	1	269
948	190	2	260	267
957	75	1	269
992	68	1	269
998	101	1	261
1001	73	1	266
1005	95	1	269
1009	20	1	266
1011	60	2	261	269
1016	26	1	269
1017	20	1	261
1018	42	1	266
1020	3	1	260
1024	32	2	261	263
1045	186	3	261	261	269
1052	117	1	269
1058	177	1	265
1063	30	1	261
1069	138	1	269
1075	120	3	261	265	267
1079	24	1	260
1094	99	1	261
1123	25	2	261	265
1130	157	1	262
1133	39	1	269
1153	11	1	269
1156	82	1	267
1159	31	1	265
1164	8	1	263
1176	64	3	263	266	267
1177	54	1	263
1189	121	1	262
1194	52	1	269
1197	24	2	261	266
1207	66	2	266	269
1214	13	1	261
1216	108	1	260
1224	81	2	263	266
1227	42	1	269
1230	15	1	269
1238	23	1	269
1247	39	1	267
1299	66	1	260
1307	22	1	269
1321	63	1	263
1323	21	1	269
1331	31	1	263
1337	58	1	260
1342	44	1	269
1344	47	2	263	267
1346	87	1	269
1363	17	1	269
1365	53	1	263
1391	21	1	269
1410	41	1	261
1411	31	1	263
1414	282	3	261	263	265
1426	44	1	263
1429	34	2	261	265
1436	30	1	261
1453	38	1	261
1455	1	1	260
1460	139	2	265	267
1497	7	1	269
1500	52	2	261	263
1516	20	1	262
1534	45	1	269
1564	11	1	260
1567	41	1	261
1571	110	1	260
1582	74	1	267
1606	9	1	261
1629	73	1	269
1635	19	1	269
1636	79	1	269
1638	37	1	267
1653	56	1	269
1662	47	2	266	267
1664	37	1	266
1678	12	1	269
1679	15	1	263
1685	67	1	260
1719	42	2	261	265
1724	6	1	260
1728	97	1	261
1729	76	1	262
1734	12	1	269
1736	69	2	261	269
1746	11	1	261
1751	26	2	265	269
1811	21	1	269
1831	89	1	261
1855	122	1	269
1874	24	2	261	266
1884	164	2	263	265
1890	26	1	269
1905	34	1	261
1916	75	1	261
1959	23	1	265
2010	12	1	269
2012	2	1	261
2017	20	1	265
2034	34	3	261	265	266
2037	41	1	260
2050	8	1	267
2090	22	1	269
2100	20	1	269
2128	52	1	261
2149	29	1	265
2170	35	1	261
2188	68	1	260
2194	23	1	267
2212	68	2	260	269
2216	6	1	269
2231	62	1	265
2237	21	1	269
2242	27	1	260
2305	1	1	260
2350	8	1	266
2351	15	1	263
2360	7	1	260
2381	49	1	261
2386	5	1	266
2429	9	1	261
2474	57	1	261
2483	3	1	269
2521	17	1	269
2534	5	1	261
2542	14	1	269
2546	33	1	269
2556	29	1	261
2599	27	1	269
2674	10	1	269
2717	13	1	269
2742	6	1	265
2767	23	1	265
2772	29	1	261
2776	2	1	261
2784	18	1	269
2785	10	1	265
2822	13	1	262
2831	3	1	269
2864	30	1	261
2886	6	1	269
2906	31	1	261
2907	4	1	266
2959	29	1	263
2990	19	1	261
3014	29	1	269
3047	3	1	261
3135	20	1	261
3201	14	1	269
3215	6	1	269
3217	16	1	261
3225	1	1	262
3289	5	1	261
3313	3	1	260
3370	4	1	265
3380	2	1	269
3402	10	1	263
3467	17	1	261
3515	7	1	266
3569	1	1	266
3614	5	1	269
3658	4	1	266
3809	2	1	269
3835	6	1	266
3849	2	1	263
3893	16	1	261
3911	3	1	262
3943	7	1	266
3959	12	1	269
3989	16	2	261	265
4095	1	1	261
4334	1	1	260
4395	2	1	263
4400	6	1	261
4490	3	1	265
4496	1	1	269
4603	1	1	261
4861	2	1	263
4912	2	1	263
5087	6	1	263
5175	1	1	266
5234	2	2	261	261
5441	1	1	261
5589	1	1	265
5605	1	1	262
5610	2	1	261
5879	1	1	260
6048	1	1	263
6149	1	1	266
