2	522	1	1923
5	41	1	1920
8	114	1	1929
16	286	1	1923
17	35	1	1923
20	70	1	1927
28	25	1	1921
29	22	1	1921
31	254	1	1923
40	133	1	1924
46	63	1	1923
48	257	1	1923
50	385	1	1929
54	733	2	1927	1929
60	231	1	1920
67	827	5	1923	1925	1926	1926	1926
73	344	1	1929
74	65	1	1923
77	63	1	1929
79	87	1	1927
94	240	1	1924
96	113	1	1923
100	35	2	1926	1926
141	95	1	1929
147	56	1	1925
162	75	2	1923	1929
167	516	1	1923
176	640	2	1921	1929
180	221	1	1923
193	215	1	1927
194	40	1	1921
205	241	1	1925
210	118	1	1929
213	56	1	1929
229	118	1	1923
236	95	1	1923
252	193	2	1920	1927
254	20	1	1927
272	63	2	1921	1927
279	332	1	1929
291	260	1	1923
335	232	1	1923
374	249	2	1923	1926
380	42	1	1923
386	312	3	1920	1926	1926
397	159	1	1929
399	17	1	1927
400	38	1	1923
416	106	1	1923
418	223	3	1920	1921	1927
422	36	1	1923
424	83	1	1923
456	54	1	1923
460	155	1	1929
481	56	1	1923
490	261	2	1923	1929
494	29	1	1929
520	80	1	1925
529	709	2	1923	1927
534	102	1	1923
537	231	1	1923
561	130	1	1921
577	29	1	1921
586	93	1	1923
593	56	1	1929
597	193	1	1923
606	17	1	1921
627	148	1	1923
628	47	1	1923
645	227	1	1923
649	30	1	1923
670	126	2	1920	1921
688	133	1	1921
690	96	1	1923
710	84	1	1929
721	216	2	1923	1926
747	93	1	1923
751	166	1	1923
752	214	1	1925
760	41	1	1921
766	132	1	1923
771	101	2	1921	1923
814	171	1	1927
823	115	1	1929
824	85	2	1920	1921
840	79	1	1927
842	137	1	1929
844	317	1	1925
867	120	1	1926
881	56	1	1920
903	77	2	1926	1926
935	17	1	1921
941	145	1	1923
980	24	1	1921
982	22	1	1923
983	184	1	1923
992	68	1	1927
998	101	2	1920	1921
1012	71	1	1929
1013	8	1	1929
1024	32	1	1925
1055	33	1	1920
1065	54	1	1923
1069	138	2	1926	1926
1072	36	1	1927
1078	65	1	1923
1094	99	1	1923
1107	15	1	1927
1108	92	2	1926	1926
1121	109	1	1929
1128	48	2	1920	1927
1168	37	1	1925
1171	22	1	1921
1195	153	2	1920	1927
1198	42	1	1923
1216	108	1	1929
1217	16	1	1929
1223	27	1	1923
1224	81	1	1925
1229	58	1	1923
1256	59	1	1920
1261	54	1	1927
1293	32	1	1927
1317	2	1	1921
1327	34	1	1929
1336	48	1	1927
1337	58	1	1929
1360	64	2	1920	1921
1376	162	1	1927
1378	114	1	1923
1415	22	1	1921
1424	57	1	1920
1515	25	1	1921
1519	120	1	1923
1571	110	1	1921
1573	59	1	1929
1579	53	1	1921
1591	36	2	1926	1926
1603	55	1	1920
1629	73	1	1925
1692	54	2	1926	1926
1724	6	1	1929
1812	39	1	1927
1884	164	1	1921
1920	16	1	1921
1922	21	1	1923
1984	19	1	1920
2013	9	1	1923
2026	23	1	1920
2053	37	1	1929
2058	37	1	1929
2059	270	2	1921	1927
2063	31	1	1923
2108	52	1	1921
2186	42	1	1921
2188	68	1	1929
2212	68	1	1920
2231	62	1	1929
2277	29	1	1920
2294	1	1	1929
2301	39	2	1920	1921
2376	5	1	1920
2424	28	1	1921
2454	58	1	1923
2502	9	1	1929
2549	9	2	1926	1926
2561	16	1	1920
2627	31	1	1923
2705	4	1	1927
2812	2	1	1921
2987	10	1	1929
3053	8	1	1929
3330	3	1	1929
3393	2	1	1923
4214	3	1	1923
4713	9	1	1921
4817	2	2	1926	1926
5039	1	1	1923
5489	3	1	1929
5951	1	1	1929
