2	522	4	1290	1295	1296	1299
3	402	1	1291
8	114	3	1290	1295	1299
9	460	4	1295	1296	1299	1299
11	20	1	1299
12	126	1	1296
18	318	3	1291	1299	1299
39	6	1	1290
44	85	2	1296	1298
48	257	1	1296
53	219	1	1291
54	733	5	1290	1295	1296	1298	1299
59	236	2	1290	1299
60	231	2	1295	1298
61	98	2	1290	1299
63	91	1	1291
65	159	1	1299
67	827	3	1291	1291	1299
71	218	2	1295	1299
73	344	5	1290	1295	1296	1299	1299
87	54	3	1290	1295	1298
103	237	1	1291
107	71	1	1291
110	43	1	1296
112	118	2	1291	1291
121	192	1	1290
124	13	1	1290
126	41	1	1291
132	187	1	1296
133	113	1	1299
135	70	1	1298
140	29	1	1299
141	95	2	1291	1299
143	116	1	1291
156	205	2	1296	1299
158	258	2	1290	1290
162	75	1	1290
176	640	4	1290	1291	1295	1299
180	221	2	1290	1296
181	147	1	1291
193	215	1	1295
197	42	1	1291
198	33	1	1290
204	244	1	1291
210	118	3	1290	1295	1299
213	56	1	1299
225	185	3	1295	1298	1299
230	248	1	1291
235	20	1	1299
236	95	1	1291
238	93	1	1296
252	193	4	1290	1295	1298	1299
258	112	3	1295	1296	1299
264	224	1	1291
276	69	1	1290
279	332	4	1290	1295	1298	1299
280	61	2	1290	1299
285	237	1	1291
286	88	1	1295
291	260	1	1290
299	113	1	1291
302	22	1	1299
303	42	1	1299
318	211	1	1291
320	52	1	1296
321	104	3	1290	1299	1299
328	122	2	1296	1299
331	47	2	1295	1299
345	54	1	1295
348	173	1	1291
356	23	1	1295
359	233	4	1290	1295	1299	1299
367	17	1	1296
373	88	1	1296
379	46	1	1296
382	34	1	1291
384	205	2	1291	1291
386	312	3	1290	1295	1299
397	159	3	1290	1295	1299
410	48	1	1295
412	82	2	1290	1295
418	223	2	1298	1299
420	126	2	1296	1299
437	26	1	1299
439	37	1	1299
441	80	1	1291
454	79	1	1291
460	155	2	1291	1298
467	113	2	1295	1299
480	31	1	1299
484	23	1	1290
490	261	3	1295	1298	1299
491	74	1	1290
502	98	1	1299
519	77	1	1295
529	709	4	1290	1291	1295	1299
530	78	2	1290	1295
561	130	1	1290
580	36	1	1296
586	93	1	1299
593	56	1	1299
594	125	1	1296
599	69	1	1296
612	55	2	1296	1299
616	40	1	1299
619	31	1	1290
632	61	2	1290	1295
635	84	1	1290
645	227	1	1298
656	103	2	1290	1296
658	64	3	1291	1296	1299
664	91	1	1291
670	126	1	1298
680	45	2	1290	1299
682	26	2	1290	1295
692	70	2	1295	1299
700	32	1	1296
704	88	2	1290	1299
707	212	1	1291
710	84	1	1290
714	205	3	1290	1295	1299
721	216	1	1291
725	80	2	1295	1299
727	23	1	1299
728	31	1	1290
734	50	1	1299
764	51	2	1299	1299
769	124	2	1295	1296
771	101	1	1296
777	114	1	1291
785	71	3	1290	1299	1299
789	139	3	1290	1295	1299
800	36	1	1299
801	104	1	1290
814	171	2	1290	1296
823	115	1	1299
825	90	2	1290	1299
838	18	1	1299
840	79	1	1298
842	137	1	1299
844	317	1	1291
850	279	2	1296	1298
855	51	1	1290
878	39	1	1290
916	45	1	1299
919	53	2	1290	1299
944	54	1	1291
946	75	2	1295	1298
948	190	3	1290	1295	1299
949	14	1	1296
975	82	2	1290	1295
983	184	1	1299
992	68	1	1295
998	101	2	1290	1295
1002	106	3	1290	1291	1298
1032	33	1	1290
1034	28	1	1299
1037	44	1	1296
1047	144	1	1295
1049	26	1	1296
1058	177	1	1291
1079	24	1	1299
1096	95	1	1290
1103	34	1	1296
1121	109	2	1295	1299
1130	157	2	1296	1298
1140	19	1	1290
1148	78	1	1299
1184	105	1	1291
1216	108	2	1290	1299
1232	48	2	1290	1299
1243	44	1	1291
1274	63	1	1299
1283	31	1	1299
1284	46	1	1299
1287	72	2	1290	1299
1297	52	1	1298
1299	66	2	1290	1295
1300	40	1	1290
1305	8	1	1299
1313	63	1	1291
1341	21	1	1298
1360	64	2	1290	1295
1364	54	1	1295
1368	147	5	1290	1290	1295	1298	1299
1378	114	1	1296
1414	282	1	1298
1420	51	2	1290	1299
1424	57	1	1290
1433	107	1	1295
1434	13	1	1299
1445	25	1	1298
1501	3	1	1298
1504	41	2	1296	1298
1512	23	1	1295
1519	120	1	1299
1524	76	1	1295
1533	10	1	1291
1540	32	1	1290
1550	16	1	1299
1571	110	2	1290	1299
1573	59	2	1298	1299
1575	53	2	1290	1290
1577	14	2	1291	1291
1646	10	1	1290
1683	13	1	1296
1685	67	1	1290
1692	54	1	1291
1701	42	1	1295
1703	17	1	1299
1705	27	1	1299
1714	35	1	1299
1729	76	2	1290	1299
1742	90	1	1290
1754	77	1	1295
1762	57	1	1299
1769	16	1	1291
1787	24	1	1299
1797	64	1	1299
1813	19	1	1290
1839	29	2	1296	1299
1865	16	2	1295	1299
1876	10	1	1290
1886	32	1	1299
1896	8	1	1296
1927	56	2	1298	1299
1945	57	1	1291
1950	7	1	1296
2037	41	1	1290
2046	105	1	1296
2053	37	1	1290
2059	270	2	1295	1296
2074	1	1	1299
2089	12	1	1299
2131	44	1	1290
2160	82	1	1290
2168	28	1	1291
2188	68	1	1290
2225	19	1	1291
2282	3	1	1299
2298	5	1	1299
2339	50	2	1290	1295
2348	47	1	1291
2353	40	2	1299	1299
2354	10	1	1290
2363	7	1	1291
2378	4	1	1299
2470	26	1	1291
2496	7	1	1298
2498	12	1	1291
2568	43	1	1290
2575	2	1	1296
2672	13	1	1291
2731	16	1	1299
2770	7	1	1291
2822	13	1	1295
2826	7	1	1299
2906	31	1	1290
2925	23	1	1290
2991	19	1	1290
3072	6	1	1291
3096	10	1	1290
3198	7	1	1296
3234	2	1	1298
3303	9	1	1299
3467	17	1	1291
3483	5	1	1290
3596	2	1	1299
3621	3	1	1290
3906	1	1	1291
3918	4	1	1299
4031	6	1	1291
4074	2	1	1299
4098	15	1	1299
4226	1	1	1296
4332	1	1	1298
4605	2	1	1296
4663	3	1	1299
4844	3	1	1290
4999	1	1	1296
5089	2	1	1299
5131	2	1	1299
5419	2	1	1299
5434	1	1	1296
6073	1	1	1299
6098	1	1	1298
