2	522	6	321	322	322	323	325	327
3	402	2	325	325
8	114	1	322
9	460	5	321	322	323	325	327
12	126	1	321
16	286	1	323
18	318	4	321	322	325	325
19	91	1	325
22	52	1	325
23	134	2	325	325
26	18	1	325
28	25	2	325	325
34	16	2	325	325
37	139	3	325	325	325
40	133	1	325
48	257	2	322	325
50	385	2	321	323
53	219	2	325	325
54	733	5	321	322	322	327	329
59	236	1	322
60	231	2	322	322
61	98	1	321
63	91	1	325
65	159	1	325
67	827	5	325	325	325	328	329
69	271	2	325	325
71	218	2	321	322
73	344	5	321	322	322	325	327
75	182	2	325	325
83	18	1	322
103	237	3	322	322	325
107	71	1	325
111	30	1	321
112	118	2	322	327
115	225	3	323	325	325
117	36	1	329
118	60	1	325
119	32	1	325
121	192	4	322	322	323	327
122	100	3	323	325	325
131	90	3	322	325	325
132	187	1	323
133	113	2	322	325
135	70	1	325
141	95	2	325	325
143	116	2	325	325
153	49	1	325
156	205	3	321	322	325
158	258	1	325
161	8	1	325
167	516	2	323	325
169	194	1	325
171	137	1	325
176	640	4	322	322	325	325
180	221	1	325
181	147	1	325
183	160	1	323
189	121	1	325
191	49	1	323
193	215	2	323	327
200	79	1	323
202	306	1	323
204	244	2	323	325
205	241	3	323	325	325
210	118	2	322	327
225	185	2	321	327
226	42	1	322
229	118	1	323
240	128	1	325
243	42	2	325	325
247	233	4	323	325	325	325
248	38	1	322
252	193	2	322	322
256	137	1	325
260	98	2	323	325
264	224	1	325
277	37	2	325	325
279	332	4	322	322	325	327
280	61	1	321
285	237	2	323	325
291	260	2	321	327
294	72	2	325	325
296	135	2	325	325
298	69	1	325
311	42	1	325
318	211	3	323	325	325
321	104	3	322	322	327
324	9	1	325
326	12	1	327
328	122	3	321	322	329
330	26	1	321
331	47	2	321	325
335	232	2	323	325
339	70	1	325
345	54	1	329
348	173	2	325	325
359	233	1	322
364	15	1	325
371	26	1	327
372	183	2	325	325
373	88	1	322
382	34	1	325
386	312	2	321	327
391	64	1	323
393	119	1	325
397	159	2	321	327
410	48	2	321	327
416	106	3	322	325	325
418	223	1	322
421	42	1	322
422	36	1	325
432	56	2	322	327
450	166	3	321	325	325
451	209	1	325
453	83	1	321
454	79	1	325
460	155	2	322	325
462	26	1	325
467	113	3	321	322	327
468	70	1	325
479	38	1	325
480	31	1	321
488	47	2	325	325
490	261	2	321	322
491	74	1	321
492	134	1	325
497	106	1	325
502	98	3	325	325	325
507	8	1	325
508	72	1	323
510	111	1	325
515	94	1	322
519	77	1	325
522	291	2	325	325
524	56	1	323
529	709	2	322	323
544	101	1	325
550	6	2	322	322
555	72	1	323
561	130	1	325
564	50	1	325
574	51	2	325	325
575	37	3	325	325	325
576	117	2	322	322
584	69	2	322	329
586	93	1	321
593	56	1	322
594	125	1	321
595	120	2	325	325
601	23	2	325	325
602	37	2	321	325
612	55	1	322
619	31	1	322
629	76	1	321
633	13	3	325	325	325
639	10	1	325
641	56	1	323
645	227	1	329
649	30	1	325
655	50	1	325
656	103	1	321
665	31	1	325
670	126	1	325
683	7	1	323
685	28	1	321
692	70	1	323
695	143	2	325	325
707	212	2	323	325
710	84	3	321	322	322
718	187	2	325	325
721	216	1	323
732	45	2	323	325
734	50	2	325	325
752	214	2	325	325
753	47	1	325
757	20	1	325
769	124	2	325	325
771	101	2	325	325
779	58	1	325
785	71	3	322	325	329
789	139	1	325
798	40	1	325
801	104	3	321	322	322
813	39	1	325
814	171	5	321	322	322	325	325
818	40	2	325	325
824	85	1	325
825	90	1	321
836	27	1	325
842	137	2	322	322
843	51	1	325
844	317	2	323	325
846	96	2	325	325
848	100	1	325
850	279	1	321
899	65	1	325
900	67	1	325
902	1	1	323
903	77	1	329
905	125	3	323	325	325
912	41	2	325	325
913	13	1	325
917	7	1	325
927	42	1	322
936	52	1	325
944	54	1	325
945	49	1	325
948	190	3	321	322	322
957	75	1	325
971	24	1	325
982	22	1	325
990	46	3	321	322	322
992	68	1	325
996	15	1	325
1011	60	1	325
1016	26	1	325
1028	90	1	325
1037	44	1	322
1038	15	1	323
1041	49	1	329
1045	186	1	323
1063	30	2	323	325
1069	138	2	325	325
1080	23	1	325
1091	16	1	325
1093	33	1	325
1096	95	3	321	322	329
1113	11	1	325
1116	26	2	325	325
1118	15	1	323
1120	18	1	321
1122	40	1	325
1129	83	1	325
1130	157	2	321	327
1148	78	1	322
1159	31	1	325
1174	4	1	325
1184	105	1	325
1189	121	3	321	322	329
1190	29	2	325	325
1204	7	1	325
1207	66	1	325
1211	10	1	322
1216	108	1	327
1224	81	1	325
1227	42	1	325
1233	59	1	325
1243	44	1	325
1247	39	1	321
1252	88	1	325
1265	9	1	325
1274	63	2	325	325
1292	15	1	325
1299	66	3	321	322	322
1313	63	2	325	325
1319	7	2	325	325
1323	21	1	325
1328	5	1	325
1331	31	1	325
1337	58	1	322
1346	87	1	321
1364	54	1	327
1368	147	1	322
1371	12	1	325
1378	114	4	325	325	327	329
1386	24	2	325	325
1391	21	1	323
1397	8	1	327
1402	5	1	321
1414	282	3	325	325	325
1420	51	1	322
1426	44	1	325
1430	12	1	323
1433	107	4	322	322	325	325
1457	25	1	325
1460	139	3	323	325	325
1462	4	1	325
1463	29	1	325
1477	39	1	323
1480	29	1	321
1493	40	1	325
1505	30	1	325
1516	20	1	327
1524	76	1	325
1538	15	1	325
1549	5	2	322	322
1561	45	1	325
1567	41	1	325
1571	110	2	321	322
1572	57	1	325
1573	59	2	322	322
1581	13	1	325
1582	74	1	323
1603	55	1	322
1620	31	2	325	325
1651	22	1	322
1662	47	1	323
1664	37	1	323
1684	53	2	325	325
1686	18	1	325
1696	20	1	323
1707	22	1	321
1714	35	1	321
1716	37	2	325	325
1729	76	3	321	322	327
1734	12	1	325
1736	69	2	323	325
1742	90	3	321	322	322
1746	11	1	325
1751	26	1	325
1762	57	1	322
1771	11	1	322
1781	20	1	322
1788	12	1	321
1797	64	1	323
1800	12	1	321
1808	47	1	322
1814	16	1	322
1821	27	1	325
1840	13	1	325
1842	6	1	325
1846	48	3	325	325	325
1864	18	1	325
1865	16	1	322
1884	164	1	325
1885	22	1	325
1886	32	2	321	322
1893	33	1	327
1895	24	1	325
1899	7	1	325
1916	75	2	325	325
1939	66	3	321	322	329
1945	57	1	325
1953	1	1	325
1956	23	1	322
1965	17	1	325
1971	19	1	322
1976	26	1	322
1989	12	1	325
1993	45	1	322
2015	51	2	325	325
2025	16	1	321
2046	105	2	322	322
2048	31	1	322
2059	270	2	322	322
2066	40	1	323
2082	26	1	325
2084	1	1	325
2092	49	1	325
2096	22	1	329
2097	35	1	325
2101	26	2	325	325
2112	35	1	325
2131	44	1	322
2139	15	1	325
2144	30	2	322	322
2160	82	2	322	322
2163	51	1	327
2165	10	2	325	325
2172	26	1	322
2180	12	1	325
2194	23	1	323
2204	7	1	325
2212	68	1	325
2231	62	2	323	325
2276	7	1	325
2277	29	1	325
2284	8	1	325
2300	14	1	322
2311	11	1	325
2330	2	1	325
2335	2	1	325
2339	50	1	325
2359	1	1	325
2381	49	1	325
2382	2	1	325
2389	2	2	325	325
2454	58	1	321
2455	8	1	325
2470	26	2	325	325
2472	12	1	322
2482	5	1	325
2496	7	1	322
2502	9	1	322
2521	17	1	325
2526	1	1	325
2527	28	1	325
2558	10	1	325
2574	5	1	325
2588	7	1	322
2595	15	1	325
2611	5	1	322
2614	1	1	322
2623	19	1	322
2643	5	1	325
2657	3	1	325
2661	2	1	325
2685	13	1	322
2740	16	1	325
2775	3	1	325
2788	24	1	325
2793	27	1	325
2841	13	1	325
2861	1	1	325
2882	13	2	322	322
2919	3	1	325
2936	2	1	322
2941	8	1	325
2970	4	1	325
2978	2	2	325	325
2981	3	1	325
2990	19	1	322
3015	12	2	325	325
3053	8	2	322	322
3058	5	1	325
3083	4	1	322
3118	3	1	325
3144	2	1	325
3155	20	1	322
3221	2	1	325
3242	6	3	325	325	325
3271	3	1	322
3303	9	1	321
3335	3	1	325
3350	8	1	325
3353	3	1	325
3364	3	2	325	325
3390	6	1	322
3401	3	1	325
3445	5	1	325
3448	6	1	327
3499	3	2	325	325
3507	5	1	325
3557	1	1	325
3577	9	2	325	325
3687	1	1	325
3731	2	1	325
3767	4	1	325
3768	3	1	325
3858	1	1	325
3868	5	1	325
3875	6	1	325
3884	9	1	321
3893	16	1	323
3924	7	1	325
3968	1	1	325
3983	12	1	325
4031	6	1	325
4045	2	1	322
4062	4	2	322	322
4092	2	1	325
4194	2	1	325
4279	2	1	322
4312	6	2	325	325
4318	7	1	325
4387	3	1	325
4408	4	2	325	325
4457	10	2	322	322
4464	1	1	325
4475	2	2	325	325
4478	4	1	325
4492	2	2	325	325
4533	1	1	325
4545	4	1	325
4609	5	3	325	325	325
4643	1	1	325
4667	3	1	325
4692	1	1	325
4715	2	2	325	325
4722	1	1	325
4788	3	1	325
4806	1	1	329
4816	2	1	325
4822	2	1	323
4846	2	1	325
4857	1	1	325
4860	2	1	322
4865	2	1	322
4888	1	1	325
4921	2	1	322
4926	1	1	322
5050	4	1	325
5071	2	1	325
5083	2	2	325	325
5113	3	2	325	325
5159	2	1	322
5176	1	1	325
5177	1	1	327
5224	1	1	325
5289	1	1	322
5364	1	1	325
5376	1	1	322
5399	1	1	323
5478	1	1	325
5528	1	1	325
5562	3	1	322
5571	1	1	325
5576	1	1	325
5647	1	1	321
5710	4	1	325
5732	1	1	325
5747	1	1	325
5804	2	1	325
5952	1	1	325
5974	1	1	322
6204	1	1	325
6231	1	1	325
6239	1	1	325
6262	1	1	325
