2	522	2	1814	1818
3	402	2	1810	1811
7	14	1	1817
14	136	2	1812	1813
16	286	1	1818
18	318	1	1814
19	91	2	1810	1811
21	4	1	1812
48	257	1	1818
49	124	1	1818
50	385	1	1811
53	219	1	1810
54	733	2	1814	1818
67	827	3	1811	1817	1818
69	271	1	1810
73	344	1	1814
77	63	1	1812
87	54	1	1814
96	113	1	1817
107	71	1	1810
112	118	1	1814
115	225	1	1811
121	192	1	1814
132	187	1	1818
133	113	2	1812	1814
137	73	1	1818
142	23	1	1812
143	116	1	1810
145	64	1	1812
158	258	1	1812
167	516	2	1810	1818
174	118	1	1810
176	640	2	1813	1818
187	25	1	1812
189	121	1	1811
193	215	2	1813	1817
194	40	1	1814
195	21	1	1814
204	244	1	1810
230	248	1	1810
232	92	1	1811
241	35	1	1811
247	233	1	1811
252	193	1	1812
260	98	1	1814
264	224	2	1810	1811
267	58	1	1810
277	37	1	1818
279	332	1	1814
286	88	1	1813
287	23	1	1811
294	72	1	1810
296	135	1	1810
298	69	1	1818
299	113	1	1818
306	128	2	1817	1818
318	211	1	1810
328	122	1	1814
335	232	2	1817	1818
345	54	1	1814
348	173	1	1810
359	233	1	1814
372	183	1	1811
373	88	1	1814
374	249	3	1814	1817	1818
384	205	4	1810	1811	1817	1818
386	312	2	1813	1814
402	165	1	1818
411	16	1	1818
416	106	1	1814
420	126	1	1818
424	83	1	1818
448	41	1	1811
460	155	1	1814
468	70	1	1811
471	59	1	1814
475	194	1	1811
480	31	1	1814
484	23	1	1814
490	261	2	1814	1817
493	75	1	1810
508	72	1	1818
522	291	2	1810	1811
529	709	4	1810	1814	1817	1818
530	78	1	1813
537	231	1	1811
542	165	1	1818
545	70	1	1811
556	69	2	1817	1818
557	69	1	1810
559	87	1	1812
577	29	1	1814
597	193	1	1818
602	37	1	1818
606	17	1	1814
610	34	1	1817
643	68	1	1810
645	227	1	1813
675	87	1	1811
707	212	1	1811
714	205	2	1813	1818
715	250	1	1817
718	187	1	1818
721	216	1	1818
722	15	1	1814
723	46	1	1818
725	80	1	1814
733	173	1	1810
738	85	1	1814
740	85	1	1813
747	93	1	1817
749	62	1	1810
751	166	2	1817	1818
752	214	1	1810
786	56	1	1818
820	36	1	1810
832	32	1	1810
842	137	1	1814
843	51	1	1811
844	317	1	1810
846	96	1	1811
848	100	1	1811
861	115	1	1818
863	27	2	1817	1818
880	14	1	1818
891	23	1	1814
896	16	1	1811
900	67	2	1817	1818
944	54	1	1811
947	56	1	1818
983	184	1	1810
986	108	1	1813
995	28	1	1814
1018	42	1	1817
1021	21	1	1811
1050	29	1	1810
1052	117	1	1814
1057	20	1	1814
1058	177	1	1810
1075	120	1	1810
1082	34	1	1813
1091	16	1	1811
1096	95	1	1814
1098	12	1	1814
1101	36	1	1810
1144	8	1	1812
1189	121	1	1814
1197	24	1	1810
1213	80	1	1810
1261	54	1	1813
1269	41	1	1817
1299	66	2	1814	1817
1303	83	1	1810
1305	8	1	1814
1360	64	1	1813
1364	54	1	1818
1368	147	1	1814
1376	162	1	1812
1475	69	1	1818
1529	33	2	1817	1818
1530	15	1	1813
1564	11	1	1814
1573	59	1	1814
1575	53	1	1814
1643	24	1	1813
1660	21	1	1818
1664	37	1	1814
1693	9	1	1810
1719	42	1	1817
1729	76	1	1814
1751	26	1	1811
1782	26	1	1812
1797	64	1	1811
1817	59	1	1818
1826	31	1	1817
1850	33	1	1814
1862	28	1	1818
1886	32	1	1814
1931	49	1	1811
2015	51	1	1811
2046	105	1	1814
2048	31	1	1814
2062	33	1	1817
2097	35	1	1811
2128	52	1	1818
2143	9	1	1817
2154	29	1	1814
2164	3	1	1817
2172	26	2	1813	1814
2186	42	1	1818
2245	15	1	1814
2301	39	1	1814
2313	10	1	1814
2318	17	1	1811
2454	58	1	1818
2503	8	1	1817
2543	2	1	1817
2557	10	1	1814
2566	10	1	1810
2595	15	1	1811
2729	23	1	1818
2781	3	1	1810
2896	2	1	1814
2905	30	1	1818
2925	23	1	1814
3009	26	1	1812
3072	6	1	1811
3077	5	1	1814
3157	9	1	1811
3185	31	1	1811
3228	9	1	1810
3276	20	1	1817
3349	16	1	1812
3413	6	1	1811
3419	11	1	1810
3509	9	1	1818
3615	1	1	1814
3885	4	1	1818
3891	2	1	1814
4467	5	1	1817
4487	1	1	1811
4511	1	1	1812
4569	1	1	1814
4680	2	1	1812
4709	5	1	1814
4718	1	1	1812
5600	4	1	1814
6152	2	1	1817
