2	522	3	1186	1187	1189
3	402	1	1184
5	41	1	1187
8	114	1	1186
9	460	1	1186
14	136	1	1184
16	286	1	1182
18	318	1	1186
31	254	2	1180	1182
37	139	1	1182
49	124	2	1180	1182
54	733	4	1180	1182	1186	1187
59	236	1	1180
63	91	1	1184
66	71	1	1182
67	827	3	1180	1182	1184
69	271	1	1182
71	218	1	1186
73	344	1	1189
75	182	1	1184
83	18	1	1186
103	237	2	1182	1185
107	71	1	1184
121	192	1	1186
122	100	1	1184
123	59	1	1182
126	41	1	1180
131	90	1	1182
149	63	1	1189
150	16	1	1182
158	258	1	1187
162	75	1	1186
164	1	1	1182
167	516	1	1182
169	194	1	1185
176	640	4	1180	1182	1186	1187
198	33	1	1186
202	306	3	1180	1182	1185
204	244	1	1182
205	241	2	1180	1182
210	118	1	1187
218	84	1	1185
225	185	1	1186
226	42	1	1189
232	92	1	1184
247	233	3	1182	1184	1185
262	57	1	1180
263	17	1	1180
279	332	1	1186
286	88	1	1187
291	260	3	1184	1185	1189
306	128	1	1182
331	47	1	1186
335	232	1	1182
336	30	1	1182
353	61	1	1180
364	15	1	1184
372	183	1	1184
380	42	1	1182
386	312	2	1186	1187
387	11	1	1185
388	35	1	1182
397	159	1	1186
402	165	1	1180
424	83	1	1182
451	209	2	1186	1187
465	79	1	1182
479	38	1	1182
502	98	2	1182	1186
522	291	1	1185
529	709	2	1180	1182
530	78	2	1186	1187
532	91	2	1180	1182
537	231	1	1180
544	101	1	1182
551	16	1	1187
567	59	2	1180	1182
568	25	1	1186
576	117	1	1187
597	193	1	1182
627	148	1	1180
634	18	1	1182
635	84	2	1186	1187
666	34	1	1187
680	45	1	1186
695	143	1	1182
701	107	1	1182
715	250	2	1180	1182
721	216	1	1182
726	27	1	1187
733	173	1	1185
737	6	1	1186
740	85	1	1180
752	214	2	1180	1182
785	71	1	1186
789	139	1	1186
793	36	1	1182
798	40	1	1184
804	49	2	1180	1182
814	171	1	1187
823	115	1	1186
827	19	1	1182
835	8	1	1182
843	51	1	1184
864	50	1	1182
884	150	1	1189
885	43	1	1182
899	65	1	1182
920	47	1	1182
935	17	1	1186
941	145	1	1180
948	190	1	1186
952	7	1	1182
961	65	1	1184
986	108	1	1182
992	68	1	1187
1024	32	1	1182
1028	90	1	1182
1037	44	1	1182
1040	26	1	1187
1052	117	1	1186
1057	20	1	1187
1058	177	1	1184
1082	34	1	1186
1101	36	1	1180
1105	2	1	1182
1124	70	1	1184
1136	55	2	1180	1182
1140	19	1	1186
1172	21	1	1183
1179	54	2	1180	1182
1181	13	1	1182
1186	12	1	1187
1187	18	1	1186
1229	58	1	1180
1252	88	2	1180	1182
1260	12	1	1182
1262	38	1	1184
1270	15	1	1187
1284	46	1	1180
1331	31	1	1182
1346	87	2	1186	1187
1365	53	1	1182
1368	147	2	1186	1187
1388	8	1	1182
1406	4	1	1187
1414	282	2	1180	1182
1420	51	1	1187
1426	44	1	1182
1449	2	1	1187
1469	13	1	1186
1474	36	1	1180
1477	39	1	1182
1507	33	1	1182
1515	25	1	1186
1521	42	1	1185
1538	15	1	1184
1540	32	2	1186	1187
1547	26	1	1189
1552	27	1	1180
1571	110	1	1187
1575	53	1	1187
1596	1	1	1182
1598	12	1	1186
1629	73	1	1180
1636	79	1	1182
1657	33	1	1182
1695	47	2	1180	1182
1716	37	1	1184
1728	97	1	1180
1743	55	1	1180
1762	57	1	1187
1776	59	1	1182
1813	19	1	1186
1884	164	1	1180
1905	34	1	1186
1920	16	1	1187
1925	40	1	1185
1927	56	1	1186
2053	37	1	1186
2059	270	1	1187
2082	26	1	1182
2092	49	1	1184
2123	13	1	1187
2128	52	1	1182
2144	30	1	1187
2160	82	1	1186
2163	51	1	1186
2264	37	1	1182
2353	40	1	1186
2381	49	2	1180	1182
2474	57	1	1182
2563	30	1	1182
2577	5	1	1182
2671	17	1	1182
2754	3	1	1184
2762	15	1	1184
2793	27	1	1182
2944	3	1	1180
2959	29	2	1180	1182
2976	16	1	1182
2990	19	1	1187
3162	6	1	1182
3187	30	1	1184
3190	10	1	1182
3309	4	1	1186
3449	3	1	1187
3674	10	1	1187
3721	1	1	1185
3838	3	1	1182
3982	7	1	1187
4006	3	1	1182
4148	1	1	1182
4289	3	1	1187
4831	1	1	1186
5001	3	1	1186
5386	2	1	1189
5453	1	1	1182
5600	4	1	1182
6020	1	1	1187
