2	522	1	2340
9	460	1	2340
14	136	2	2344	2346
18	318	1	2340
20	70	1	2346
40	133	1	2345
54	733	3	2340	2343	2346
59	236	2	2340	2349
60	231	1	2340
61	98	1	2340
73	344	1	2340
112	118	1	2340
121	192	1	2340
133	113	4	2340	2343	2344	2349
141	95	1	2349
142	23	1	2346
158	258	4	2343	2344	2346	2349
176	640	1	2340
180	221	1	2340
193	215	1	2340
258	112	1	2340
279	332	1	2340
286	88	1	2346
291	260	1	2340
311	42	1	2344
331	47	1	2340
333	32	2	2343	2346
359	233	1	2340
372	183	1	2345
373	88	1	2340
397	159	1	2340
418	223	1	2349
426	110	1	2349
460	155	1	2340
467	113	1	2340
490	261	1	2340
529	709	1	2340
559	87	1	2346
584	69	1	2343
598	18	1	2344
610	34	1	2345
620	17	1	2340
632	61	1	2340
656	103	1	2340
670	126	1	2349
704	88	1	2349
725	80	1	2340
769	124	2	2340	2349
770	58	2	2346	2349
775	14	2	2344	2349
801	104	1	2340
813	39	1	2345
842	137	1	2340
850	279	1	2340
855	51	1	2340
859	26	1	2343
866	24	1	2340
921	113	2	2340	2346
932	22	1	2345
946	75	1	2340
993	36	1	2340
998	101	1	2349
1002	106	1	2340
1012	71	1	2343
1013	8	1	2343
1052	117	1	2349
1055	33	1	2340
1056	8	1	2340
1096	95	1	2340
1097	5	1	2349
1175	42	1	2340
1189	121	1	2340
1195	153	1	2346
1196	6	1	2346
1256	59	1	2349
1261	54	1	2346
1297	52	1	2349
1376	162	3	2343	2344	2346
1457	25	1	2349
1468	38	2	2344	2346
1516	20	1	2340
1518	12	1	2344
1524	76	1	2349
1571	110	1	2349
1609	22	1	2344
1623	24	1	2340
1729	76	1	2340
1740	30	1	2343
1782	26	2	2343	2344
1797	64	1	2343
1823	9	1	2340
1846	48	1	2344
1850	33	1	2340
1854	32	1	2343
1893	33	1	2340
1956	23	1	2344
2046	105	2	2343	2344
2059	270	1	2344
2154	29	1	2340
2179	20	1	2343
2301	39	1	2349
2339	50	1	2340
2368	50	1	2340
2432	6	1	2344
2533	14	1	2340
2562	7	1	2340
2634	14	1	2340
2765	5	1	2346
2884	33	1	2343
2959	29	1	2344
3062	13	1	2340
3206	12	1	2344
3307	5	1	2340
3435	16	1	2340
5431	1	1	2349
