2	522	1	1905
3	402	2	1901	1903
16	286	1	1901
40	133	1	1903
44	85	1	1902
50	385	4	1901	1902	1903	1905
54	733	3	1902	1904	1905
55	104	1	1901
59	236	1	1902
64	81	2	1901	1903
65	159	1	1905
66	71	1	1901
67	827	2	1901	1903
73	344	1	1905
75	182	2	1901	1903
115	225	1	1901
121	192	1	1904
133	113	1	1904
158	258	1	1904
176	640	2	1901	1904
180	221	2	1904	1905
189	121	1	1901
203	36	1	1903
210	118	1	1904
219	42	1	1901
230	248	2	1901	1903
232	92	2	1901	1903
248	38	1	1904
256	137	1	1903
264	224	1	1901
279	332	3	1902	1904	1905
291	260	2	1901	1903
296	135	1	1901
339	70	1	1901
348	173	1	1901
357	12	1	1901
372	183	1	1903
386	312	2	1902	1905
393	119	1	1901
397	159	1	1905
403	54	1	1901
412	82	2	1904	1905
418	223	1	1902
421	42	1	1902
451	209	1	1904
482	42	1	1904
491	74	2	1902	1905
508	72	1	1906
510	111	1	1903
512	202	1	1903
515	94	2	1904	1905
522	291	1	1901
529	709	1	1903
537	231	1	1901
547	33	1	1901
561	130	3	1902	1904	1905
572	29	1	1903
584	69	1	1902
595	120	1	1901
619	31	2	1904	1905
632	61	1	1904
666	34	1	1902
675	87	1	1903
680	45	1	1905
682	26	1	1905
707	212	1	1903
710	84	1	1902
738	85	1	1904
749	62	1	1901
777	114	1	1903
779	58	1	1902
789	139	2	1902	1905
801	104	1	1902
823	115	1	1905
842	137	2	1904	1905
850	279	1	1902
878	39	1	1905
935	17	1	1905
944	54	1	1903
946	75	2	1902	1904
992	68	1	1905
1005	95	1	1903
1011	60	1	1901
1036	59	1	1904
1045	186	1	1903
1047	144	1	1905
1052	117	1	1904
1058	177	1	1903
1121	109	1	1905
1124	70	1	1901
1158	20	1	1904
1195	153	2	1904	1905
1207	66	1	1901
1216	108	1	1905
1299	66	1	1902
1348	19	1	1903
1363	17	1	1903
1368	147	1	1905
1375	8	1	1902
1399	39	1	1902
1424	57	1	1902
1428	10	1	1903
1433	107	1	1905
1445	25	1	1903
1485	9	1	1903
1505	30	1	1903
1540	32	1	1904
1542	16	1	1902
1571	110	1	1902
1572	57	1	1905
1573	59	1	1902
1582	74	1	1906
1603	55	1	1902
1643	24	1	1904
1685	67	1	1905
1766	13	1	1903
1771	11	1	1905
1776	59	1	1902
1811	21	1	1903
1855	122	1	1903
1879	44	1	1904
1895	24	1	1901
1931	49	1	1901
1945	57	1	1901
2015	51	1	1903
2059	270	1	1905
2092	49	1	1901
2112	35	1	1905
2160	82	1	1904
2440	12	1	1901
2759	2	1	1903
2784	18	1	1903
3340	3	1	1902
3381	13	1	1903
3561	6	1	1901
3865	1	1	1903
4072	3	1	1901
4362	3	1	1901
4664	2	1	1901
4779	1	1	1903
4996	2	1	1903
6022	1	1	1901
