2	522	2	766	769
3	402	1	768
9	460	2	768	769
10	30	2	761	762
14	136	1	769
16	286	1	768
17	35	1	766
18	318	1	766
19	91	1	768
22	52	1	768
31	254	2	766	768
37	139	1	763
48	257	2	766	769
49	124	1	766
52	57	1	768
53	219	1	768
54	733	4	761	763	765	769
55	104	1	768
57	33	1	769
59	236	2	761	766
60	231	1	769
61	98	1	765
64	81	1	768
66	71	1	768
67	827	2	763	766
69	271	1	768
74	65	1	766
94	240	1	768
96	113	1	766
103	237	2	768	769
111	30	1	766
112	118	2	766	769
115	225	1	768
118	60	1	768
121	192	1	769
133	113	1	762
135	70	1	761
137	73	1	766
145	64	2	762	765
155	49	1	766
156	205	2	766	769
157	64	1	768
158	258	2	761	762
167	516	3	763	766	768
174	118	1	768
176	640	4	763	766	768	769
179	121	1	766
180	221	2	765	769
182	53	1	768
183	160	1	768
193	215	2	766	769
194	40	1	769
197	42	1	768
202	306	2	763	768
205	241	1	768
218	84	1	768
225	185	2	765	766
226	42	1	768
229	118	1	766
236	95	1	766
238	93	1	769
240	128	1	768
247	233	1	763
252	193	1	768
258	112	2	765	769
261	105	1	768
263	17	1	768
264	224	1	768
272	63	1	762
278	49	1	766
280	61	1	769
285	237	1	768
289	18	1	768
291	260	1	769
293	151	1	766
296	135	1	768
309	30	1	768
310	11	1	768
311	42	1	761
315	40	1	768
328	122	1	769
330	26	1	766
331	47	1	768
332	31	1	761
335	232	1	766
341	50	2	765	769
345	54	1	765
348	173	1	768
359	233	3	765	766	769
369	21	1	763
374	249	1	766
384	205	1	768
386	312	2	761	769
391	64	1	766
392	34	1	768
395	34	1	768
397	159	2	765	766
402	165	1	766
418	223	3	761	765	769
421	42	2	761	765
422	36	1	766
433	45	1	768
439	37	1	766
451	209	4	761	763	768	769
460	155	1	769
468	70	1	763
471	59	1	765
490	261	2	766	769
502	98	1	769
511	13	1	766
512	202	1	768
514	27	1	768
516	36	1	768
518	31	1	768
522	291	1	768
524	56	1	768
529	709	4	763	766	768	769
532	91	1	768
534	102	1	766
537	231	2	763	766
543	12	1	763
544	101	1	763
549	12	1	768
557	69	1	766
559	87	1	762
561	130	1	765
567	59	1	763
572	29	1	768
576	117	2	761	769
577	29	1	761
593	56	1	765
594	125	1	768
597	193	1	766
599	69	1	766
626	28	1	768
627	148	1	766
635	84	1	765
645	227	1	766
646	15	1	766
656	103	1	769
664	91	1	766
666	34	1	765
694	90	1	768
695	143	2	763	766
700	32	1	768
705	8	1	762
707	212	1	768
714	205	2	763	766
715	250	1	768
718	187	1	768
721	216	1	766
726	27	1	769
733	173	1	768
738	85	1	769
740	85	3	761	763	769
747	93	1	766
751	166	1	766
752	214	1	768
760	41	1	761
764	51	1	765
767	49	1	768
769	124	1	761
771	101	2	766	769
786	56	1	766
795	16	1	768
797	35	1	768
801	104	1	765
814	171	2	761	769
824	85	1	763
825	90	1	766
828	15	1	768
840	79	1	761
842	137	2	761	769
844	317	1	768
850	279	3	765	766	769
854	39	1	766
862	52	1	768
879	19	1	761
884	150	1	766
895	57	1	766
900	67	1	763
916	45	1	761
923	4	1	766
925	46	1	766
926	33	1	763
927	42	2	768	769
934	101	1	768
941	145	1	766
942	92	1	768
943	38	1	766
946	75	1	765
948	190	2	768	769
950	15	1	766
956	60	1	763
963	31	1	768
975	82	1	769
978	41	2	761	765
980	24	1	765
983	184	1	766
998	101	1	761
1000	66	1	766
1001	73	1	766
1012	71	2	761	762
1050	29	1	766
1052	117	1	766
1069	138	1	766
1074	38	1	766
1075	120	1	768
1081	7	1	761
1094	99	1	766
1116	26	1	763
1126	17	1	762
1129	83	1	761
1130	157	2	765	769
1146	31	1	768
1163	10	1	766
1177	54	1	768
1179	54	1	763
1189	121	1	769
1195	153	2	766	769
1198	42	1	766
1233	59	1	763
1248	42	1	768
1252	88	1	763
1256	59	1	769
1269	41	1	763
1282	51	1	768
1287	72	1	766
1292	15	1	763
1297	52	1	769
1303	83	1	766
1336	48	1	761
1346	87	1	761
1368	147	1	765
1376	162	1	762
1378	114	1	766
1385	42	1	766
1414	282	1	763
1424	57	1	765
1426	44	1	763
1451	2	1	766
1475	69	1	763
1504	41	1	766
1519	120	1	766
1524	76	1	762
1526	32	1	766
1528	17	1	768
1571	110	1	765
1603	55	1	761
1615	7	1	766
1627	26	1	762
1629	73	1	768
1636	79	1	768
1664	37	2	766	769
1686	18	1	763
1719	42	1	766
1736	69	1	768
1754	77	2	761	762
1776	59	1	765
1801	69	1	761
1808	47	1	768
1821	27	1	763
1831	89	1	762
1840	13	1	768
1841	31	1	766
1846	48	1	763
1865	16	1	769
1888	8	1	761
1893	33	1	765
1899	7	1	768
1912	18	1	768
1922	21	1	766
1980	9	1	768
1989	12	1	768
2003	28	1	766
2004	22	1	768
2034	34	1	768
2046	105	1	762
2048	31	1	769
2059	270	2	761	769
2063	31	1	766
2066	40	1	766
2071	45	1	761
2108	52	1	761
2121	1	1	765
2129	9	1	769
2134	20	1	763
2160	82	1	765
2168	28	1	766
2188	68	1	769
2212	68	2	768	769
2264	37	1	768
2266	38	1	766
2288	20	1	765
2339	50	1	769
2352	19	1	766
2360	7	1	761
2568	43	1	765
2593	11	1	761
2618	21	1	761
2623	19	1	769
2627	31	1	766
2645	26	1	768
2672	13	1	768
2700	12	1	766
2706	33	1	766
2740	16	1	768
2742	6	1	768
2750	11	1	761
2763	10	1	768
2767	23	1	768
2805	3	1	765
2809	3	1	768
2818	8	1	768
2849	8	1	768
2926	16	1	763
2991	19	1	765
2993	15	1	763
3020	26	1	766
3083	4	1	769
3125	6	1	768
3169	2	1	765
3201	14	1	768
3245	2	1	761
3358	10	1	768
3406	7	1	768
3413	6	1	766
3497	18	1	768
3580	11	1	768
3630	3	1	761
3643	6	1	761
3893	16	1	768
3985	11	1	766
3989	16	1	768
4064	1	1	768
4400	6	1	768
4621	1	1	768
4657	2	1	765
4892	3	1	761
4918	4	1	766
4933	5	1	768
5027	5	1	762
5029	2	1	765
5112	4	1	768
5169	1	1	763
5313	3	1	768
5556	1	1	761
5617	1	1	766
5714	1	1	765
