2	522	1	1509
3	402	2	1503	1506
9	460	2	1508	1509
10	30	1	1504
12	126	2	1509	1509
16	286	1	1501
31	254	1	1501
40	133	2	1503	1506
41	71	1	1506
48	257	2	1506	1509
50	385	3	1503	1508	1509
54	733	2	1504	1509
59	236	2	1509	1509
67	827	6	1501	1503	1506	1508	1509	1509
71	218	1	1508
73	344	2	1508	1509
75	182	1	1506
82	4	1	1506
94	240	1	1503
121	192	1	1508
133	113	1	1506
135	70	1	1504
137	73	1	1508
143	116	1	1503
144	23	1	1503
156	205	2	1508	1509
157	64	1	1506
167	516	1	1509
171	137	2	1503	1506
174	118	1	1503
176	640	1	1503
180	221	1	1508
183	160	1	1506
205	241	1	1506
213	56	1	1504
225	185	1	1509
230	248	2	1503	1506
238	93	1	1501
247	233	1	1503
256	137	1	1503
268	11	1	1503
280	61	1	1504
283	25	1	1508
291	260	1	1508
296	135	1	1506
303	42	1	1503
328	122	2	1508	1509
330	26	1	1508
335	232	1	1501
339	70	2	1503	1506
343	101	1	1508
355	9	1	1501
359	233	1	1508
372	183	2	1503	1506
381	88	1	1506
391	64	1	1508
393	119	1	1503
397	159	1	1508
418	223	1	1504
441	80	1	1503
450	166	1	1506
453	83	2	1508	1509
456	54	1	1508
467	113	1	1508
475	194	2	1503	1506
486	41	1	1506
490	261	1	1501
499	36	1	1503
502	98	1	1509
504	26	1	1506
507	8	1	1506
510	111	1	1506
515	94	1	1501
524	56	1	1501
529	709	3	1503	1506	1508
537	231	1	1506
576	117	1	1508
594	125	2	1508	1509
597	193	1	1508
599	69	2	1508	1509
629	76	3	1501	1508	1509
645	227	3	1501	1508	1509
665	31	1	1503
675	87	1	1503
710	84	1	1509
714	205	3	1504	1509	1509
726	27	1	1508
734	50	2	1501	1508
738	85	1	1504
779	58	1	1504
801	104	2	1508	1509
814	171	1	1506
824	85	1	1504
825	90	2	1509	1509
836	27	1	1506
850	279	2	1508	1509
852	37	1	1503
855	51	1	1501
879	19	1	1501
891	23	1	1504
899	65	1	1501
903	77	2	1501	1508
946	75	1	1504
975	82	1	1501
976	75	1	1509
983	184	1	1501
998	101	1	1509
1005	95	1	1503
1041	49	1	1509
1045	186	1	1503
1047	144	1	1508
1069	138	3	1501	1503	1508
1078	65	3	1503	1509	1509
1080	23	1	1506
1093	33	1	1506
1108	92	1	1508
1129	83	1	1509
1130	157	1	1504
1168	37	1	1506
1175	42	1	1501
1189	121	1	1509
1229	58	1	1508
1243	44	1	1504
1262	38	1	1509
1264	22	1	1506
1298	9	1	1501
1335	20	1	1509
1372	12	1	1501
1378	114	1	1508
1419	30	1	1506
1423	24	1	1508
1433	107	1	1508
1434	13	1	1509
1460	139	1	1506
1502	11	1	1503
1505	30	1	1506
1534	45	1	1503
1540	32	1	1504
1546	32	1	1506
1561	45	1	1506
1573	59	1	1509
1578	24	1	1509
1637	11	1	1501
1653	56	1	1506
1655	14	1	1506
1707	22	1	1508
1708	20	1	1506
1753	40	1	1508
1839	29	2	1509	1509
1846	48	1	1504
1855	122	1	1506
1939	66	1	1508
1952	15	1	1506
1976	26	1	1501
2044	29	1	1508
2046	105	1	1504
2069	11	1	1509
2096	22	2	1508	1509
2112	35	1	1508
2133	29	1	1508
2168	28	2	1508	1509
2180	12	1	1506
2186	42	1	1504
2204	7	1	1506
2212	68	1	1509
2254	18	1	1506
2312	13	1	1506
2368	50	1	1501
2377	9	1	1508
2409	44	1	1508
2428	13	1	1508
2454	58	1	1509
2474	57	1	1501
2527	28	1	1506
2546	33	1	1506
2599	27	1	1503
3014	29	1	1503
3045	6	1	1508
3122	4	1	1506
3136	4	1	1501
3314	3	1	1508
3400	7	1	1501
3462	10	1	1501
3474	3	1	1501
3528	6	1	1508
3568	1	1	1503
3694	3	1	1506
3796	7	1	1506
3880	9	1	1506
3915	4	1	1501
3943	7	1	1506
4294	2	1	1506
4421	4	1	1503
5150	3	1	1501
5181	10	1	1504
5757	1	1	1508
6118	1	1	1506
