3	402	2	1655	1659
14	136	1	1652
19	91	1	1655
20	70	2	1652	1658
22	52	1	1654
23	134	1	1659
40	133	1	1659
50	385	2	1655	1659
53	219	2	1650	1655
54	733	2	1652	1658
59	236	2	1652	1654
60	231	1	1652
64	81	1	1655
67	827	3	1654	1655	1659
69	271	2	1654	1655
77	63	1	1652
79	87	2	1652	1658
94	240	1	1655
103	237	1	1654
118	60	1	1659
120	19	1	1654
127	31	1	1659
131	90	1	1650
132	187	1	1650
139	16	1	1654
143	116	1	1654
158	258	1	1652
167	516	2	1654	1655
169	194	1	1655
171	137	2	1650	1654
176	640	2	1654	1659
177	53	1	1652
178	55	1	1658
181	147	2	1655	1659
183	160	3	1650	1654	1659
191	49	1	1650
193	215	1	1652
196	93	1	1654
202	306	2	1650	1654
205	241	1	1654
206	29	1	1650
230	248	1	1659
240	128	1	1655
243	42	1	1659
244	18	1	1659
246	21	1	1652
247	233	1	1650
254	20	1	1652
261	105	2	1654	1655
264	224	1	1655
272	63	1	1652
276	69	1	1654
278	49	1	1654
285	237	2	1650	1655
286	88	2	1652	1658
291	260	1	1655
294	72	1	1655
306	128	1	1650
318	211	2	1650	1655
323	39	1	1659
372	183	1	1659
384	205	1	1650
393	119	1	1655
402	165	1	1654
418	223	2	1652	1658
426	110	1	1658
444	28	1	1650
448	41	1	1655
451	209	1	1654
475	194	2	1654	1659
492	134	1	1655
497	106	3	1650	1655	1659
507	8	1	1659
508	72	1	1650
510	111	1	1659
515	94	1	1652
519	77	1	1655
522	291	1	1655
529	709	3	1652	1654	1659
537	231	2	1654	1659
544	101	1	1654
546	39	1	1655
555	72	1	1650
564	50	1	1654
576	117	1	1658
579	24	1	1654
595	120	1	1654
625	32	1	1655
627	148	1	1650
645	227	1	1654
647	29	1	1655
663	44	1	1652
701	107	1	1654
707	212	1	1655
708	4	1	1652
718	187	1	1654
733	173	2	1650	1655
766	132	1	1655
772	37	1	1658
788	4	1	1659
789	139	1	1650
797	35	1	1650
814	171	1	1652
836	27	1	1659
840	79	1	1652
844	317	2	1650	1654
846	96	1	1650
850	279	1	1650
859	26	1	1652
894	39	1	1659
905	125	2	1650	1654
948	190	2	1650	1654
961	65	1	1655
992	68	1	1652
997	19	1	1652
998	101	1	1652
1003	15	1	1650
1012	71	1	1658
1045	186	1	1650
1046	14	1	1650
1047	144	1	1652
1052	117	1	1658
1058	177	1	1655
1070	77	1	1655
1075	120	1	1655
1080	23	1	1659
1085	7	1	1652
1128	48	1	1652
1129	83	1	1652
1168	37	1	1650
1177	54	1	1654
1179	54	1	1654
1184	105	1	1655
1195	153	1	1658
1197	24	1	1650
1207	66	1	1659
1230	15	1	1650
1293	32	1	1658
1313	63	1	1655
1340	7	1	1652
1346	87	1	1652
1351	7	1	1659
1376	162	2	1652	1658
1410	41	1	1654
1411	31	1	1654
1414	282	1	1650
1419	30	1	1659
1460	139	1	1659
1476	39	1	1650
1500	52	1	1654
1505	30	1	1659
1512	23	1	1652
1521	42	1	1655
1563	11	1	1650
1570	5	1	1655
1579	53	1	1652
1582	74	1	1650
1662	47	1	1650
1695	47	1	1654
1728	97	1	1654
1754	77	1	1652
1772	4	1	1652
1797	64	1	1655
1812	39	1	1652
1837	18	1	1655
1842	6	1	1654
1855	122	1	1659
1862	28	1	1659
1874	24	1	1650
1879	44	1	1652
1884	164	2	1652	1658
1914	8	1	1652
1927	56	1	1652
1931	49	1	1655
2015	51	1	1655
2027	12	1	1652
2059	270	1	1652
2120	24	1	1652
2142	4	1	1652
2181	9	1	1654
2204	7	1	1659
2225	19	1	1655
2231	62	1	1654
2258	17	1	1658
2280	21	1	1655
2321	7	1	1654
2357	9	1	1658
2375	22	1	1652
2433	15	1	1652
2449	23	1	1655
2473	14	2	1654	1655
2527	28	1	1659
2683	11	1	1658
2720	19	1	1659
2730	9	1	1652
2773	6	1	1655
2806	4	1	1654
2864	30	1	1655
2920	15	1	1650
2996	7	1	1652
3062	13	1	1659
3120	13	1	1655
3323	38	1	1650
3349	16	1	1652
3432	1	1	1659
3505	5	1	1652
3525	6	1	1652
3637	2	1	1654
3692	1	1	1659
3860	2	1	1659
4050	7	1	1654
4406	1	1	1652
4653	1	1	1652
4695	3	1	1655
4741	3	1	1652
4750	3	1	1652
4869	2	1	1652
5064	2	1	1650
5344	2	1	1652
5347	1	1	1655
5662	2	1	1658
5921	1	1	1652
6059	2	1	1658
6093	1	1	1659
