2	522	2	1623	1629
3	402	2	1629	1629
8	114	1	1623
9	460	2	1623	1625
12	126	1	1625
16	286	3	1621	1622	1625
18	318	2	1623	1625
23	134	2	1626	1629
31	254	1	1621
36	62	1	1622
48	257	3	1621	1622	1625
50	385	1	1623
52	57	2	1629	1629
53	219	1	1629
54	733	3	1621	1622	1623
59	236	1	1623
63	91	1	1629
64	81	1	1629
67	827	5	1621	1621	1622	1625	1629
69	271	1	1621
71	218	1	1625
72	17	1	1629
73	344	2	1625	1629
74	65	1	1622
93	42	1	1629
94	240	2	1629	1629
96	113	1	1622
100	35	1	1625
106	27	2	1629	1629
107	71	1	1629
112	118	2	1622	1623
115	225	3	1626	1629	1629
121	192	2	1623	1625
122	100	1	1625
132	187	2	1626	1629
140	29	1	1625
143	116	1	1629
156	205	1	1629
167	516	4	1621	1622	1625	1629
170	37	1	1629
171	137	2	1629	1629
172	79	3	1625	1629	1629
176	640	5	1621	1623	1626	1629	1629
179	121	1	1622
180	221	1	1621
181	147	1	1629
182	53	1	1626
183	160	1	1626
189	121	1	1629
191	49	1	1629
202	306	2	1621	1626
204	244	1	1626
205	241	1	1626
206	29	1	1626
210	118	1	1623
219	42	1	1626
229	118	1	1621
232	92	1	1629
235	20	1	1622
236	95	1	1622
238	93	1	1625
240	128	1	1629
247	233	2	1621	1629
260	98	1	1626
264	224	1	1629
268	11	1	1629
279	332	1	1623
280	61	2	1623	1625
284	18	1	1626
285	237	2	1626	1629
291	260	1	1629
299	113	1	1621
318	211	2	1626	1629
341	50	1	1625
343	101	1	1625
348	173	1	1629
357	12	1	1629
359	233	1	1623
369	21	1	1621
373	88	1	1623
374	249	2	1621	1622
381	88	2	1626	1629
384	205	2	1621	1622
386	312	2	1623	1629
387	11	1	1626
391	64	1	1625
393	119	1	1629
395	34	1	1629
403	54	2	1629	1629
407	48	1	1625
409	36	1	1625
432	56	1	1629
444	28	1	1626
448	41	1	1629
449	14	1	1626
450	166	2	1629	1629
453	83	1	1625
456	54	1	1625
460	155	1	1623
475	194	1	1629
490	261	1	1623
497	106	1	1629
504	26	1	1629
519	77	1	1629
520	80	2	1626	1629
522	291	2	1626	1629
529	709	2	1621	1625
537	231	2	1621	1629
539	55	1	1625
545	70	1	1629
546	39	1	1629
547	33	1	1629
599	69	1	1621
620	17	1	1623
621	23	1	1625
627	148	1	1625
628	47	1	1622
655	50	1	1623
656	103	1	1623
658	64	1	1626
665	31	1	1629
668	49	2	1629	1629
697	100	1	1629
707	212	2	1629	1629
715	250	2	1629	1629
718	187	2	1621	1626
723	46	1	1622
732	45	1	1625
733	173	1	1629
745	11	1	1629
752	214	1	1626
766	132	1	1629
769	124	1	1625
771	101	1	1623
777	114	1	1629
785	71	1	1625
786	56	1	1625
797	35	1	1626
813	39	1	1629
820	36	1	1629
825	90	1	1625
843	51	1	1629
844	317	2	1626	1629
848	100	1	1629
850	279	2	1621	1625
852	37	1	1629
866	24	1	1623
867	120	2	1625	1629
884	150	1	1625
892	38	1	1629
893	12	1	1629
895	57	1	1622
900	67	2	1621	1622
921	113	1	1623
934	101	3	1626	1629	1629
936	52	1	1629
941	145	2	1625	1629
942	92	1	1629
947	56	1	1622
948	190	1	1625
963	31	1	1625
970	28	1	1622
976	75	1	1625
984	18	1	1626
990	46	1	1626
996	15	1	1625
1000	66	1	1625
1002	106	1	1623
1005	95	1	1629
1022	48	1	1625
1074	38	1	1625
1078	65	1	1629
1091	16	1	1629
1095	20	1	1622
1108	92	1	1625
1111	25	1	1625
1121	109	1	1623
1166	30	1	1622
1172	21	1	1629
1189	121	1	1623
1190	29	2	1629	1629
1213	80	2	1629	1629
1214	13	1	1626
1224	81	1	1629
1247	39	2	1623	1629
1260	12	1	1625
1269	41	2	1626	1629
1274	63	1	1622
1282	51	2	1629	1629
1299	66	1	1622
1313	63	1	1629
1347	18	1	1629
1348	19	1	1629
1364	54	1	1623
1368	147	1	1622
1378	114	2	1623	1625
1392	16	1	1629
1408	8	1	1622
1414	282	2	1621	1626
1445	25	1	1629
1446	4	1	1629
1453	38	1	1626
1456	19	1	1623
1460	139	1	1626
1474	36	1	1622
1475	69	1	1621
1476	39	1	1625
1507	33	1	1621
1521	42	1	1629
1527	51	1	1625
1537	7	1	1629
1541	26	1	1629
1552	27	1	1621
1566	23	1	1625
1567	41	1	1629
1580	58	1	1629
1584	12	1	1625
1590	7	1	1621
1614	18	1	1621
1622	33	1	1622
1644	9	1	1623
1662	47	1	1626
1668	13	1	1625
1692	54	1	1621
1716	37	1	1629
1743	55	2	1623	1625
1755	24	1	1625
1803	10	1	1629
1823	9	1	1623
1837	18	1	1629
1838	5	1	1622
1855	122	1	1629
1874	24	1	1626
1937	53	1	1621
1938	19	1	1626
1939	66	1	1625
1945	57	1	1629
1972	10	1	1622
2043	2	1	1629
2044	29	1	1623
2059	270	1	1623
2063	31	1	1621
2066	40	1	1625
2075	48	1	1629
2078	45	1	1621
2149	29	1	1626
2151	18	1	1623
2169	8	1	1625
2170	35	2	1629	1629
2181	9	1	1629
2186	42	1	1625
2194	23	1	1626
2222	20	1	1629
2258	17	1	1629
2283	7	1	1629
2296	30	1	1625
2342	13	1	1623
2357	9	1	1623
2363	7	2	1629	1629
2381	49	2	1621	1626
2420	9	1	1626
2448	26	2	1621	1622
2454	58	1	1625
2467	4	1	1625
2470	26	1	1626
2474	57	1	1626
2475	2	1	1629
2498	12	1	1621
2595	15	2	1629	1629
2609	7	1	1629
2625	15	1	1626
2627	31	1	1623
2631	10	1	1622
2634	14	1	1623
2671	17	1	1621
2688	29	1	1625
2693	25	1	1625
2698	5	1	1622
2740	16	1	1629
2808	27	1	1622
2811	10	1	1629
2829	4	1	1625
2841	13	2	1629	1629
2857	19	1	1629
2871	19	2	1622	1625
2883	23	1	1629
2910	6	1	1623
2920	15	1	1626
2959	29	1	1621
2972	14	1	1626
2989	26	1	1625
3013	1	1	1626
3054	13	1	1625
3062	13	1	1623
3113	3	1	1629
3120	13	1	1622
3135	20	1	1626
3175	6	1	1629
3191	1	1	1625
3240	12	1	1623
3244	6	1	1622
3252	12	1	1622
3392	16	1	1629
3435	16	1	1623
3496	3	1	1625
3603	1	1	1622
3633	12	1	1622
3637	2	1	1629
3763	1	1	1626
3769	19	1	1629
3893	16	1	1626
4274	4	1	1629
4301	1	1	1622
4557	5	1	1629
4772	2	1	1626
4860	2	1	1625
5366	2	1	1621
5488	1	1	1623
5962	1	1	1626
6190	1	1	1629
