2	522	5	111	112	114	115	118
3	402	3	113	115	116
7	14	1	114
8	114	1	112
9	460	5	112	113	115	116	117
16	286	2	111	113
18	318	1	117
19	91	2	115	118
22	52	2	114	118
23	134	3	114	115	118
24	8	1	117
28	25	1	115
31	254	1	114
37	139	3	114	115	118
40	133	1	116
41	71	2	113	116
42	52	1	116
48	257	1	111
49	124	1	117
50	385	7	111	113	114	115	117	118	118
52	57	2	115	118
53	219	1	118
54	733	2	112	117
57	33	1	111
60	231	2	114	117
62	89	1	111
64	81	1	116
65	159	1	114
66	71	1	118
67	827	5	111	113	114	116	117
69	271	1	114
75	182	2	115	116
77	63	1	114
94	240	2	115	118
103	237	2	115	118
108	55	2	114	117
110	43	1	111
113	15	2	114	116
115	225	4	113	114	116	118
117	36	2	114	118
118	60	2	115	117
121	192	1	112
122	100	1	111
123	59	1	111
126	41	1	112
131	90	1	117
132	187	6	114	115	116	117	117	118
133	113	2	117	117
134	18	1	116
140	29	2	111	114
143	116	1	115
147	56	2	114	118
149	63	2	111	112
151	39	1	115
156	205	1	112
163	16	1	111
165	38	1	115
167	516	6	111	114	115	117	117	118
169	194	2	114	115
171	137	2	115	118
172	79	3	111	114	117
176	640	2	111	114
177	53	1	115
179	121	2	114	117
180	221	1	112
182	53	1	115
183	160	2	115	118
186	2	1	115
189	121	1	117
191	49	2	117	118
193	215	1	118
196	93	2	115	118
197	42	1	114
200	79	1	114
202	306	5	114	115	117	117	118
204	244	3	115	117	118
205	241	3	114	115	117
218	84	3	114	118	118
219	42	1	115
226	42	1	114
229	118	1	114
230	248	2	113	116
238	93	2	111	114
240	128	3	115	116	118
247	233	1	114
248	38	1	111
252	193	3	113	115	117
256	137	2	113	116
259	28	1	114
260	98	3	114	115	118
261	105	2	113	118
262	57	1	112
264	224	2	115	118
276	69	1	117
279	332	2	112	115
285	237	3	114	115	118
289	18	1	115
291	260	2	112	116
293	151	2	111	114
296	135	3	115	116	118
298	69	1	114
309	30	2	117	118
318	211	2	116	117
321	104	1	112
328	122	1	112
331	47	1	115
334	23	1	111
335	232	1	117
336	30	3	114	116	117
339	70	1	116
340	24	1	116
348	173	2	115	116
353	61	1	114
356	23	1	114
359	233	2	112	116
362	45	2	117	117
370	13	1	114
372	183	2	113	116
373	88	1	112
379	46	1	114
380	42	2	111	114
381	88	3	115	117	118
384	205	3	111	117	117
386	312	3	112	114	117
387	11	1	118
388	35	1	115
392	34	1	114
402	165	1	114
407	48	1	114
409	36	3	111	114	117
411	16	1	114
412	82	1	114
413	4	1	112
416	106	1	111
420	126	1	112
428	52	1	114
432	56	1	114
435	71	1	114
444	28	1	118
449	14	1	118
450	166	2	113	116
451	209	2	114	118
453	83	1	111
458	18	2	113	116
465	79	1	117
467	113	1	112
468	70	1	115
471	59	1	112
475	194	2	113	114
479	38	1	114
488	47	1	114
489	19	1	114
490	261	1	118
492	134	2	114	117
497	106	2	115	116
502	98	1	112
508	72	2	114	115
512	202	3	113	115	118
514	27	2	114	115
515	94	1	112
518	31	1	115
520	80	1	118
522	291	3	115	117	118
523	35	2	114	115
524	56	1	115
528	45	2	117	118
529	709	8	111	113	114	115	116	117	117	118
532	91	1	115
537	231	2	113	116
539	55	1	114
542	165	2	117	117
545	70	1	113
555	72	1	117
557	69	1	114
567	59	1	117
574	51	2	114	115
575	37	1	114
576	117	1	114
577	29	1	114
586	93	3	111	114	115
594	125	1	114
595	120	2	114	116
596	61	1	111
597	193	2	111	114
599	69	1	114
606	17	1	112
610	34	1	114
619	31	1	114
620	17	1	117
627	148	4	111	113	116	118
629	76	1	111
632	61	1	114
634	18	1	114
645	227	1	111
651	41	1	117
652	57	1	114
655	50	2	114	117
675	87	1	113
678	28	1	114
694	90	3	114	115	117
695	143	3	114	117	117
697	100	3	115	118	118
699	43	3	117	117	118
700	32	1	115
701	107	1	118
703	75	2	113	116
704	88	1	114
707	212	1	115
714	205	2	111	112
715	250	5	114	115	117	117	118
718	187	5	114	115	117	117	118
721	216	2	111	114
723	46	1	112
732	45	1	114
738	85	1	114
743	9	1	114
749	62	2	115	116
752	214	4	113	115	117	118
753	47	1	116
757	20	1	113
766	132	1	111
768	15	1	115
771	101	1	117
777	114	2	113	116
787	14	1	113
789	139	1	114
797	35	2	115	118
813	39	1	113
814	171	3	115	117	117
816	37	1	113
824	85	1	114
825	90	1	112
828	15	2	115	117
832	32	1	113
835	8	1	117
838	18	1	112
842	137	3	112	114	117
844	317	4	114	115	117	118
846	96	2	114	117
848	100	1	116
850	279	3	112	114	117
861	115	1	114
862	52	1	115
867	120	3	111	115	118
870	28	1	114
872	70	1	114
884	150	3	114	117	117
885	43	1	114
894	39	1	116
905	125	1	117
909	31	2	115	117
912	41	2	115	116
915	10	1	113
921	113	1	114
925	46	1	114
926	33	1	114
927	42	1	112
930	39	1	115
933	25	1	116
934	101	3	114	117	118
936	52	1	118
941	145	2	111	114
942	92	2	115	118
945	49	2	113	116
948	190	2	114	115
963	31	1	118
971	24	1	114
976	75	1	111
982	22	1	117
983	184	1	112
984	18	1	118
990	46	1	114
993	36	1	117
995	28	1	114
998	101	1	117
1001	73	1	115
1005	95	2	113	116
1008	8	1	111
1009	20	1	115
1011	60	2	118	118
1017	20	1	114
1019	8	1	117
1022	48	1	111
1024	32	1	114
1031	32	1	114
1035	9	1	114
1038	15	1	115
1039	5	1	113
1041	49	1	117
1045	186	4	113	114	115	117
1046	14	1	118
1049	26	1	114
1052	117	1	114
1065	54	1	114
1075	120	1	118
1078	65	1	111
1080	23	1	116
1093	33	1	116
1094	99	2	114	115
1108	92	2	111	114
1122	40	2	114	117
1129	83	1	114
1133	39	1	113
1137	10	2	111	114
1154	10	1	113
1156	82	2	114	117
1176	64	1	114
1177	54	1	114
1182	16	1	114
1184	105	1	115
1189	121	1	112
1194	52	1	113
1195	153	1	117
1202	1	1	118
1207	66	2	113	118
1214	13	2	115	118
1216	108	1	112
1224	81	1	118
1227	42	1	116
1229	58	1	112
1230	15	1	113
1233	59	1	117
1241	2	1	115
1252	88	2	114	117
1264	22	1	116
1267	5	2	114	118
1269	41	1	115
1274	63	2	113	114
1278	14	1	118
1282	51	1	115
1287	72	2	111	114
1288	16	2	114	115
1296	12	1	117
1299	66	1	112
1303	83	2	111	117
1305	8	1	112
1321	63	1	114
1322	36	1	118
1323	21	1	116
1327	34	1	112
1331	31	1	115
1337	58	1	112
1342	44	1	113
1352	4	1	115
1367	21	1	114
1369	7	1	116
1374	51	3	114	115	118
1378	114	4	113	114	117	117
1384	7	1	114
1410	41	2	115	118
1411	31	1	118
1414	282	4	114	115	117	118
1423	24	1	117
1426	44	1	118
1429	34	2	115	118
1434	13	1	112
1452	25	1	111
1453	38	1	117
1460	139	2	117	117
1464	27	1	114
1475	69	1	114
1476	39	1	115
1486	7	1	115
1489	19	1	113
1494	12	1	117
1497	7	1	116
1500	52	1	117
1519	120	2	111	112
1524	76	1	117
1527	51	1	117
1528	17	1	118
1541	26	1	112
1567	41	1	116
1572	57	1	117
1578	24	1	111
1582	74	1	117
1606	9	1	115
1620	31	1	116
1629	73	1	115
1636	79	1	113
1662	47	2	117	118
1679	15	1	114
1708	20	1	113
1711	25	2	117	117
1719	42	1	117
1720	15	1	112
1733	12	1	117
1734	12	1	113
1736	69	2	114	115
1746	11	1	117
1763	9	1	118
1766	13	1	115
1794	5	1	116
1796	48	2	115	116
1798	15	1	117
1818	4	1	118
1826	31	1	117
1831	89	1	114
1833	40	1	115
1836	10	1	113
1840	13	1	115
1850	33	1	112
1855	122	1	113
1863	2	1	114
1874	24	1	118
1884	164	1	114
1890	26	1	113
1905	34	2	117	117
1906	6	1	114
1912	18	1	115
1925	40	1	114
1928	1	1	113
1940	3	1	115
1952	15	1	113
1956	23	1	112
1965	17	1	116
1973	27	1	117
1989	12	1	115
2000	13	1	114
2004	22	1	115
2034	34	1	115
2037	41	1	112
2045	21	4	114	115	117	117
2059	270	2	114	115
2065	7	1	114
2071	45	1	113
2072	7	1	117
2090	22	2	115	116
2098	14	1	114
2101	26	1	117
2123	13	2	117	117
2127	32	1	111
2128	52	1	116
2154	29	1	112
2170	35	1	115
2186	42	2	114	117
2191	16	2	114	117
2203	23	1	117
2227	3	1	115
2230	13	1	117
2231	62	1	114
2240	20	1	114
2258	17	1	114
2264	37	1	114
2289	5	1	114
2296	30	1	111
2302	55	3	114	115	116
2306	17	1	111
2350	8	1	118
2368	50	2	114	115
2370	5	1	117
2386	5	1	118
2395	2	1	114
2454	58	1	111
2474	57	1	117
2477	14	2	114	115
2479	50	1	111
2512	8	1	114
2521	17	1	117
2524	4	1	115
2553	21	1	112
2556	29	2	115	117
2607	2	1	117
2609	7	1	114
2623	19	1	112
2637	4	1	112
2645	26	3	114	115	118
2688	29	1	111
2714	4	1	112
2727	12	1	114
2736	4	1	118
2739	11	1	114
2742	6	1	115
2752	18	2	111	115
2767	23	1	115
2770	7	1	116
2772	29	1	117
2784	18	1	116
2806	4	1	111
2807	6	1	114
2823	8	1	113
2845	25	1	111
2862	35	1	114
2871	19	1	111
2907	4	1	118
2926	16	1	111
2959	29	1	114
2964	2	1	114
2990	19	2	114	117
3015	12	1	117
3104	13	1	117
3135	20	1	115
3323	38	1	117
3327	1	1	113
3358	10	1	115
3379	11	1	113
3397	8	1	115
3426	10	1	117
3515	7	1	118
3519	9	1	118
3551	8	1	118
3584	5	1	118
3636	3	1	114
3782	2	1	111
3828	1	1	115
3835	6	1	114
3847	3	1	117
3879	6	1	116
3894	6	1	112
3907	4	1	111
3926	4	1	117
3931	3	1	118
4049	3	1	118
4070	2	1	112
4096	1	1	115
4098	15	1	114
4147	2	1	118
4227	3	1	117
4271	1	1	115
4274	4	1	116
4323	1	1	115
4356	8	2	114	115
4436	1	1	115
4524	2	1	117
4617	3	1	115
4632	4	1	114
4664	2	1	117
4811	3	1	118
4928	1	1	114
5050	4	1	117
5112	4	1	114
5139	2	1	117
5173	4	1	117
5351	2	1	118
5621	2	1	116
5922	1	1	115
5957	1	1	117
6033	1	1	117
6068	1	1	112
6150	1	1	118
