2	522	3	95	96	97
3	402	6	92	93	93	93	94	99
9	460	2	93	99
12	126	1	97
16	286	4	95	96	97	99
18	318	2	92	99
19	91	1	99
22	52	1	96
23	134	3	94	99	99
31	254	2	96	97
36	62	2	95	97
37	139	1	96
40	133	2	92	94
41	71	3	92	93	94
46	63	1	97
48	257	2	96	97
49	124	1	95
50	385	1	93
52	57	1	93
53	219	3	93	94	99
54	733	2	95	97
55	104	2	93	95
59	236	1	96
62	89	1	93
63	91	2	93	93
64	81	3	92	94	99
65	159	3	95	96	99
66	71	1	92
67	827	7	92	93	93	94	95	96	97
69	271	1	95
73	344	1	95
75	182	1	99
79	87	1	90
89	39	1	90
91	28	1	92
93	42	1	94
94	240	3	93	99	99
96	113	2	95	97
98	6	1	99
103	237	3	92	94	99
106	27	1	94
107	71	1	93
111	30	1	96
113	15	1	92
115	225	1	99
119	32	1	93
120	19	1	99
121	192	1	97
123	59	1	95
127	31	1	94
132	187	3	95	99	99
133	113	1	94
134	18	2	93	93
140	29	1	97
142	23	1	90
143	116	2	92	99
144	23	1	94
151	39	2	97	99
153	49	1	94
156	205	1	95
157	64	1	92
158	258	1	90
160	11	1	99
165	38	1	93
167	516	4	95	96	97	99
169	194	6	93	94	95	97	99	99
170	37	1	99
171	137	2	92	94
174	118	2	94	99
176	640	4	92	97	99	99
180	221	1	93
181	147	2	93	94
182	53	2	99	99
183	160	1	99
189	121	2	93	93
193	215	1	95
196	93	1	99
200	79	1	97
202	306	2	99	99
203	36	1	99
204	244	1	99
205	241	2	94	99
206	29	1	99
218	84	1	99
224	14	1	99
225	185	1	95
229	118	1	97
230	248	4	92	93	94	99
232	92	2	92	93
234	7	1	99
236	95	1	97
238	93	1	97
240	128	1	94
247	233	2	93	99
248	38	1	93
252	193	1	99
256	137	4	92	93	93	94
260	98	2	94	99
264	224	3	93	93	99
268	11	1	94
275	16	1	99
279	332	1	99
285	237	5	92	93	94	99	99
289	18	1	94
291	260	2	92	94
293	151	3	95	96	97
294	72	1	94
296	135	3	92	94	99
299	113	1	97
306	128	3	95	99	99
315	40	1	99
318	211	2	93	93
323	39	2	93	94
335	232	2	95	97
336	30	1	94
340	24	1	94
348	173	1	99
353	61	2	95	99
357	12	1	93
358	26	2	93	93
366	34	1	97
372	183	4	92	93	93	94
374	249	2	95	97
380	42	1	96
381	88	1	94
384	205	1	99
393	119	1	93
402	165	3	95	97	99
403	54	2	93	93
416	106	2	92	94
428	52	1	99
432	56	1	94
433	45	1	99
448	41	1	94
449	14	1	92
450	166	3	92	94	99
451	209	1	99
460	155	1	97
465	79	1	99
475	194	1	99
490	261	2	95	97
497	106	2	94	99
499	36	1	92
508	72	1	99
512	202	1	94
514	27	1	94
518	31	1	94
520	80	1	99
522	291	2	94	99
524	56	2	97	99
528	45	2	94	99
529	709	5	92	94	95	96	99
533	26	1	97
534	102	2	95	97
539	55	1	99
542	165	1	95
544	101	1	99
545	70	1	94
546	39	1	99
547	33	2	93	94
555	72	2	94	95
556	69	2	95	97
559	87	1	90
572	29	2	94	99
575	37	2	94	99
594	125	1	99
596	61	1	97
597	193	3	95	96	97
598	18	1	90
599	69	1	96
607	45	1	99
610	34	1	96
617	3	1	95
623	6	1	97
643	68	1	99
645	227	3	95	96	97
652	57	1	94
657	49	1	95
661	24	2	92	94
664	91	4	94	95	96	99
665	31	1	94
675	87	3	92	93	94
678	28	1	94
688	133	2	96	99
694	90	1	99
697	100	1	99
700	32	1	94
703	75	2	93	94
707	212	6	92	93	93	93	94	99
715	250	5	93	93	94	99	99
718	187	3	94	95	99
721	216	3	94	95	97
723	46	1	95
733	173	1	99
734	50	1	96
740	85	1	92
747	93	1	96
751	166	2	95	97
752	214	3	92	94	99
769	124	1	99
773	57	2	99	99
777	114	1	92
779	58	1	96
781	11	1	97
782	31	1	97
790	49	1	92
793	36	1	95
799	5	1	95
801	104	2	95	97
804	49	1	95
805	16	2	99	99
806	50	2	94	99
813	39	1	94
816	37	2	93	94
818	40	2	94	99
820	36	1	92
823	115	1	96
829	34	1	95
832	32	1	94
844	317	2	99	99
846	96	1	99
848	100	1	93
850	279	2	94	99
852	37	1	94
853	19	1	93
854	39	1	97
855	51	2	97	99
857	9	2	99	99
861	115	1	99
862	52	1	99
864	50	1	97
866	24	1	95
867	120	1	96
884	150	2	95	97
892	38	3	93	93	99
893	12	1	94
896	16	1	93
899	65	1	94
905	125	2	99	99
912	41	1	94
925	46	2	99	99
928	29	1	99
929	11	1	93
930	39	1	94
932	22	1	99
933	25	1	94
934	101	2	99	99
936	52	2	92	93
941	145	3	96	97	99
942	92	3	93	94	99
944	54	1	94
945	49	1	94
947	56	2	95	97
956	60	1	95
957	75	3	92	93	94
961	65	2	93	99
976	75	1	96
983	184	3	95	96	97
986	108	4	95	97	99	99
1000	66	2	96	97
1001	73	2	97	99
1005	95	2	92	94
1011	60	2	93	94
1014	10	1	93
1022	48	1	96
1028	90	1	95
1033	30	2	99	99
1045	186	2	92	99
1058	177	1	92
1069	138	1	96
1070	77	1	92
1074	38	1	97
1075	120	1	99
1078	65	1	96
1087	58	1	99
1091	16	1	94
1094	99	1	99
1122	40	2	99	99
1130	157	1	97
1133	39	1	93
1136	55	1	99
1144	8	1	90
1145	16	1	99
1148	78	1	96
1149	42	1	96
1151	47	1	94
1156	82	1	94
1168	37	1	99
1172	21	1	99
1175	42	1	97
1176	64	1	99
1177	54	1	99
1183	25	2	92	93
1190	29	1	93
1194	52	3	93	94	97
1207	66	3	94	99	99
1209	24	1	95
1213	80	2	92	94
1214	13	1	94
1221	7	1	99
1223	27	1	96
1224	81	1	99
1227	42	1	94
1238	23	1	94
1239	6	1	99
1242	42	1	99
1248	42	1	95
1256	59	1	94
1269	41	1	99
1274	63	1	94
1282	51	1	94
1287	72	1	99
1303	83	1	96
1313	63	3	92	93	94
1320	2	1	94
1321	63	1	99
1324	15	1	94
1342	44	1	94
1348	19	1	92
1357	20	1	99
1363	17	1	94
1372	12	1	97
1376	162	1	90
1379	2	1	99
1385	42	1	97
1392	16	1	94
1410	41	1	99
1414	282	1	96
1417	41	1	96
1445	25	1	93
1460	139	1	95
1463	29	2	92	94
1468	38	1	90
1475	69	1	99
1493	40	1	94
1500	52	1	99
1505	30	1	92
1519	120	1	96
1521	42	2	93	99
1534	45	1	94
1538	15	1	93
1556	24	1	99
1580	58	1	93
1629	73	2	99	99
1635	19	1	99
1636	79	1	94
1653	56	2	93	94
1655	14	1	94
1660	21	1	95
1684	53	2	92	94
1692	54	1	95
1708	20	1	94
1714	35	1	95
1716	37	1	94
1734	12	1	94
1736	69	2	99	99
1742	90	1	97
1751	26	1	99
1753	40	1	95
1765	39	1	96
1769	16	1	99
1797	64	2	99	99
1810	10	1	94
1833	40	1	99
1855	122	2	92	93
1856	15	2	92	94
1875	10	1	94
1877	5	1	94
1884	164	2	92	99
1900	16	1	92
1925	40	1	99
1930	14	1	99
1931	49	1	94
1945	57	1	93
1973	27	1	99
2023	12	1	95
2036	10	1	92
2043	2	1	99
2046	105	1	90
2058	37	1	93
2075	48	1	94
2077	13	1	96
2097	35	1	93
2098	14	1	99
2108	52	1	99
2112	35	1	90
2122	22	1	92
2127	32	1	96
2134	20	1	95
2139	15	1	93
2146	8	1	96
2170	35	1	93
2192	26	1	95
2216	6	2	92	94
2225	19	1	93
2237	21	1	94
2244	18	1	96
2264	37	1	95
2277	29	1	94
2280	21	1	93
2348	47	2	93	97
2352	19	1	97
2368	50	1	97
2379	20	1	95
2403	7	1	94
2442	6	1	96
2448	26	1	95
2469	45	1	99
2517	18	1	99
2521	17	1	94
2532	9	1	95
2566	10	1	99
2576	15	1	97
2591	3	1	97
2602	20	1	95
2615	3	1	97
2620	25	2	94	95
2693	25	1	96
2703	10	1	94
2706	33	2	96	97
2727	12	1	94
2748	32	1	97
2752	18	1	99
2762	15	1	93
2767	23	1	94
2781	3	1	99
2785	10	1	99
2788	24	1	94
2799	38	1	97
2862	35	1	94
2863	12	1	95
2864	30	1	99
2871	19	2	96	97
2875	22	1	97
2908	19	1	99
2920	15	1	99
2972	14	2	99	99
2991	19	1	97
3008	13	1	99
3011	14	1	94
3014	29	1	93
3039	11	1	94
3069	15	1	93
3079	6	1	97
3118	3	1	94
3120	13	1	97
3126	15	1	95
3130	2	1	92
3138	6	1	92
3190	10	1	95
3216	6	2	93	93
3246	8	1	99
3257	5	1	99
3276	20	1	95
3305	13	1	97
3344	7	1	92
3372	4	1	99
3373	5	1	97
3379	11	1	92
3381	13	1	94
3392	16	1	93
3418	2	1	97
3462	10	1	97
3467	17	1	97
3524	4	1	92
3577	9	1	94
3593	6	1	94
3613	4	1	94
3670	11	1	97
3684	3	1	99
3764	2	1	99
3801	2	1	95
3867	8	1	99
3882	4	1	97
3896	4	1	92
3902	2	1	99
3927	3	1	93
4105	2	1	92
4115	1	1	97
4321	1	1	93
4526	2	1	94
4548	2	1	94
4556	2	1	99
4579	2	1	94
4638	1	1	92
4672	2	1	93
4677	4	1	94
4871	6	1	99
5028	2	1	99
5124	3	1	90
5199	1	1	92
5232	1	1	93
5261	1	1	94
5283	2	1	94
5499	2	1	94
5694	2	1	95
5830	1	1	93
5944	1	1	97
6152	2	1	97
