0	8	1	376
2	522	3	373	374	379
3	402	1	372
6	30	1	374
9	460	1	373
12	126	1	379
14	136	1	376
16	286	3	370	378	379
18	318	1	373
20	70	1	376
31	254	2	370	379
36	62	1	379
37	139	1	379
44	85	1	373
46	63	1	374
48	257	1	379
49	124	1	370
50	385	1	379
54	733	3	370	373	379
55	104	1	370
59	236	1	376
60	231	2	373	376
61	98	2	371	379
65	159	3	371	373	379
67	827	3	370	372	379
69	271	1	370
71	218	2	371	376
73	344	3	373	376	379
74	65	1	379
75	182	1	372
85	34	1	373
96	113	1	379
103	237	1	373
112	118	1	373
115	225	1	372
116	15	1	372
119	32	1	374
121	192	1	373
129	5	1	370
149	63	1	373
150	16	1	373
155	49	1	379
156	205	1	379
158	258	1	376
165	38	1	378
167	516	2	374	379
169	194	2	374	378
176	640	1	372
179	121	2	374	379
184	42	1	370
189	121	1	372
191	49	1	378
198	33	1	376
200	79	1	378
202	306	1	370
204	244	2	370	378
205	241	1	370
207	14	1	379
219	42	1	378
225	185	1	371
229	118	1	374
230	248	1	372
231	25	1	372
235	20	1	379
240	128	1	378
244	18	1	372
247	233	1	374
258	112	1	373
260	98	2	373	379
262	57	1	373
263	17	1	374
264	224	2	372	378
279	332	3	371	373	376
280	61	2	370	376
285	237	1	378
286	88	1	373
287	23	1	372
291	260	2	373	379
296	135	1	372
306	128	1	379
317	9	1	372
321	104	1	373
335	232	3	370	374	378
341	50	1	371
348	173	1	378
359	233	2	371	373
362	45	2	374	379
369	21	1	370
370	13	1	370
371	26	1	372
373	88	1	376
374	249	3	370	375	379
377	2	1	378
380	42	1	379
383	13	1	376
384	205	3	374	378	379
386	312	1	373
387	11	1	378
397	159	1	376
400	38	1	379
405	58	1	372
407	48	1	379
412	82	1	371
418	223	1	371
420	126	1	371
424	83	1	370
432	56	1	373
460	155	1	376
461	27	1	374
467	113	2	373	376
475	194	1	372
481	56	2	374	379
482	42	1	376
488	47	1	379
502	98	1	376
510	111	1	372
522	291	1	378
524	56	1	378
529	709	2	370	372
530	78	1	379
532	91	1	370
534	102	1	379
535	11	1	376
537	231	2	372	374
542	165	1	379
556	69	1	379
557	69	1	379
561	130	1	371
567	59	2	370	374
576	117	1	376
593	56	1	371
596	61	1	378
597	193	1	379
598	18	1	376
601	23	1	372
607	45	1	372
615	9	1	374
617	3	1	372
628	47	1	379
645	227	2	370	371
646	15	1	379
651	41	1	370
670	126	1	371
675	87	1	372
680	45	1	371
690	96	1	379
707	212	2	372	378
714	205	2	371	376
715	250	2	370	372
718	187	1	370
721	216	2	370	379
733	173	1	378
751	166	1	379
752	214	3	372	374	377
766	132	1	379
771	101	1	373
777	114	1	372
779	58	1	370
782	31	1	379
785	71	1	376
786	56	1	379
789	139	1	371
818	40	1	372
819	19	1	370
825	90	1	379
842	137	1	371
843	51	1	372
844	317	1	378
848	100	1	372
850	279	1	373
854	39	1	379
855	51	1	371
867	120	1	379
895	57	1	379
900	67	1	370
905	125	1	374
926	33	1	372
927	42	1	373
933	25	1	379
941	145	2	374	379
942	92	1	378
943	38	1	379
944	54	1	372
946	75	1	379
947	56	2	374	378
948	190	1	379
949	14	1	373
983	184	1	379
986	108	2	370	379
990	46	1	373
1001	73	1	379
1002	106	1	371
1005	95	1	372
1021	21	1	372
1028	90	2	375	379
1041	49	1	379
1045	186	1	370
1047	144	1	371
1058	177	1	372
1062	7	1	378
1065	54	1	379
1078	65	1	379
1088	8	1	372
1094	99	2	374	379
1095	20	1	379
1096	95	1	373
1124	70	1	372
1131	47	1	373
1136	55	1	379
1145	16	1	370
1151	47	1	372
1156	82	1	379
1166	30	1	379
1177	54	1	370
1189	121	1	373
1194	52	1	379
1223	27	1	379
1229	58	3	373	378	379
1233	59	2	370	374
1248	42	1	379
1256	59	1	376
1274	63	1	379
1280	57	1	372
1337	58	1	376
1342	44	1	379
1346	87	1	379
1357	20	1	378
1361	2	1	376
1365	53	1	370
1368	147	1	373
1371	12	1	370
1372	12	1	376
1376	162	1	376
1378	114	1	379
1385	42	1	379
1396	1	1	378
1397	8	1	373
1399	39	1	371
1409	15	1	379
1414	282	1	370
1424	57	2	371	378
1453	38	1	378
1454	26	2	373	376
1460	139	3	370	372	378
1474	36	1	379
1483	15	1	376
1500	52	1	378
1528	17	1	372
1562	4	1	378
1571	110	1	371
1573	59	1	373
1591	36	1	378
1610	2	1	376
1620	31	1	370
1622	33	1	379
1636	79	1	378
1657	33	1	372
1684	53	1	372
1685	67	1	371
1691	7	1	373
1695	47	1	370
1696	20	1	378
1714	35	1	379
1728	97	2	370	374
1730	3	1	376
1742	90	1	379
1751	26	1	372
1801	69	1	376
1811	21	1	372
1814	16	1	379
1847	4	1	375
1849	4	1	379
1850	33	1	373
1855	122	1	372
1864	18	1	376
1878	6	1	371
1885	22	1	372
1886	32	1	373
1900	16	1	372
1916	75	1	379
1937	53	1	378
1970	12	1	374
1971	19	1	376
1973	27	1	377
1977	26	1	379
2032	1	1	376
2037	41	1	373
2041	6	1	371
2046	105	1	376
2059	270	1	379
2066	40	1	379
2078	45	1	379
2123	13	1	373
2160	82	1	371
2188	68	1	373
2222	20	1	372
2235	14	1	379
2247	22	1	379
2266	38	1	379
2291	29	1	379
2300	14	1	373
2314	24	1	373
2342	13	1	376
2348	47	1	379
2375	22	1	379
2420	9	1	375
2437	13	1	379
2448	26	1	379
2458	44	2	370	378
2459	10	1	379
2479	50	1	379
2491	1	1	376
2529	5	1	373
2530	13	1	376
2537	7	1	372
2546	33	1	379
2553	21	1	373
2563	30	1	370
2566	10	1	378
2568	43	1	371
2589	8	1	372
2595	15	1	372
2627	31	1	376
2700	12	1	379
2706	33	1	379
2718	6	1	379
2722	8	1	376
2748	32	1	379
2762	15	1	372
2787	16	1	373
2795	1	1	376
2799	38	1	379
2815	27	1	371
2849	8	1	378
2871	19	1	379
2873	1	1	378
2875	22	1	379
2905	30	1	374
2993	15	1	370
3039	11	1	376
3091	11	1	378
3168	23	1	379
3187	30	1	372
3194	6	1	379
3250	13	1	379
3252	12	1	379
3261	1	1	378
3315	5	1	372
3397	8	1	378
3480	3	1	370
3494	12	1	372
3519	9	2	372	374
3607	6	1	376
3720	3	1	376
3751	14	1	370
3759	5	1	378
3761	4	1	373
3904	6	1	379
3911	3	1	373
3967	4	1	379
3999	1	1	376
4231	3	1	378
4284	7	1	376
4287	3	1	372
4289	3	1	379
4318	7	1	379
4372	2	1	376
4442	1	1	376
4451	1	1	376
4467	5	1	374
4470	1	1	376
4503	3	1	378
4532	8	1	373
4558	5	1	378
4588	1	1	376
4681	1	1	376
4704	2	1	376
4709	5	1	376
4776	4	1	373
4778	3	1	372
4807	1	1	376
4948	2	1	376
4967	1	1	372
4997	1	1	376
5048	6	1	373
5252	1	1	376
5444	1	1	378
5555	1	1	376
5595	1	1	372
5748	1	1	376
5848	1	1	372
5908	1	1	376
5910	1	1	376
6018	1	1	378
6041	1	1	376
6050	1	1	376
6089	1	1	376
6102	1	1	376
6126	1	1	378
6201	1	1	371
6260	1	1	376
