2	522	2	2035	2037
3	402	2	2033	2036
8	114	2	2037	2038
12	126	1	2035
16	286	1	2035
31	254	1	2035
33	25	1	2033
40	133	1	2033
48	257	1	2035
53	219	1	2036
54	733	2	2037	2038
59	236	1	2038
60	231	1	2037
61	98	2	2037	2038
65	159	2	2037	2038
67	827	2	2033	2035
71	218	2	2035	2038
73	344	3	2035	2037	2038
75	182	1	2033
85	34	1	2038
100	35	1	2035
121	192	1	2035
132	187	1	2033
140	29	1	2035
158	258	1	2037
162	75	1	2037
171	137	1	2033
172	79	1	2035
174	118	1	2033
176	640	1	2038
198	33	2	2037	2038
210	118	1	2037
230	248	1	2033
238	93	1	2035
252	193	1	2035
256	137	1	2033
260	98	1	2035
267	58	1	2035
279	332	2	2037	2038
285	237	1	2033
291	260	1	2035
293	151	1	2035
302	22	1	2035
319	45	1	2033
320	52	1	2035
328	122	1	2035
335	232	1	2035
343	101	1	2035
348	173	1	2033
359	233	2	2037	2038
372	183	1	2033
397	159	2	2037	2038
418	223	2	2037	2038
420	126	2	2037	2038
453	83	1	2035
456	54	1	2035
475	194	1	2033
490	261	1	2035
491	74	1	2037
499	36	1	2033
502	98	1	2035
504	26	1	2033
510	111	1	2033
512	202	1	2033
518	31	1	2035
523	35	1	2033
529	709	1	2035
530	78	2	2033	2037
537	231	1	2033
542	165	1	2035
593	56	1	2037
597	193	1	2035
628	47	1	2035
645	227	2	2033	2035
670	126	1	2038
673	9	1	2033
680	45	1	2037
688	133	1	2033
690	96	1	2035
715	250	2	2033	2036
721	216	1	2035
725	80	1	2038
734	50	1	2033
769	124	1	2035
782	31	1	2035
789	139	1	2037
823	115	2	2037	2038
848	100	1	2033
850	279	1	2035
915	10	1	2033
926	33	1	2033
982	22	1	2035
983	184	1	2035
990	46	1	2037
1005	95	1	2033
1037	44	1	2035
1094	99	1	2035
1111	25	1	2037
1121	109	1	2038
1130	157	1	2035
1151	47	1	2033
1163	10	1	2035
1189	121	1	2035
1207	66	1	2033
1216	108	1	2037
1274	63	1	2035
1303	83	1	2035
1327	34	2	2037	2038
1337	58	1	2037
1350	30	1	2035
1368	147	1	2038
1399	39	1	2038
1419	30	1	2033
1424	57	1	2037
1480	29	1	2035
1515	25	1	2037
1540	32	1	2037
1561	45	1	2033
1571	110	1	2037
1575	53	1	2037
1587	16	1	2033
1653	56	1	2033
1673	6	1	2037
1685	67	1	2037
1705	27	1	2035
1707	22	1	2035
1728	97	1	2033
1753	40	1	2035
1787	24	1	2037
1821	27	1	2035
1836	10	1	2033
1855	122	1	2033
1909	3	1	2037
1916	75	1	2035
1927	56	2	2037	2038
2036	10	1	2036
2037	41	1	2038
2053	37	1	2038
2071	45	1	2038
2101	26	1	2033
2136	12	1	2038
2174	2	1	2037
2188	68	1	2037
2254	18	1	2033
2339	50	1	2038
2409	44	1	2035
2474	57	1	2035
2478	10	1	2035
2557	10	1	2037
2688	29	1	2035
2788	24	1	2033
2980	11	1	2038
2987	10	1	2038
2989	26	1	2037
3020	26	1	2035
3069	15	1	2033
3402	10	1	2033
3430	1	1	2037
3494	12	1	2033
3591	4	1	2035
4105	2	1	2033
4177	7	1	2033
4425	4	1	2033
4443	3	1	2033
4480	1	1	2038
4547	6	1	2033
5080	1	1	2037
6078	1	1	2038
