2	522	2	736	738
3	402	3	732	733	735
9	460	3	732	735	736
10	30	1	731
12	126	2	736	738
14	136	1	731
16	286	1	735
18	318	3	733	736	738
19	91	1	732
20	70	1	731
22	52	1	735
23	134	2	733	735
29	22	2	736	736
32	15	1	732
40	133	2	733	735
42	52	2	732	733
44	85	1	731
48	257	1	733
50	385	1	735
53	219	1	733
54	733	6	731	731	736	737	738	739
59	236	5	731	731	736	738	739
60	231	4	731	731	731	733
63	91	1	732
65	159	1	736
67	827	3	732	733	735
71	218	2	736	738
73	344	1	736
75	182	1	733
77	63	3	731	731	739
79	87	3	731	731	736
80	9	1	731
87	54	1	731
89	39	1	731
103	237	1	735
106	27	1	733
107	71	1	732
108	55	4	731	731	731	732
112	118	1	738
115	225	1	732
121	192	2	736	738
126	41	1	739
127	31	1	733
132	187	1	731
133	113	2	731	733
141	95	3	731	731	731
142	23	1	731
143	116	1	732
145	64	1	731
151	39	1	732
153	49	1	733
156	205	1	736
157	64	2	732	735
158	258	4	731	731	731	737
169	194	2	732	733
174	118	2	732	733
176	640	5	731	731	732	733	738
178	55	1	731
180	221	2	732	736
181	147	2	732	733
190	8	1	733
193	215	3	731	731	736
194	40	1	731
195	21	2	731	731
202	306	1	732
204	244	1	732
215	8	1	731
225	185	3	736	737	738
229	118	1	733
230	248	2	732	735
232	92	1	732
240	128	1	732
241	35	2	732	733
243	42	1	733
246	21	2	731	731
247	233	1	733
248	38	1	736
252	193	2	731	731
254	20	1	731
256	137	1	735
259	28	1	731
260	98	1	735
262	57	2	736	738
263	17	1	735
267	58	1	736
272	63	2	731	731
273	12	1	731
279	332	3	731	731	738
285	237	1	733
286	88	2	731	731
291	260	3	732	736	738
296	135	1	733
298	69	1	733
303	42	1	731
320	52	1	736
321	104	1	736
323	39	1	732
328	122	2	736	738
337	15	1	731
339	70	1	732
341	50	1	738
345	54	1	731
348	173	2	732	733
349	48	2	732	733
353	61	1	735
359	233	1	738
371	26	1	731
372	183	2	732	733
384	205	1	733
386	312	7	731	731	733	735	736	737	738
391	64	1	736
393	119	1	732
397	159	1	737
399	17	1	731
403	54	1	733
409	36	2	733	736
410	48	1	736
418	223	3	731	731	739
420	126	1	737
421	42	1	731
422	36	1	732
426	110	1	731
428	52	1	731
433	45	1	733
435	71	1	735
441	80	1	733
450	166	1	733
451	209	4	731	731	733	738
453	83	1	736
454	79	1	733
458	18	1	735
460	155	1	732
462	26	1	733
467	113	1	738
475	194	1	735
478	16	1	736
480	31	1	736
482	42	1	739
484	23	1	736
490	261	2	736	738
497	106	1	732
502	98	1	733
505	5	1	733
510	111	3	732	733	735
512	202	2	733	735
515	94	1	731
519	77	1	731
522	291	1	733
526	2	1	733
529	709	6	731	732	733	735	736	738
537	231	2	733	735
544	101	1	733
545	70	1	733
547	33	1	732
559	87	1	731
561	130	2	737	739
570	10	1	739
576	117	2	731	731
577	29	1	731
584	69	2	731	731
594	125	2	736	738
595	120	1	732
597	193	1	736
599	69	1	736
606	17	1	736
607	45	1	733
627	148	1	735
632	61	2	731	738
637	17	2	732	738
656	103	2	736	738
663	44	2	731	739
664	91	1	732
668	49	1	732
670	126	2	731	731
675	87	1	735
680	45	1	735
685	28	1	736
688	133	2	731	731
690	96	1	736
695	143	1	732
700	32	1	733
703	75	1	735
704	88	1	731
707	212	2	732	733
708	4	1	731
710	84	1	731
714	205	2	738	739
718	187	1	733
722	15	1	736
727	23	1	736
729	2	1	730
730	17	3	731	731	731
732	45	1	733
738	85	2	731	731
740	85	1	731
749	62	1	732
757	20	1	732
760	41	1	731
764	51	1	737
765	20	1	737
769	124	1	736
770	58	2	731	731
771	101	1	738
772	37	1	731
773	57	1	733
777	114	3	732	733	735
778	47	1	733
785	71	2	733	736
793	36	1	733
794	8	1	732
806	50	1	732
813	39	1	735
814	171	4	731	731	732	738
824	85	1	731
825	90	2	736	738
827	19	1	735
838	18	1	736
840	79	2	731	731
842	137	3	731	731	739
846	96	1	733
848	100	1	733
850	279	3	733	736	738
855	51	1	736
859	26	2	731	731
861	115	1	738
867	120	1	732
870	28	1	731
872	70	1	733
878	39	1	736
897	17	2	736	738
913	13	1	733
919	53	1	731
921	113	2	731	731
934	101	1	733
936	52	1	733
948	190	2	736	738
949	14	1	736
957	75	2	732	733
971	24	2	732	733
975	82	1	738
976	75	1	738
978	41	2	731	731
992	68	1	731
998	101	2	731	731
1002	106	3	731	732	738
1005	95	1	733
1011	60	2	732	733
1012	71	1	731
1013	8	1	731
1034	28	1	736
1036	59	2	731	731
1045	186	2	733	735
1047	144	2	731	731
1052	117	1	731
1055	33	2	731	731
1056	8	1	736
1058	177	2	732	733
1070	77	1	732
1072	36	1	736
1078	65	1	732
1096	95	2	736	736
1100	8	2	731	731
1116	26	1	731
1121	109	1	738
1128	48	1	731
1129	83	1	731
1130	157	3	731	736	738
1131	47	2	736	738
1133	39	1	735
1140	19	1	738
1151	47	1	733
1168	37	1	733
1170	8	1	731
1171	22	1	731
1184	105	1	732
1186	12	1	738
1189	121	1	738
1195	153	2	731	731
1227	42	1	733
1229	58	1	736
1242	42	1	732
1247	39	1	736
1256	59	1	735
1262	38	2	732	738
1264	22	1	733
1274	63	1	733
1277	13	1	733
1278	14	1	733
1280	57	1	732
1284	46	2	736	738
1297	52	2	731	731
1303	83	2	732	736
1307	22	1	735
1313	63	1	735
1323	21	1	732
1326	30	1	732
1336	48	2	731	731
1337	58	1	732
1346	87	1	731
1351	7	1	732
1355	16	1	733
1360	64	2	731	737
1364	54	1	736
1367	21	1	731
1368	147	1	738
1376	162	1	731
1377	13	1	731
1378	114	1	732
1386	24	2	732	733
1389	30	1	731
1399	39	1	731
1406	4	1	731
1415	22	1	731
1419	30	1	733
1424	57	1	739
1433	107	1	738
1460	139	1	733
1464	27	1	736
1468	38	1	731
1480	29	1	736
1493	40	1	733
1510	7	1	731
1512	23	1	731
1521	42	1	733
1524	76	1	731
1526	32	1	739
1534	45	1	733
1538	15	1	733
1549	5	1	731
1565	3	1	736
1571	110	3	731	731	738
1572	57	2	731	731
1579	53	1	731
1580	58	1	733
1589	6	1	733
1603	55	1	731
1620	31	1	732
1636	79	1	733
1644	9	2	731	731
1657	33	1	732
1681	12	1	731
1684	53	1	733
1703	17	1	731
1716	37	1	732
1717	23	1	731
1728	97	1	732
1729	76	1	738
1738	5	1	736
1740	30	2	731	731
1743	55	1	732
1751	26	1	733
1754	77	2	731	731
1764	4	1	732
1784	28	1	731
1800	12	1	736
1801	69	3	731	731	731
1812	39	1	731
1831	89	1	731
1839	29	1	736
1853	37	1	736
1854	32	3	731	731	731
1855	122	2	732	735
1856	15	1	733
1884	164	3	731	731	733
1885	22	1	735
1886	32	1	738
1895	24	1	733
1905	34	1	731
1918	9	1	731
1920	16	1	731
1937	53	1	732
1939	66	1	736
1945	57	1	732
1952	15	1	733
1971	19	1	731
1983	3	1	732
1984	19	1	731
2015	51	2	732	733
2025	16	1	736
2027	12	1	731
2029	10	1	731
2046	105	3	731	731	739
2048	31	1	738
2053	37	2	731	731
2059	270	4	731	731	731	738
2092	49	1	732
2101	26	1	735
2112	35	1	731
2131	44	1	736
2142	4	1	731
2160	82	2	731	738
2163	51	1	731
2165	10	1	733
2190	3	1	739
2212	68	2	730	733
2219	24	2	731	731
2237	21	2	733	735
2242	27	2	736	736
2247	22	1	736
2255	37	1	732
2258	17	1	731
2264	37	1	733
2276	7	1	735
2277	29	1	731
2284	8	1	733
2288	20	1	737
2301	39	2	731	731
2339	50	1	738
2342	13	1	731
2368	50	2	731	731
2375	22	2	736	738
2376	5	1	731
2390	12	1	733
2409	44	1	738
2424	28	1	731
2454	58	1	736
2470	26	1	732
2479	50	1	736
2487	5	1	731
2517	18	1	732
2537	7	1	733
2542	14	1	733
2557	10	1	738
2561	16	2	731	731
2568	43	1	731
2579	9	1	730
2589	8	1	732
2590	5	1	731
2591	3	1	738
2599	27	1	735
2616	6	1	731
2618	21	3	731	731	731
2634	14	1	731
2694	9	1	732
2703	10	1	733
2711	1	1	733
2717	13	1	735
2727	12	1	735
2735	28	1	731
2788	24	2	733	735
2862	35	1	731
2877	3	1	735
2909	5	1	731
2925	23	1	738
2963	9	1	732
2970	4	1	733
2989	26	1	731
2990	19	1	731
3009	26	1	731
3026	2	1	731
3065	12	1	733
3069	15	2	731	733
3088	8	1	733
3129	6	1	731
3132	12	2	731	731
3138	6	1	735
3185	31	1	732
3197	13	1	738
3368	17	1	733
3441	2	1	731
3442	10	1	733
3473	9	1	731
3490	8	1	731
3500	7	1	735
3528	6	2	736	738
3624	6	1	731
3647	10	1	732
3698	4	1	731
3742	2	1	731
3767	4	1	733
3768	3	1	733
3811	2	1	731
3855	6	1	731
3857	10	1	735
3860	2	1	733
3981	6	1	731
4024	20	1	731
4027	1	1	735
4067	4	1	733
4107	2	1	732
4122	1	1	733
4185	3	1	731
4276	8	1	735
4390	4	1	736
4463	2	1	731
4551	1	1	733
4613	3	1	736
4616	3	1	735
4713	9	1	731
4757	1	1	731
4877	1	1	733
4968	2	1	731
4972	3	1	731
4987	4	1	731
5133	2	1	735
5151	1	1	732
5535	1	1	736
5538	1	1	733
5663	1	1	737
5733	1	1	731
5784	1	1	732
5806	1	1	731
5940	1	1	732
6220	1	1	733
