2	522	3	1310	1316	1317
3	402	2	1313	1318
8	114	1	1310
9	460	3	1310	1316	1317
12	126	1	1316
14	136	1	1315
16	286	1	1316
18	318	1	1317
40	133	1	1318
42	52	1	1313
46	63	1	1316
48	257	1	1316
50	385	2	1313	1316
53	219	1	1313
54	733	4	1310	1312	1315	1317
59	236	1	1317
61	98	1	1310
63	91	1	1313
65	159	1	1310
67	827	3	1313	1316	1318
71	218	1	1316
73	344	3	1310	1316	1317
75	182	1	1318
79	87	1	1312
107	71	1	1313
131	90	1	1313
135	70	1	1315
143	116	1	1313
156	205	1	1317
162	75	1	1310
167	516	1	1316
176	640	1	1310
180	221	2	1310	1317
181	147	1	1313
189	121	1	1313
198	33	1	1310
204	244	1	1313
210	118	1	1310
213	56	1	1310
230	248	2	1313	1318
256	137	1	1318
279	332	1	1310
283	25	1	1317
291	260	3	1313	1317	1318
320	52	1	1317
321	104	1	1310
328	122	1	1317
330	26	1	1317
332	31	1	1310
343	101	1	1316
359	233	1	1310
372	183	2	1313	1318
382	34	1	1313
391	64	1	1316
393	119	1	1313
397	159	1	1310
418	223	1	1312
420	126	1	1310
441	80	1	1313
453	83	2	1316	1317
454	79	1	1313
475	194	1	1313
488	47	1	1317
490	261	1	1317
499	36	1	1318
515	94	1	1310
522	291	1	1313
529	709	3	1313	1316	1317
542	165	1	1316
546	39	1	1313
576	117	1	1312
594	125	1	1317
602	37	1	1317
606	17	1	1317
627	148	1	1316
629	76	2	1316	1317
645	227	1	1316
647	29	1	1313
655	50	1	1316
675	87	1	1318
710	84	1	1317
738	85	1	1317
740	85	1	1318
770	58	1	1312
771	101	1	1310
772	37	1	1312
777	114	1	1318
785	71	1	1310
786	56	1	1316
790	49	1	1313
801	104	1	1317
813	39	1	1313
814	171	1	1317
820	36	1	1318
824	85	1	1316
825	90	1	1317
840	79	1	1312
842	137	1	1317
850	279	2	1316	1317
867	120	1	1316
935	17	1	1310
941	145	1	1316
944	54	1	1313
948	190	2	1310	1316
957	75	1	1313
975	82	1	1310
976	75	1	1316
1005	95	1	1318
1022	48	1	1316
1039	5	1	1313
1045	186	1	1318
1047	144	1	1317
1058	177	1	1318
1067	11	1	1313
1070	77	1	1313
1072	36	1	1317
1108	92	1	1316
1121	109	1	1310
1124	70	1	1313
1140	19	1	1310
1149	42	1	1316
1158	20	1	1317
1183	25	1	1318
1189	121	1	1317
1195	153	2	1312	1317
1207	66	1	1313
1247	39	1	1310
1256	59	1	1315
1260	12	1	1316
1280	57	1	1313
1284	46	1	1317
1303	83	1	1316
1313	63	1	1313
1316	14	1	1317
1335	20	1	1316
1348	19	1	1318
1368	147	1	1310
1376	162	1	1312
1378	114	1	1317
1380	6	1	1310
1388	8	1	1317
1417	41	1	1313
1452	25	1	1316
1480	29	1	1317
1483	15	1	1310
1505	30	1	1318
1535	3	1	1317
1541	26	1	1318
1578	24	1	1317
1579	53	1	1315
1580	58	1	1313
1631	8	1	1312
1635	19	1	1318
1655	14	1	1313
1684	53	1	1318
1685	67	1	1317
1717	23	1	1312
1726	27	1	1312
1800	12	1	1317
1811	21	1	1318
1831	89	1	1312
1834	3	1	1317
1853	37	1	1313
1855	122	1	1318
1862	28	1	1317
1890	26	1	1318
1939	66	1	1317
1945	57	1	1313
2044	29	1	1316
2058	37	1	1310
2075	48	1	1313
2092	49	1	1313
2103	16	1	1316
2131	44	1	1310
2135	17	1	1316
2188	68	1	1310
2225	19	1	1313
2296	30	1	1316
2414	7	1	1313
2454	58	1	1313
2603	1	1	1313
2654	17	1	1310
2674	10	1	1318
2693	25	1	1316
2845	25	1	1316
2883	23	1	1313
3138	6	1	1318
3185	31	1	1313
3344	7	1	1318
3422	2	1	1317
3468	5	1	1318
3695	1	1	1313
4230	4	1	1313
4585	2	1	1310
4613	3	1	1317
4614	3	1	1313
4617	3	1	1313
5329	3	1	1312
5352	1	1	1313
5405	3	1	1313
5532	2	1	1313
5804	2	1	1313
6183	1	1	1318
6249	1	1	1316
