2	522	3	1140	1147	1148
9	460	1	1148
16	286	1	1145
31	254	2	1145	1147
37	139	1	1147
49	124	2	1145	1147
52	57	1	1145
54	733	4	1140	1145	1147	1148
59	236	2	1140	1142
66	71	1	1145
67	827	3	1142	1145	1147
69	271	3	1142	1145	1147
73	344	1	1148
85	34	1	1142
112	118	1	1148
121	192	3	1140	1147	1148
137	73	1	1147
158	258	1	1140
167	516	3	1142	1145	1147
176	640	2	1142	1145
183	160	1	1142
193	215	1	1140
200	79	1	1145
202	306	3	1142	1145	1147
204	244	3	1142	1145	1147
205	241	3	1142	1145	1147
207	14	1	1142
210	118	1	1148
213	56	1	1140
218	84	1	1142
219	42	1	1146
229	118	1	1142
247	233	1	1145
258	112	1	1140
279	332	2	1140	1148
286	88	1	1147
291	260	1	1148
293	151	1	1147
306	128	1	1147
321	104	1	1148
333	32	1	1140
335	232	2	1145	1147
359	233	2	1140	1148
370	13	1	1142
386	312	1	1148
397	159	1	1148
402	165	1	1142
412	82	1	1140
424	83	1	1145
432	56	1	1147
435	71	1	1147
436	24	1	1147
451	209	1	1142
460	155	2	1142	1147
467	113	1	1148
472	21	1	1140
475	194	1	1142
512	202	3	1142	1145	1147
520	80	1	1142
528	45	1	1147
529	709	3	1142	1145	1147
530	78	1	1140
533	26	1	1147
537	231	1	1142
542	165	2	1142	1147
543	12	1	1142
544	101	2	1145	1147
561	130	1	1148
574	51	1	1142
596	61	1	1147
615	9	1	1147
627	148	1	1147
641	56	1	1142
680	45	1	1140
692	70	1	1145
695	143	1	1142
701	107	2	1145	1147
718	187	1	1142
721	216	1	1147
740	85	1	1147
752	214	2	1145	1147
785	71	1	1148
807	4	1	1142
823	115	1	1140
827	19	1	1147
844	317	1	1142
861	115	1	1140
864	50	2	1145	1147
873	3	1	1147
885	43	1	1147
905	125	1	1145
919	53	1	1140
927	42	1	1148
940	14	1	1147
948	190	2	1140	1147
986	108	2	1145	1147
1000	66	1	1147
1041	49	1	1148
1045	186	1	1145
1087	58	1	1147
1121	109	1	1140
1123	25	1	1147
1130	157	1	1148
1136	55	1	1147
1140	19	1	1140
1164	8	1	1145
1179	54	2	1145	1147
1188	36	1	1147
1189	121	1	1148
1191	2	1	1147
1195	153	1	1140
1233	59	2	1145	1147
1252	88	2	1142	1147
1274	63	1	1145
1297	52	1	1147
1310	34	1	1140
1321	63	1	1142
1365	53	1	1147
1368	147	1	1140
1371	12	1	1142
1374	51	1	1142
1400	19	1	1145
1411	31	2	1142	1146
1414	282	3	1142	1145	1147
1476	39	1	1142
1477	39	1	1147
1516	20	1	1148
1527	51	1	1147
1572	57	1	1140
1657	33	1	1147
1707	22	1	1142
1729	76	1	1148
1762	57	1	1147
1801	69	1	1148
1821	27	1	1145
1846	48	1	1145
1927	56	1	1140
1932	4	1	1147
1937	53	1	1146
1970	12	1	1145
2000	13	1	1142
2037	41	1	1148
2059	270	2	1140	1147
2071	45	1	1142
2082	26	1	1145
2101	26	1	1147
2128	52	1	1145
2160	82	1	1140
2302	55	2	1145	1147
2455	8	1	1147
2469	45	1	1145
2473	14	1	1142
2525	18	1	1142
2618	21	1	1142
2652	1	1	1142
2671	17	1	1147
2709	20	1	1147
2713	11	2	1145	1147
2772	29	1	1142
2793	27	1	1147
2808	27	1	1145
2905	30	1	1147
2924	10	1	1147
2951	1	1	1147
2959	29	1	1147
2976	16	1	1147
3074	8	1	1148
3089	6	1	1145
3124	11	1	1142
3251	1	1	1142
3295	11	1	1147
3343	1	1	1142
3609	1	1	1147
3622	1	1	1147
3688	3	1	1147
3762	6	1	1140
3917	2	1	1145
4050	7	1	1147
4124	1	1	1140
4302	1	1	1147
4365	1	1	1147
4580	1	1	1147
5137	2	1	1142
5212	1	1	1147
5253	1	1	1147
5294	1	1	1147
5328	1	1	1147
5486	1	1	1147
5497	1	1	1147
5537	1	1	1147
5780	2	1	1147
5842	1	1	1142
6058	1	1	1147
6061	1	1	1147
6122	1	1	1147
6232	1	1	1147
