2	522	1	1211
3	402	2	1213	1219
5	41	1	1211
8	114	1	1217
9	460	3	1214	1217	1219
14	136	1	1219
18	318	1	1211
22	52	1	1214
23	134	1	1214
31	254	1	1210
48	257	1	1211
49	124	1	1210
50	385	2	1210	1211
52	57	1	1213
53	219	3	1213	1214	1219
54	733	5	1210	1211	1211	1212	1217
55	104	1	1210
60	231	2	1211	1212
63	91	2	1213	1219
67	827	3	1210	1213	1219
69	271	4	1210	1213	1214	1219
71	218	1	1217
73	344	2	1211	1217
75	182	2	1213	1219
83	18	1	1217
87	54	1	1211
94	240	2	1213	1214
95	15	1	1210
96	113	1	1210
103	237	2	1211	1214
107	71	1	1219
112	118	1	1211
115	225	2	1214	1219
118	60	1	1214
121	192	1	1211
122	100	1	1214
123	59	1	1210
131	90	2	1214	1219
132	187	1	1214
133	113	2	1211	1212
143	116	1	1219
144	23	1	1213
156	205	2	1210	1211
158	258	1	1212
162	75	1	1217
167	516	3	1210	1213	1214
169	194	2	1210	1213
176	640	4	1210	1211	1213	1214
187	25	1	1212
189	121	1	1219
193	215	1	1217
202	306	1	1214
204	244	2	1214	1219
205	241	2	1213	1214
225	185	1	1211
230	248	2	1213	1219
238	93	1	1211
240	128	2	1213	1219
251	11	1	1210
252	193	1	1214
260	98	1	1214
261	105	1	1213
262	57	1	1211
264	224	2	1213	1214
267	58	1	1214
277	37	1	1210
279	332	2	1211	1217
284	18	1	1214
285	237	1	1214
291	260	1	1211
294	72	1	1213
296	135	2	1213	1219
306	128	1	1210
318	211	3	1213	1214	1219
319	45	1	1213
325	7	1	1214
328	122	1	1211
335	232	1	1210
348	173	1	1213
359	233	1	1211
364	15	1	1219
374	249	1	1210
381	88	1	1214
382	34	1	1219
384	205	2	1210	1213
388	35	1	1214
393	119	2	1213	1219
402	165	1	1210
405	58	1	1214
418	223	1	1211
420	126	3	1211	1211	1217
421	42	1	1211
424	83	1	1210
430	13	1	1219
436	24	1	1219
437	26	1	1210
441	80	1	1219
450	166	1	1213
451	209	1	1211
454	79	2	1213	1219
467	113	1	1211
475	194	1	1214
480	31	1	1211
490	261	2	1210	1211
492	134	1	1214
494	29	1	1217
515	94	2	1211	1212
516	36	1	1219
519	77	1	1211
520	80	1	1214
522	291	1	1214
524	56	1	1214
529	709	4	1210	1213	1214	1219
539	55	1	1214
555	72	1	1210
556	69	1	1210
557	69	1	1210
559	87	1	1212
612	55	1	1211
632	61	1	1211
641	56	1	1214
688	133	1	1210
694	90	1	1214
697	100	1	1214
698	8	1	1219
701	107	1	1214
705	8	1	1212
707	212	2	1213	1214
710	84	1	1217
715	250	2	1210	1214
718	187	1	1214
721	216	1	1210
723	46	1	1210
725	80	1	1211
749	62	1	1213
751	166	1	1210
752	214	2	1213	1214
770	58	1	1212
777	114	1	1219
789	139	2	1211	1211
800	36	1	1210
804	49	1	1210
805	16	1	1210
814	171	1	1214
823	115	1	1217
840	79	1	1211
842	137	1	1211
843	51	1	1219
844	317	3	1213	1214	1219
850	279	1	1211
861	115	1	1211
863	27	1	1210
884	150	1	1210
891	23	1	1211
895	57	1	1210
896	16	1	1219
899	65	1	1214
912	41	1	1219
920	47	1	1214
921	113	1	1212
925	46	1	1211
927	42	2	1211	1211
934	101	1	1214
956	60	1	1210
1011	60	1	1214
1012	71	1	1212
1038	15	1	1214
1041	49	1	1210
1047	144	1	1211
1058	177	2	1213	1219
1063	30	1	1214
1065	54	1	1211
1070	77	1	1213
1075	120	1	1213
1078	65	1	1214
1082	34	1	1217
1096	95	1	1211
1097	5	1	1212
1103	34	1	1211
1112	3	1	1214
1129	83	1	1212
1130	157	2	1210	1211
1145	16	1	1214
1151	47	1	1213
1184	105	1	1219
1187	18	1	1211
1189	121	1	1211
1197	24	1	1213
1209	24	1	1210
1216	108	1	1217
1218	14	1	1214
1221	7	1	1210
1232	48	1	1211
1242	42	1	1214
1282	51	1	1213
1287	72	1	1214
1296	12	1	1214
1313	63	2	1213	1219
1344	47	1	1214
1346	87	1	1217
1376	162	1	1212
1403	10	1	1214
1409	15	1	1210
1414	282	1	1210
1453	38	1	1214
1500	52	1	1214
1520	35	1	1211
1524	76	1	1212
1537	7	1	1219
1549	5	1	1211
1567	41	1	1214
1573	59	1	1217
1575	53	1	1211
1582	74	1	1214
1609	22	1	1212
1627	26	1	1212
1629	73	2	1213	1214
1636	79	1	1210
1662	47	1	1214
1716	37	1	1219
1719	42	1	1214
1736	69	1	1214
1782	26	1	1212
1790	9	1	1210
1797	64	1	1212
1813	19	1	1211
1853	37	1	1213
1865	16	1	1211
1879	44	1	1214
1945	57	1	1213
1956	23	1	1211
1993	45	1	1211
2048	31	1	1211
2059	270	2	1213	1219
2092	49	1	1219
2097	35	1	1219
2108	52	1	1211
2128	52	1	1210
2165	10	1	1213
2375	22	1	1210
2381	49	1	1210
2393	10	1	1210
2407	8	1	1214
2449	23	1	1213
2450	6	1	1217
2472	12	1	1211
2474	57	1	1210
2588	7	1	1211
2601	12	1	1212
2682	1	1	1210
2729	23	1	1210
2735	28	1	1211
2736	4	1	1214
2752	18	1	1214
2770	7	1	1219
2778	2	1	1219
2863	12	1	1210
2880	5	1	1219
3020	26	1	1210
3234	2	1	1211
3276	20	1	1210
3408	5	1	1214
3475	2	1	1219
3564	2	1	1213
3758	4	1	1210
3992	6	1	1211
4098	15	1	1214
4405	5	1	1212
4457	10	1	1211
4933	5	1	1214
