3	402	2	910	913
6	30	1	910
7	14	1	910
9	460	2	911	913
16	286	2	911	913
18	318	1	913
19	91	1	910
23	134	1	910
31	254	2	910	911
40	133	1	913
41	71	1	913
44	85	1	917
48	257	1	911
49	124	1	910
50	385	2	911	913
52	57	1	910
53	219	1	910
54	733	4	910	911	917	919
60	231	2	910	913
61	98	1	919
62	89	1	911
66	71	1	910
67	827	4	910	910	911	913
69	271	1	910
74	65	1	911
96	113	1	911
103	237	1	910
106	27	1	910
115	225	1	913
119	32	1	910
131	90	1	910
134	18	1	913
145	64	1	919
156	205	1	911
158	258	2	917	919
167	516	2	910	911
169	194	1	910
171	137	1	913
176	640	1	910
179	121	1	910
191	49	1	913
193	215	2	911	919
196	93	1	913
202	306	1	910
205	241	1	910
210	118	1	919
225	185	1	919
229	118	1	911
230	248	2	910	913
232	92	1	910
236	95	1	911
240	128	1	910
247	233	1	910
252	193	2	910	919
256	137	2	910	913
258	112	1	919
264	224	1	913
276	69	1	919
279	332	2	913	919
285	237	1	910
291	260	1	913
296	135	1	910
306	128	1	911
311	42	1	910
326	12	1	910
335	232	1	910
348	173	1	910
369	21	1	910
374	249	1	911
384	205	1	913
386	312	2	913	919
395	34	1	910
402	165	1	911
405	58	1	910
418	223	1	917
420	126	1	919
424	83	1	910
450	166	1	910
451	209	2	910	919
466	47	1	919
471	59	1	919
475	194	1	913
482	42	1	919
491	74	1	919
508	72	1	910
512	202	1	913
514	27	1	913
516	36	1	913
522	291	2	910	913
529	709	3	910	911	913
530	78	1	919
534	102	1	911
537	231	3	910	911	913
542	165	1	911
544	101	1	910
561	130	1	917
567	59	1	910
570	10	1	917
575	37	1	910
576	117	1	917
584	69	1	919
597	193	1	911
616	40	1	910
627	148	1	911
628	47	1	911
635	84	1	919
645	227	1	911
657	49	1	910
664	91	1	911
668	49	1	910
670	126	1	919
675	87	1	913
680	45	1	919
683	7	1	910
688	133	1	919
699	43	1	910
703	75	1	913
707	212	1	913
721	216	2	910	911
733	173	1	913
740	85	2	910	910
747	93	1	911
752	214	1	910
753	47	1	910
757	20	1	910
764	51	1	919
766	132	1	911
777	114	1	913
806	50	1	910
816	37	1	913
842	137	1	917
843	51	1	910
848	100	1	913
850	279	1	919
852	37	1	910
861	115	1	919
885	43	1	910
893	12	1	910
909	31	1	910
914	3	1	910
916	45	1	917
918	3	1	919
934	101	1	910
941	145	2	910	911
945	49	1	913
947	56	2	910	913
950	15	1	911
961	65	1	910
983	184	1	911
984	18	1	910
986	108	1	910
990	46	1	910
992	68	2	910	919
1001	73	1	911
1005	95	1	913
1031	32	1	910
1036	59	1	919
1045	186	1	913
1070	77	1	910
1091	16	1	910
1124	70	1	910
1129	83	1	911
1133	39	1	913
1136	55	1	910
1147	23	1	910
1171	22	1	919
1172	21	1	910
1174	4	1	910
1179	54	1	910
1190	29	1	910
1194	52	1	910
1207	66	1	913
1233	59	1	910
1242	42	1	910
1247	39	1	919
1252	88	1	910
1269	41	1	910
1282	51	1	910
1287	72	1	910
1303	83	1	911
1313	63	1	910
1321	63	1	910
1346	87	1	919
1347	18	1	910
1348	19	1	910
1360	64	1	919
1365	53	1	910
1414	282	1	910
1424	57	3	913	917	919
1426	44	1	910
1428	10	1	910
1433	107	1	910
1436	30	1	913
1437	4	1	919
1474	36	2	910	910
1475	69	1	910
1479	5	1	910
1481	10	1	910
1493	40	1	910
1515	25	1	919
1526	32	1	917
1537	7	1	910
1554	8	1	919
1571	110	1	919
1643	24	1	919
1653	56	1	910
1664	37	1	913
1684	53	1	913
1776	59	1	919
1796	48	1	910
1808	47	1	913
1855	122	1	913
1875	10	1	910
1890	26	1	913
1916	75	1	910
1937	53	1	910
1975	3	1	913
2015	51	2	910	913
2063	31	1	911
2082	26	1	910
2112	35	1	910
2128	52	1	910
2149	29	1	919
2160	82	1	917
2169	8	1	911
2172	26	1	919
2179	20	1	917
2214	1	1	913
2230	13	1	910
2237	21	1	913
2326	33	1	910
2339	50	1	917
2352	19	1	911
2353	40	2	917	919
2434	3	1	913
2482	5	1	910
2501	3	1	910
2533	14	1	913
2599	27	1	913
2717	13	1	913
2726	3	1	911
2740	16	1	910
2815	27	1	917
2828	11	1	910
2838	3	1	911
2860	3	1	910
2869	10	1	911
2950	26	1	911
2969	4	1	911
2993	15	1	910
3192	12	1	910
3219	6	1	917
3402	10	1	910
3468	5	1	910
3627	2	1	910
3654	17	1	910
3688	3	1	910
3691	19	1	910
3924	7	1	910
4545	4	1	910
4609	5	1	910
5152	4	1	910
5163	2	1	913
5684	1	1	910
