2	522	2	812	813
3	402	3	810	818	819
9	460	6	810	812	813	815	818	819
14	136	1	814
16	286	2	815	818
18	318	1	812
19	91	1	818
20	70	1	814
22	52	1	813
23	134	1	813
31	254	1	815
33	25	1	818
44	85	1	812
49	124	1	815
50	385	1	818
53	219	2	810	819
54	733	3	812	814	815
55	104	2	815	819
59	236	1	814
60	231	1	814
63	91	1	819
67	827	3	815	818	819
69	271	2	810	813
73	344	1	812
75	182	1	819
77	63	1	814
79	87	1	814
89	39	1	814
94	240	3	810	813	819
103	237	2	810	812
107	71	1	819
108	55	1	814
112	118	1	812
115	225	3	810	813	818
118	60	1	813
121	192	1	812
122	100	1	813
126	41	1	814
131	90	1	815
137	73	1	815
143	116	1	810
151	39	1	818
158	258	1	814
167	516	3	813	815	819
169	194	1	819
170	37	1	819
171	137	1	810
174	118	1	818
176	640	2	810	813
178	55	1	814
181	147	1	810
183	160	2	810	813
193	215	1	814
200	79	1	815
202	306	2	813	819
203	36	1	810
204	244	3	810	813	815
205	241	3	810	813	818
230	248	2	810	818
232	92	1	818
240	128	1	819
241	35	1	818
247	233	1	818
252	193	1	814
256	137	1	818
260	98	2	813	818
261	105	2	810	819
264	224	3	810	813	819
272	63	1	814
279	332	3	812	814	818
281	15	1	814
285	237	2	810	813
286	88	1	813
289	18	1	818
293	151	1	815
294	72	1	819
296	135	1	810
298	69	1	815
303	42	1	814
311	42	1	814
315	40	1	819
318	211	2	813	819
326	12	1	819
332	31	1	814
335	232	1	815
348	173	3	810	818	819
355	9	1	812
372	183	1	818
381	88	1	813
384	205	1	815
393	119	1	819
395	34	1	818
397	159	1	812
402	165	1	815
405	58	1	813
418	223	1	814
421	42	1	814
426	110	1	814
428	52	1	814
432	56	1	812
435	71	1	813
436	24	1	813
442	25	1	818
444	28	1	813
448	41	2	818	819
450	166	3	810	818	819
451	209	1	810
457	1	1	815
460	155	1	812
468	70	1	819
472	21	1	815
475	194	2	810	818
479	38	1	815
491	74	1	812
493	75	2	810	819
497	106	1	818
512	202	1	810
515	94	1	814
516	36	1	819
522	291	3	810	813	819
524	56	1	813
529	709	5	810	813	814	815	819
534	102	1	815
537	231	2	815	818
539	55	1	813
542	165	2	813	815
545	70	2	818	819
546	39	2	810	819
556	69	1	815
557	69	1	815
558	64	1	810
561	130	1	815
576	117	1	814
577	29	1	814
580	36	2	810	819
584	69	1	814
595	120	2	818	819
626	28	1	818
627	148	1	815
641	56	1	813
643	68	1	810
647	29	1	819
652	57	1	819
664	91	1	819
668	49	1	810
675	87	1	818
678	28	1	818
688	133	1	814
694	90	1	810
695	143	1	819
697	100	1	813
699	43	1	819
701	107	1	813
707	212	2	813	819
715	250	5	810	813	815	818	819
718	187	2	813	815
721	216	1	813
728	31	1	812
738	85	1	812
749	62	2	810	818
751	166	1	815
752	214	2	810	813
766	132	1	819
769	124	1	812
773	57	2	810	818
777	114	1	818
806	50	1	819
811	2	1	812
814	171	1	815
816	37	1	818
824	85	1	814
825	90	1	812
829	34	1	815
840	79	1	814
842	137	1	814
844	317	3	810	813	819
850	279	1	812
870	28	1	814
872	70	1	815
875	11	1	815
878	39	1	819
879	19	1	814
884	150	1	812
899	65	1	813
900	67	1	815
907	12	1	818
920	47	1	813
933	25	1	813
934	101	2	810	818
942	92	1	810
959	20	1	813
992	68	1	814
993	36	1	819
998	101	2	814	818
1001	73	1	819
1005	95	1	818
1011	60	1	818
1018	42	1	815
1028	90	1	815
1036	59	1	814
1045	186	1	818
1047	144	1	814
1052	117	2	813	814
1058	177	2	818	819
1063	30	2	810	813
1074	38	1	815
1075	120	2	810	819
1087	58	1	810
1089	9	1	814
1094	99	1	815
1096	95	1	812
1101	36	1	815
1130	157	1	812
1136	55	1	815
1144	8	1	814
1151	47	1	810
1159	31	1	818
1166	30	1	815
1176	64	1	813
1179	54	1	815
1183	25	1	818
1184	105	1	810
1188	36	1	813
1195	153	2	813	814
1230	15	1	818
1242	42	2	810	819
1243	44	1	814
1245	18	1	818
1284	46	1	818
1293	32	1	814
1297	52	1	814
1300	40	1	810
1313	63	1	813
1322	36	1	813
1327	34	1	812
1335	20	1	812
1336	48	1	814
1340	7	1	814
1344	47	1	813
1346	87	1	814
1376	162	1	814
1389	30	1	814
1410	41	1	813
1414	282	2	812	813
1460	139	1	818
1464	27	1	812
1475	69	1	815
1481	10	1	818
1505	30	1	818
1527	51	1	813
1534	45	1	818
1541	26	1	819
1563	11	1	818
1569	28	1	815
1577	14	1	812
1603	55	1	814
1629	73	1	810
1641	5	1	810
1657	33	1	813
1662	47	1	813
1664	37	1	818
1679	15	1	813
1684	53	2	813	818
1719	42	1	813
1736	69	1	813
1753	40	1	815
1765	39	1	815
1784	28	1	814
1825	5	1	810
1833	40	2	810	813
1855	122	1	818
1879	44	1	814
1884	164	4	813	814	815	818
1885	22	1	818
1890	26	1	818
1915	1	1	814
1925	40	1	813
1927	56	1	814
1937	53	1	815
1965	17	1	818
1971	19	1	814
2048	31	1	812
2059	270	3	814	815	819
2075	48	1	818
2105	16	1	810
2120	24	1	814
2124	6	1	818
2154	29	1	814
2194	23	1	813
2231	62	1	814
2255	37	1	818
2264	37	1	815
2302	55	1	813
2315	28	1	819
2325	8	1	814
2357	9	1	814
2360	7	1	814
2375	22	1	814
2423	3	1	815
2449	23	1	819
2454	58	2	813	815
2469	45	1	810
2512	8	1	810
2530	13	1	815
2580	1	1	819
2664	13	1	819
2705	4	1	814
2710	3	1	813
2722	8	1	819
2739	11	1	813
2749	26	1	814
2811	10	1	813
2830	4	1	813
2864	30	1	810
2926	16	1	815
2950	26	1	810
2972	14	1	813
2992	4	1	815
3009	26	1	814
3073	8	1	814
3170	2	1	819
3185	31	1	818
3209	1	1	812
3347	6	1	819
3349	16	1	814
3403	5	1	818
3419	11	1	810
3553	2	1	810
3580	11	1	813
3607	6	1	810
3616	2	1	819
3712	8	1	810
3719	10	1	819
3756	6	1	815
3799	8	1	813
3857	10	1	818
3859	2	1	815
3933	1	1	813
3956	3	1	814
4029	5	1	819
4276	8	1	813
4373	2	1	818
4388	3	1	813
4528	2	1	813
4571	3	1	814
4892	3	1	814
4917	2	1	812
4993	1	1	810
5113	3	1	819
5172	4	1	819
5218	1	1	814
5255	1	1	819
5584	1	1	814
5650	1	1	818
6086	1	1	818
