2	522	2	502	502
3	402	1	507
8	114	1	502
9	460	2	502	507
12	126	1	502
16	286	1	507
18	318	2	502	502
19	91	1	509
23	134	2	503	507
31	254	1	501
40	133	2	505	507
41	71	1	505
42	52	1	507
48	257	2	503	505
50	385	4	502	503	507	509
52	57	1	509
53	219	1	505
54	733	2	502	502
59	236	1	502
67	827	3	503	505	507
69	271	1	509
71	218	2	502	502
73	344	2	502	502
75	182	1	503
81	18	1	501
93	42	1	505
94	240	1	505
103	237	2	501	507
112	118	2	501	502
115	225	1	509
120	19	1	507
126	41	1	502
131	90	1	503
132	187	1	509
133	113	2	502	502
147	56	1	509
153	49	1	505
156	205	1	501
167	516	1	501
169	194	1	501
171	137	1	507
174	118	3	503	505	507
176	640	3	502	505	509
179	121	1	501
180	221	2	502	502
183	160	1	509
184	42	1	501
196	93	1	509
197	42	1	509
198	33	1	502
200	79	1	509
202	306	2	501	509
205	241	1	509
210	118	1	502
225	185	1	501
230	248	2	505	507
244	18	1	503
247	233	2	501	503
256	137	3	503	505	507
258	112	1	502
280	61	1	502
285	237	1	509
291	260	1	505
293	151	1	501
296	135	1	505
314	31	1	505
315	40	1	505
320	52	1	502
321	104	1	501
328	122	1	502
335	232	1	501
359	233	2	501	502
367	17	1	502
372	183	2	503	505
373	88	1	502
383	13	2	502	502
384	205	1	503
386	312	3	502	503	509
389	5	1	505
395	34	1	505
397	159	1	502
401	34	1	501
416	106	2	501	503
433	45	1	509
450	166	1	505
451	209	1	509
458	18	1	507
460	155	2	502	507
465	79	1	507
475	194	2	505	507
479	38	1	501
490	261	1	502
492	134	1	509
497	106	1	505
500	15	1	501
502	98	1	503
504	26	1	505
508	72	1	509
510	111	2	503	505
519	77	1	503
520	80	1	509
529	709	3	501	502	507
537	231	2	505	507
539	55	1	509
544	101	2	501	505
566	6	1	507
568	25	1	502
580	36	1	509
586	93	1	501
593	56	1	502
595	120	1	505
615	9	1	501
627	148	1	501
632	61	1	502
634	18	2	501	509
651	41	1	501
655	50	1	502
656	103	1	502
666	34	1	501
675	87	1	507
688	133	1	501
690	96	1	501
694	90	1	501
695	143	1	509
697	100	1	509
699	43	2	501	509
701	107	1	501
703	75	1	507
707	212	1	503
714	205	1	501
715	250	1	501
718	187	1	509
752	214	2	501	509
753	47	1	505
766	132	1	501
769	124	1	502
773	57	1	509
777	114	1	507
778	47	2	505	507
785	71	1	502
788	4	1	507
790	49	1	507
793	36	1	509
813	39	1	507
814	171	1	502
818	40	1	503
836	27	1	503
838	18	1	501
840	79	1	502
844	317	1	509
846	96	2	503	509
848	100	1	505
850	279	1	509
859	26	1	502
868	8	1	505
884	150	1	501
886	4	1	501
894	39	2	503	505
903	77	1	501
905	125	1	509
909	31	1	501
916	45	1	502
932	22	1	507
934	101	1	509
945	49	1	507
947	56	1	501
956	60	1	501
975	82	1	502
983	184	1	509
986	108	1	501
990	46	2	502	502
1002	106	1	502
1012	71	1	502
1024	32	1	501
1031	32	1	509
1040	26	1	502
1042	16	1	505
1045	186	2	505	507
1058	177	1	503
1067	11	1	507
1078	65	1	503
1080	23	1	503
1082	34	1	502
1103	34	1	502
1121	109	1	502
1122	40	1	509
1131	47	1	502
1133	39	1	507
1176	64	1	509
1179	54	1	501
1183	25	1	503
1189	121	1	502
1207	66	1	505
1216	108	2	502	502
1224	81	1	509
1227	42	2	505	507
1246	6	1	501
1252	88	2	501	509
1256	59	1	507
1276	3	1	505
1277	13	1	505
1284	46	1	502
1321	63	1	509
1327	34	1	502
1346	87	1	502
1355	16	1	505
1360	64	1	502
1365	53	1	501
1410	41	1	509
1414	282	1	501
1417	41	1	502
1420	51	1	502
1424	57	1	502
1433	107	1	502
1456	19	1	502
1463	29	1	505
1466	19	1	501
1481	10	1	507
1483	15	1	502
1500	52	1	501
1502	11	1	503
1507	33	1	501
1515	25	1	502
1519	120	2	502	502
1520	35	2	502	502
1524	76	1	503
1530	15	1	507
1552	27	1	501
1561	45	1	503
1567	41	1	501
1572	57	2	502	502
1573	59	1	502
1585	7	1	507
1645	4	1	501
1651	22	1	502
1659	2	1	507
1683	13	1	502
1701	42	2	502	502
1714	35	1	501
1754	77	1	502
1765	39	1	501
1808	47	2	507	509
1838	5	1	501
1855	122	1	507
1884	164	1	502
1890	26	1	507
1952	15	1	503
2059	270	1	502
2071	45	2	502	507
2080	7	2	502	502
2098	14	1	509
2103	16	1	502
2131	44	1	502
2135	17	1	502
2139	15	1	507
2160	82	1	507
2179	20	1	502
2188	68	2	502	502
2212	68	1	502
2268	4	1	507
2312	13	1	505
2339	50	1	501
2438	14	1	505
2465	1	1	502
2525	18	1	509
2527	28	1	505
2542	14	1	505
2574	5	1	505
2599	27	1	507
2637	4	2	502	502
2675	17	1	505
2709	20	1	507
2717	13	1	507
2872	13	1	505
2905	30	1	501
2920	15	1	509
2952	4	1	502
3182	5	1	505
3189	12	1	509
3192	12	1	501
3197	13	1	502
3323	38	1	509
3442	10	1	503
3452	1	1	502
3489	2	1	505
3522	1	1	502
3566	4	1	505
3620	2	1	509
3654	17	1	507
3756	6	1	507
3769	19	1	505
3778	10	1	505
3884	9	1	502
3943	7	1	505
3984	1	1	509
4037	12	1	507
4045	2	1	502
4276	8	1	507
4491	1	1	503
4671	3	1	502
4885	2	2	502	502
4916	2	1	502
5296	1	1	505
5368	1	1	501
5433	1	1	503
5436	3	1	501
5489	3	1	502
5883	1	1	509
5885	1	1	501
