2	522	2	884	885
3	402	4	882	885	888	889
9	460	2	884	889
16	286	1	884
17	35	1	884
18	318	1	884
19	91	1	888
23	134	1	888
26	18	1	888
31	254	1	884
40	133	1	889
41	71	1	889
48	257	1	884
50	385	1	889
53	219	2	882	885
54	733	1	883
59	236	1	884
60	231	1	884
64	81	1	885
67	827	3	883	884	889
69	271	2	885	888
71	218	1	883
73	344	1	884
75	182	1	889
94	240	3	882	885	888
96	113	1	884
98	6	1	882
103	237	1	889
112	118	1	884
115	225	2	882	885
117	36	2	884	885
118	60	2	882	888
121	192	1	884
132	187	1	885
133	113	1	888
137	73	1	884
143	116	1	889
156	205	1	884
157	64	1	889
167	516	2	884	885
170	37	1	885
171	137	1	882
172	79	1	885
174	118	1	888
176	640	3	882	885	887
180	221	1	884
181	147	2	885	888
183	160	1	885
196	93	1	882
197	42	1	882
202	306	1	882
203	36	1	882
204	244	3	882	885	888
205	241	1	885
206	29	1	888
218	84	1	882
219	42	1	887
225	185	1	883
229	118	1	884
230	248	2	885	889
234	7	1	882
236	95	1	884
237	14	1	885
239	10	1	888
240	128	1	882
247	233	1	882
250	19	1	885
256	137	1	889
260	98	2	885	889
264	224	2	885	888
277	37	1	884
285	237	3	882	887	888
291	260	2	884	889
296	135	1	882
318	211	3	882	885	888
321	104	1	884
335	232	1	884
336	30	1	882
343	101	1	884
348	173	3	882	885	888
372	183	1	889
374	249	1	884
384	205	1	888
386	312	1	884
392	34	1	888
393	119	1	889
395	34	1	885
402	165	1	884
403	54	1	888
420	126	1	883
428	52	1	882
433	45	1	887
436	24	1	882
439	37	1	884
450	166	2	885	889
479	38	1	885
481	56	1	884
482	42	1	885
490	261	1	884
492	134	1	884
493	75	1	885
499	36	1	889
512	202	1	882
522	291	2	885	888
523	35	1	885
524	56	1	882
529	709	5	882	884	885	888	889
537	231	1	884
542	165	1	884
545	70	1	889
547	33	1	888
557	69	1	885
558	64	3	884	885	888
564	50	2	885	888
578	12	1	885
595	120	1	885
597	193	1	885
612	55	1	884
621	23	1	884
629	76	1	883
639	10	1	885
643	68	2	882	885
645	227	2	883	884
656	103	1	884
657	49	1	882
664	91	1	884
666	34	1	884
675	87	1	889
703	75	1	889
707	212	1	882
714	205	1	884
715	250	2	882	885
718	187	1	882
733	173	3	882	887	888
747	93	1	884
751	166	1	884
766	132	2	884	888
785	71	1	884
786	56	1	884
796	12	2	882	885
806	50	1	885
814	171	1	884
825	90	1	884
844	317	2	882	885
848	100	1	889
850	279	1	888
854	39	1	884
862	52	1	885
867	120	1	884
881	56	2	882	884
884	150	2	885	888
892	38	2	882	885
896	16	1	889
903	77	1	883
925	46	1	888
934	101	2	882	888
941	145	2	884	885
942	92	1	887
943	38	1	884
944	54	1	885
945	49	1	885
948	190	1	884
956	60	1	884
961	65	1	888
983	184	1	884
986	108	1	884
999	21	2	882	888
1002	106	1	885
1003	15	1	885
1005	95	1	889
1011	60	1	889
1031	32	1	885
1034	28	1	884
1042	16	1	889
1045	186	2	882	889
1047	144	1	884
1058	177	2	884	888
1065	54	1	884
1069	138	1	889
1074	38	1	884
1075	120	1	882
1094	99	1	884
1108	92	1	884
1123	25	1	888
1133	39	1	889
1148	78	2	883	884
1149	42	1	884
1151	47	2	882	885
1156	82	1	884
1159	31	1	885
1184	105	1	888
1187	18	1	884
1213	80	1	885
1223	27	1	884
1232	48	1	884
1242	42	1	882
1257	18	1	884
1263	9	1	889
1281	15	1	889
1282	51	1	885
1284	46	1	884
1296	12	1	882
1303	83	1	884
1310	34	1	883
1322	36	2	884	885
1349	10	1	885
1357	20	1	887
1386	24	1	882
1432	4	1	882
1433	107	2	884	885
1436	30	1	887
1453	38	1	885
1460	139	2	885	888
1480	29	1	884
1519	120	1	884
1546	32	1	882
1581	13	1	889
1591	36	2	883	887
1623	24	1	882
1629	73	1	885
1635	19	1	889
1636	79	1	888
1638	37	1	884
1653	56	1	885
1679	15	1	882
1695	47	1	885
1696	20	1	885
1714	35	1	884
1742	90	1	884
1751	26	1	885
1796	48	2	882	889
1826	31	1	888
1855	122	1	889
1884	164	1	882
1965	17	1	889
2001	6	1	885
2010	12	1	889
2063	31	1	884
2125	14	1	884
2160	82	1	884
2168	28	1	883
2170	35	2	882	888
2264	37	1	884
2277	29	1	888
2315	28	1	888
2367	8	1	884
2454	58	1	884
2469	45	1	885
2517	18	1	885
2546	33	1	884
2551	2	1	884
2599	27	1	889
2641	25	1	884
2726	3	1	889
2751	2	1	884
2767	23	1	889
2769	1	1	889
2790	5	1	889
2801	4	1	889
2841	13	1	888
2881	16	1	888
2886	6	1	889
2950	26	1	884
2994	5	1	883
3011	14	1	885
3014	29	1	889
3038	19	1	884
3091	11	1	887
3128	22	1	884
3157	9	1	889
3168	23	1	885
3201	14	1	882
3247	15	1	884
3324	1	1	884
3446	6	1	887
3668	10	1	884
3691	19	1	884
3710	8	1	885
3875	6	1	889
4051	1	1	889
4106	4	1	884
4161	9	1	885
4214	3	1	884
4286	4	1	889
4421	4	1	889
4600	7	1	885
4785	1	1	889
4862	3	1	887
5163	2	1	887
5210	3	1	889
5360	1	1	889
5493	1	1	889
6016	1	1	889
6233	1	1	884
