2	522	1	156
3	402	3	152	154	157
8	114	1	150
9	460	2	154	156
11	20	1	158
16	286	3	152	156	156
18	318	1	156
20	70	1	158
21	4	1	158
23	134	1	152
31	254	1	156
37	139	2	150	156
40	133	1	152
41	71	3	152	154	157
48	257	2	154	156
49	124	1	156
50	385	3	152	154	157
54	733	2	156	158
55	104	1	156
60	231	1	156
61	98	1	156
65	159	1	156
67	827	4	152	154	156	157
69	271	1	156
72	17	1	156
73	344	3	150	156	156
74	65	1	156
85	34	1	156
94	240	1	150
96	113	1	156
97	34	1	156
103	237	1	157
105	2	1	156
111	30	1	156
112	118	2	150	156
113	15	2	156	157
117	36	2	150	156
121	192	1	156
122	100	1	156
126	41	1	158
131	90	1	156
132	187	1	156
137	73	1	156
149	63	1	150
151	39	2	152	156
153	49	1	154
155	49	1	156
158	258	1	159
167	516	1	156
169	194	1	156
174	118	1	152
176	640	3	152	154	156
179	121	1	156
181	147	2	150	152
184	42	1	156
193	215	1	156
195	21	1	156
200	79	1	156
205	241	1	152
225	185	1	156
226	42	1	156
230	248	1	152
231	25	1	152
241	35	1	157
247	233	1	156
250	19	1	150
252	193	1	154
256	137	3	152	154	157
260	98	1	156
262	57	1	156
264	224	1	150
276	69	1	156
279	332	1	156
291	260	1	157
293	151	1	156
296	135	1	152
298	69	1	156
299	113	1	156
306	128	1	156
315	40	1	152
321	104	1	156
330	26	1	156
331	47	1	156
335	232	1	156
339	70	1	152
341	50	1	156
343	101	1	156
348	173	1	152
349	48	1	150
359	233	1	156
362	45	1	156
372	183	2	152	157
374	249	1	156
379	46	1	156
384	205	2	150	156
397	159	1	156
398	22	1	156
400	38	1	156
401	34	1	156
402	165	1	156
407	48	1	156
409	36	1	156
416	106	2	150	156
424	83	2	156	156
426	110	1	158
432	56	1	156
437	26	1	156
446	6	1	156
460	155	1	152
461	27	1	156
462	26	1	154
465	79	1	156
467	113	1	150
475	194	1	152
479	38	1	156
486	41	1	152
490	261	1	156
492	134	1	156
493	75	1	150
494	29	1	156
496	30	1	156
499	36	1	157
502	98	1	156
506	5	1	154
510	111	2	152	154
511	13	1	156
512	202	2	150	152
514	27	1	154
515	94	1	159
522	291	1	150
524	56	1	156
528	45	1	156
529	709	3	154	156	157
532	91	1	156
534	102	1	156
537	231	1	154
542	165	1	156
556	69	1	156
558	64	1	156
559	87	2	158	159
586	93	1	156
595	120	1	152
596	61	1	156
599	69	1	156
601	23	1	154
610	34	1	154
621	23	1	156
627	148	1	156
633	13	1	156
635	84	1	156
649	30	1	156
654	17	1	158
656	103	1	156
675	87	1	157
695	143	1	156
700	32	1	156
703	75	1	154
714	205	1	156
715	250	1	156
718	187	2	152	156
721	216	1	156
723	46	1	156
732	45	1	152
733	173	1	150
738	85	1	156
741	9	1	156
749	62	1	152
751	166	1	156
752	214	3	150	156	157
753	47	1	154
757	20	1	157
766	132	1	156
768	15	1	154
773	57	1	152
777	114	3	152	154	157
785	71	1	156
789	139	2	150	154
793	36	1	156
798	40	1	157
800	36	1	156
801	104	1	156
803	10	1	154
814	171	1	156
816	37	1	157
825	90	1	156
829	34	1	156
842	137	1	156
848	100	2	152	157
861	115	1	156
863	27	1	156
864	50	1	156
867	120	2	150	156
872	70	1	156
874	11	1	156
878	39	1	156
879	19	1	154
884	150	1	156
891	23	1	156
894	39	1	154
895	57	1	156
899	65	1	156
905	125	1	156
909	31	1	156
921	113	1	152
930	39	2	154	156
933	25	1	156
942	92	1	154
943	38	1	156
947	56	1	156
948	190	1	156
956	60	1	156
970	28	1	156
971	24	1	152
983	184	1	150
986	108	1	156
992	68	1	156
1002	106	1	156
1005	95	2	154	157
1012	71	1	159
1018	42	1	156
1022	48	1	156
1028	90	1	156
1030	17	1	156
1036	59	1	156
1041	49	1	156
1047	144	1	156
1063	30	1	156
1069	138	1	150
1074	38	1	156
1078	65	1	156
1079	24	1	156
1087	58	1	156
1094	99	1	156
1095	20	1	156
1099	3	1	156
1130	157	1	156
1133	39	1	154
1156	82	1	156
1159	31	1	150
1173	1	1	152
1175	42	1	156
1195	153	1	158
1214	13	1	154
1227	42	1	154
1245	18	1	152
1248	42	1	156
1257	18	1	156
1260	12	1	150
1283	31	1	156
1284	46	1	156
1297	52	1	156
1299	66	1	156
1310	34	1	156
1321	63	1	156
1342	44	1	156
1346	87	1	156
1351	7	1	152
1376	162	2	158	159
1378	114	1	156
1386	24	1	156
1414	282	2	154	156
1419	30	1	152
1434	13	1	156
1436	30	1	152
1456	19	1	152
1465	4	1	157
1468	38	1	158
1474	36	1	156
1475	69	1	156
1489	19	1	154
1494	12	1	156
1524	76	1	159
1527	51	1	156
1529	33	1	156
1561	45	1	157
1579	53	1	158
1622	33	2	156	156
1627	26	1	159
1635	19	1	157
1636	79	1	156
1644	9	1	152
1651	22	1	156
1653	56	1	154
1664	37	1	154
1665	13	1	156
1670	4	1	150
1703	17	1	159
1710	13	1	156
1714	35	1	156
1729	76	1	156
1736	69	1	154
1742	90	1	156
1743	55	1	152
1765	39	1	156
1808	47	1	156
1812	39	1	158
1817	59	1	156
1831	89	1	158
1836	10	1	154
1838	5	1	156
1841	31	1	156
1855	122	2	154	157
1886	32	1	150
1890	26	1	157
1916	75	1	156
1937	53	1	156
1938	19	1	154
1957	1	1	156
1965	17	1	152
1993	45	1	156
2007	2	1	156
2017	20	1	156
2046	105	1	159
2057	1	1	158
2059	270	1	156
2062	33	1	156
2075	48	1	152
2111	28	1	156
2128	52	1	156
2139	15	2	152	154
2144	30	1	156
2151	18	1	152
2186	42	1	156
2195	8	1	156
2230	13	1	156
2231	62	1	156
2235	14	1	156
2237	21	2	152	157
2254	18	1	152
2266	38	1	156
2277	29	1	154
2284	8	1	152
2318	17	1	154
2351	15	1	154
2375	22	1	156
2379	20	1	156
2454	58	1	156
2477	14	1	154
2510	6	1	156
2527	28	1	152
2528	1	1	156
2529	5	1	150
2541	5	1	156
2546	33	1	156
2559	5	1	152
2568	43	1	156
2602	20	1	156
2636	2	1	156
2651	23	1	156
2674	10	1	157
2687	4	1	156
2707	8	1	156
2720	19	1	152
2729	23	1	156
2753	7	1	152
2768	3	1	156
2775	3	1	152
2803	2	1	156
2813	5	1	156
2826	7	1	156
2842	15	1	156
2848	2	1	156
2851	14	1	156
2863	12	1	156
2879	5	1	152
2881	16	1	150
2905	30	1	156
2908	19	1	156
2917	1	1	152
2943	7	1	156
3037	11	1	158
3065	12	1	152
3066	1	1	156
3131	1	1	156
3154	2	1	156
3168	23	1	156
3190	10	1	156
3222	10	1	156
3239	1	1	156
3276	20	1	156
3323	38	1	156
3353	3	1	152
3468	5	1	157
3497	18	2	152	156
3586	9	1	156
3670	11	1	156
3699	2	1	156
3734	1	1	154
3838	3	1	150
3879	6	1	154
3962	9	1	154
3985	11	1	156
4007	2	1	158
4024	20	1	158
4161	9	1	150
4175	6	1	156
4217	2	1	156
4339	1	1	150
4345	1	1	156
4368	1	1	154
4678	2	1	156
4703	1	1	150
4814	1	1	150
4882	1	1	150
4931	1	1	150
5027	5	1	159
5070	2	1	154
5119	1	1	156
5130	1	1	150
5285	2	1	156
5303	1	1	158
5523	1	1	156
5751	1	1	156
6029	1	1	156
6106	1	1	150
6109	1	1	150
6121	1	1	150
6205	1	1	156
