2	522	2	1871	1876
8	114	1	1876
9	460	2	1871	1874
54	733	2	1871	1876
59	236	1	1870
61	98	1	1871
65	159	1	1871
71	218	1	1871
73	344	2	1871	1876
77	63	1	1876
79	87	1	1871
94	240	1	1874
103	237	3	1871	1874	1876
110	43	1	1871
121	192	1	1876
131	90	1	1874
132	187	1	1874
141	95	1	1871
162	75	1	1871
165	38	1	1874
167	516	1	1874
169	194	1	1874
176	640	3	1871	1874	1876
177	53	1	1876
180	221	1	1871
182	53	1	1874
183	160	1	1874
191	49	1	1874
196	93	1	1874
197	42	1	1876
198	33	1	1876
202	306	1	1874
204	244	1	1874
210	118	2	1871	1876
225	185	2	1871	1876
240	128	1	1874
264	224	1	1874
279	332	1	1876
285	237	1	1874
291	260	1	1871
319	45	1	1871
321	104	1	1871
323	39	1	1874
331	47	1	1871
386	312	1	1871
397	159	2	1871	1876
410	48	1	1871
416	106	1	1870
418	223	1	1871
422	36	1	1871
428	52	1	1871
450	166	1	1876
460	155	2	1871	1876
490	261	1	1871
491	74	1	1871
512	202	1	1874
515	94	1	1871
522	291	1	1874
529	709	2	1871	1874
530	78	1	1871
537	231	1	1870
561	130	1	1871
570	10	1	1871
576	117	1	1871
593	56	1	1871
625	32	1	1874
632	61	1	1871
655	50	2	1871	1876
670	126	1	1871
680	45	1	1876
682	26	1	1871
692	70	1	1871
700	32	1	1876
707	212	1	1874
710	84	1	1876
727	23	1	1871
728	31	1	1871
737	6	1	1871
764	51	1	1871
767	49	1	1874
771	101	1	1871
785	71	2	1871	1876
823	115	1	1871
844	317	1	1874
861	115	1	1871
878	39	1	1871
925	46	1	1871
942	92	1	1874
948	190	1	1871
975	82	1	1876
995	28	1	1871
996	15	1	1871
1002	106	1	1874
1020	3	1	1871
1086	16	1	1876
1096	95	1	1871
1121	109	2	1871	1876
1130	157	1	1871
1175	42	1	1876
1216	108	2	1871	1876
1217	16	1	1871
1247	39	1	1876
1364	54	1	1871
1368	147	1	1871
1414	282	1	1874
1418	2	1	1871
1420	51	1	1871
1424	57	1	1871
1433	107	1	1871
1584	12	1	1871
1629	73	1	1874
1636	79	1	1874
1685	67	1	1871
1728	97	1	1874
1742	90	2	1871	1876
1775	18	1	1871
1776	59	1	1871
1781	20	1	1876
1797	64	1	1871
1816	5	1	1874
1869	1	1	1870
1916	75	1	1876
1931	49	1	1871
2037	41	1	1871
2053	37	1	1871
2059	270	1	1871
2131	44	2	1871	1876
2160	82	1	1876
2163	51	1	1871
2170	35	1	1874
2188	68	1	1871
2242	27	1	1871
2247	22	1	1871
2282	3	1	1871
2354	10	1	1871
2557	10	1	1871
2562	7	1	1871
2568	43	1	1871
2733	1	1	1874
2945	1	1	1874
3096	10	1	1871
3298	4	1	1874
3320	3	1	1871
3464	2	1	1871
3989	16	1	1874
4066	5	1	1871
4114	4	1	1874
4520	1	1	1871
6111	1	1	1874
