2	522	1	2490
3	402	2	2492	2494
9	460	1	2490
14	136	1	2491
16	286	1	2494
19	91	1	2492
42	52	1	2494
44	85	1	2491
53	219	2	2492	2494
54	733	3	2490	2491	2493
57	33	1	2490
59	236	1	2491
63	91	1	2492
67	827	2	2492	2494
69	271	1	2492
71	218	1	2490
73	344	1	2490
75	182	2	2492	2494
77	63	1	2491
94	240	1	2494
103	237	2	2490	2494
112	118	1	2490
115	225	1	2492
121	192	1	2490
135	70	1	2493
145	64	1	2493
156	205	1	2490
157	64	2	2492	2494
158	258	2	2491	2493
169	194	2	2492	2494
171	137	1	2494
174	118	1	2494
176	640	2	2492	2494
180	221	1	2492
181	147	1	2492
193	215	1	2493
210	118	1	2493
218	84	1	2494
219	42	1	2492
230	248	2	2492	2494
232	92	1	2494
240	128	1	2492
252	193	1	2492
261	105	1	2492
264	224	2	2492	2494
279	332	1	2490
284	18	1	2492
285	237	1	2494
291	260	2	2490	2492
294	72	1	2492
296	135	1	2495
314	31	1	2492
318	211	1	2492
319	45	1	2492
321	104	1	2490
328	122	1	2490
348	173	1	2492
356	23	1	2490
372	183	1	2494
386	312	1	2490
392	34	1	2492
393	119	1	2494
418	223	1	2491
420	126	1	2490
442	25	1	2494
448	41	1	2492
450	166	2	2492	2494
454	79	1	2492
467	113	1	2490
480	31	1	2490
490	261	1	2490
493	75	1	2492
494	29	1	2490
497	106	1	2494
512	202	1	2492
516	36	1	2492
522	291	2	2492	2494
529	709	2	2492	2494
537	231	1	2494
545	70	1	2492
557	69	1	2492
561	130	1	2493
595	120	1	2494
627	148	1	2494
635	84	1	2493
656	103	1	2490
668	49	1	2494
670	126	1	2491
707	212	1	2492
714	205	1	2493
725	80	1	2490
733	173	2	2492	2494
765	20	1	2493
769	124	1	2491
790	49	1	2494
801	104	1	2493
814	171	1	2491
820	36	2	2494	2494
844	317	1	2492
848	100	1	2494
850	279	1	2490
899	65	1	2490
944	54	1	2492
961	65	1	2492
975	82	1	2490
978	41	1	2491
998	101	1	2491
999	21	1	2494
1012	71	1	2491
1058	177	2	2492	2494
1070	77	1	2494
1075	120	1	2492
1082	34	1	2491
1087	58	1	2492
1103	34	1	2490
1124	70	2	2494	2494
1146	31	1	2492
1225	4	1	2490
1256	59	1	2491
1262	38	1	2494
1293	32	1	2491
1346	87	1	2491
1360	64	1	2493
1378	114	1	2490
1379	2	1	2494
1433	107	1	2490
1460	139	1	2494
1463	29	1	2494
1479	5	1	2494
1493	40	1	2494
1510	7	1	2493
1518	12	1	2490
1519	120	1	2490
1527	51	1	2490
1572	57	1	2493
1573	59	1	2490
1585	7	1	2490
1588	9	1	2494
1603	55	1	2493
1604	20	1	2494
1740	30	2	2491	2493
1754	77	2	2491	2493
1767	20	1	2493
1769	16	1	2494
1850	33	1	2490
1856	15	1	2494
1884	164	2	2491	2493
1927	56	1	2490
1945	57	1	2494
1956	23	1	2490
1993	45	1	2490
2026	23	1	2491
2041	6	1	2494
2048	31	1	2490
2059	270	2	2490	2491
2092	49	1	2494
2097	35	1	2494
2105	16	1	2494
2108	52	1	2493
2112	35	1	2494
2154	29	1	2490
2165	10	1	2492
2219	24	1	2491
2239	27	1	2493
2277	29	1	2494
2288	20	1	2493
2391	13	1	2494
2449	23	1	2492
2454	58	1	2490
2553	21	1	2490
2568	43	1	2494
2773	6	1	2492
3008	13	1	2494
3153	5	1	2491
3349	16	1	2491
3541	2	1	2494
3813	6	1	2494
3866	2	1	2491
3899	1	1	2493
3938	5	1	2494
4479	3	1	2494
4879	1	1	2494
4948	2	1	2491
5029	2	1	2493
6177	2	1	2494
