2	522	2	2071	2074
8	114	2	2071	2074
9	460	1	2071
18	318	1	2071
39	6	1	2071
54	733	3	2071	2073	2074
59	236	1	2071
61	98	1	2071
65	159	1	2071
71	218	1	2074
73	344	1	2071
79	87	1	2071
121	192	1	2071
132	187	1	2076
141	95	1	2076
145	64	2	2073	2076
158	258	1	2076
176	640	1	2071
180	221	2	2071	2073
187	25	1	2076
198	33	1	2071
210	118	2	2071	2074
213	56	1	2073
225	185	1	2074
226	42	1	2074
252	193	2	2073	2076
272	63	1	2076
279	332	3	2071	2073	2074
280	61	1	2071
319	45	1	2071
332	31	1	2073
397	159	1	2074
418	223	1	2073
421	42	1	2073
490	261	1	2071
515	94	1	2071
559	87	1	2076
561	130	1	2073
576	117	1	2073
593	56	1	2071
645	227	1	2073
692	70	1	2071
710	84	1	2074
714	205	1	2074
728	31	1	2071
769	124	1	2071
770	58	1	2076
771	101	1	2071
779	58	1	2073
785	71	1	2071
789	139	1	2074
801	104	1	2071
814	171	2	2071	2073
823	115	1	2071
840	79	2	2073	2076
925	46	1	2074
927	42	1	2073
946	75	1	2073
948	190	2	2071	2074
975	82	2	2071	2074
1002	106	1	2073
1012	71	1	2076
1086	16	1	2074
1089	9	1	2073
1096	95	1	2071
1121	109	1	2071
1129	83	1	2076
1130	157	2	2071	2073
1137	10	1	2071
1158	20	1	2071
1195	153	2	2073	2076
1216	108	1	2071
1297	52	1	2073
1299	66	1	2074
1327	34	1	2074
1341	21	1	2073
1360	64	1	2071
1364	54	1	2074
1368	147	3	2071	2073	2074
1376	162	1	2076
1420	51	1	2074
1424	57	1	2073
1433	107	2	2071	2074
1434	13	1	2074
1445	25	1	2073
1454	26	1	2071
1483	15	1	2071
1571	110	1	2073
1573	59	1	2071
1579	53	1	2076
1603	55	1	2071
1627	26	1	2076
1711	25	1	2071
1742	90	1	2071
1776	59	1	2071
1801	69	1	2073
1831	89	1	2076
1879	44	1	2076
1927	56	1	2073
2059	270	2	2071	2073
2073	5	1	2074
2131	44	2	2071	2074
2136	12	1	2071
2144	30	1	2074
2163	51	1	2076
2707	8	1	2074
2765	5	1	2071
3055	11	1	2076
3349	16	1	2076
3359	4	1	2074
3464	2	1	2071
4466	1	1	2071
4921	2	1	2074
6051	1	1	2074
6237	1	1	2074
6244	1	1	2074
