2	522	7	400	402	402	406	407	408	409
3	402	1	405
6	30	1	402
9	460	3	402	406	409
12	126	3	402	402	409
16	286	6	402	402	406	407	408	409
17	35	1	400
18	318	5	402	402	407	408	409
22	52	1	409
23	134	2	405	405
31	254	2	402	408
36	62	4	400	406	407	408
37	139	4	400	402	402	407
44	85	1	409
46	63	2	402	402
48	257	4	402	407	408	409
49	124	3	402	406	407
50	385	3	402	406	409
52	57	1	405
53	219	1	405
54	733	6	400	402	402	406	407	408
55	104	3	400	406	407
59	236	2	402	402
60	231	2	400	402
62	89	1	408
63	91	1	405
65	159	2	407	409
66	71	2	400	402
67	827	9	400	402	402	405	405	406	407	408	409
69	271	4	400	402	405	407
71	218	1	409
73	344	4	400	402	408	409
74	65	1	402
77	63	1	402
85	34	1	402
94	240	2	405	405
96	113	4	402	406	407	408
97	34	1	408
100	35	1	409
107	71	1	405
108	55	1	405
110	43	1	409
113	15	1	406
115	225	1	405
117	36	1	402
121	192	1	409
122	100	3	406	407	409
123	59	4	406	407	408	409
126	41	2	402	402
132	187	3	402	405	406
137	73	1	409
143	116	1	405
149	63	1	400
155	49	2	402	402
156	205	5	400	402	402	407	408
167	516	9	400	402	402	405	405	406	407	408	409
169	194	5	400	402	402	406	407
171	137	1	402
172	79	1	409
174	118	1	405
176	640	7	400	402	405	405	407	408	409
179	121	4	400	405	407	408
184	42	1	408
189	121	1	405
193	215	2	400	402
200	79	3	400	402	408
202	306	1	402
204	244	2	402	405
205	241	1	402
225	185	1	407
229	118	2	402	402
230	248	1	405
235	20	1	407
238	93	2	408	409
247	233	4	402	405	405	407
251	11	1	402
258	112	1	409
264	224	1	405
276	69	1	402
277	37	1	402
286	88	1	402
291	260	1	409
293	151	5	402	402	407	408	409
294	72	1	405
298	69	1	402
299	113	5	400	402	402	406	408
305	13	1	402
306	128	6	400	402	405	406	407	408
314	31	1	405
315	40	1	405
318	211	2	405	405
321	104	2	407	409
325	7	2	407	408
330	26	1	407
335	232	5	400	402	406	407	408
336	30	1	402
343	101	2	400	409
348	173	1	405
349	48	1	406
353	61	2	406	407
359	233	3	402	408	409
362	45	2	400	408
369	21	2	400	402
374	249	5	400	402	406	407	408
376	6	1	407
379	46	2	400	407
380	42	2	400	407
382	34	1	405
384	205	2	402	406
386	312	1	409
391	64	1	409
392	34	1	405
393	119	1	405
395	34	2	402	405
397	159	1	407
398	22	1	400
400	38	2	407	408
401	34	1	402
402	165	3	406	407	408
403	54	1	404
407	48	4	402	402	408	409
411	16	1	400
412	82	1	409
416	106	1	408
424	83	2	402	407
430	13	1	405
432	56	3	405	406	409
435	71	1	402
437	26	1	402
439	37	1	409
441	80	1	405
444	28	1	405
450	166	1	405
451	209	1	402
453	83	1	409
456	54	2	407	409
460	155	3	402	402	407
461	27	1	402
465	79	1	402
468	70	1	402
480	31	1	409
481	56	1	402
482	42	1	402
490	261	4	402	406	407	408
496	30	2	402	408
497	106	1	405
502	98	1	402
508	72	3	405	405	407
519	77	1	400
520	80	1	405
522	291	1	405
523	35	1	402
524	56	1	408
529	709	6	400	402	406	407	408	409
530	78	1	409
532	91	1	406
533	26	2	407	408
534	102	3	406	407	408
537	231	1	402
542	165	6	402	402	406	407	408	409
544	101	1	402
555	72	6	400	402	405	405	406	408
556	69	4	400	406	407	408
557	69	1	405
558	64	1	402
560	6	1	406
576	117	1	402
586	93	4	400	402	407	408
594	125	5	400	402	406	407	409
596	61	3	402	408	409
597	193	3	402	402	407
599	69	1	408
602	37	1	406
610	34	1	407
615	9	1	402
621	23	2	407	409
627	148	2	402	402
628	47	4	400	407	408	409
629	76	1	409
632	61	1	409
635	84	1	408
641	56	2	400	407
645	227	3	402	407	409
647	29	1	405
656	103	3	402	402	408
658	64	2	402	402
664	91	2	406	407
665	31	1	405
690	96	1	407
692	70	1	409
694	90	2	400	408
695	143	4	402	405	406	409
697	100	1	405
699	43	1	402
701	107	1	402
704	88	1	409
707	212	2	405	405
714	205	5	402	406	407	408	409
715	250	3	402	405	408
718	187	4	400	402	407	408
721	216	8	400	402	402	405	406	407	408	409
723	46	2	406	407
725	80	1	406
727	23	1	408
733	173	1	404
734	50	1	405
738	85	2	406	409
740	85	1	402
741	9	1	402
747	93	3	406	407	408
751	166	5	400	402	406	407	408
752	214	1	402
753	47	1	405
766	132	4	400	402	406	407
773	57	1	402
785	71	1	409
786	56	3	400	402	407
795	16	1	402
798	40	1	402
801	104	2	407	408
804	49	2	406	407
814	171	2	402	409
824	85	1	409
825	90	1	409
829	34	3	400	406	407
835	8	1	402
838	18	1	407
842	137	1	409
844	317	2	405	405
846	96	1	402
850	279	3	400	406	409
854	39	2	406	408
862	52	1	404
863	27	1	408
864	50	1	407
866	24	1	406
867	120	1	409
872	70	3	400	402	406
875	11	1	406
878	39	1	407
880	14	2	400	407
881	56	1	406
884	150	6	400	402	402	406	407	409
885	43	2	402	402
892	38	1	405
893	12	1	405
894	39	1	407
895	57	3	402	406	407
896	16	1	405
900	67	5	400	402	402	407	408
905	125	6	400	402	402	405	406	408
909	31	1	402
927	42	1	402
933	25	1	407
936	52	2	402	405
938	13	1	400
941	145	2	402	405
942	92	1	405
944	54	1	405
946	75	1	409
947	56	3	400	402	407
948	190	2	400	409
956	60	3	400	407	408
961	65	1	405
963	31	1	409
970	28	2	400	402
976	75	1	409
978	41	1	406
983	184	5	400	402	406	407	409
984	18	2	405	405
986	108	2	402	402
991	20	1	406
992	68	1	402
1000	66	2	402	402
1001	73	2	402	402
1002	106	1	409
1011	60	1	402
1019	8	1	402
1022	48	1	409
1028	90	6	400	402	402	406	407	408
1030	17	1	402
1032	33	1	405
1036	59	1	408
1037	44	1	402
1047	144	1	400
1050	29	1	400
1052	117	1	402
1057	20	1	402
1058	177	1	405
1062	7	1	406
1065	54	4	400	406	407	409
1069	138	1	405
1070	77	1	405
1074	38	1	407
1087	58	1	402
1094	99	4	402	402	407	408
1095	20	2	400	407
1101	36	1	402
1108	92	1	409
1111	25	1	406
1124	70	1	405
1129	83	2	402	406
1130	157	3	402	408	409
1136	55	1	402
1140	19	1	409
1148	78	1	409
1149	42	1	409
1156	82	1	408
1166	30	2	400	407
1175	42	1	408
1179	54	1	402
1184	105	1	405
1188	36	1	402
1190	29	1	405
1194	52	2	400	402
1195	153	1	406
1209	24	1	407
1213	80	1	405
1216	108	1	406
1223	27	1	400
1229	58	1	400
1233	59	1	402
1238	23	1	405
1243	44	1	406
1248	42	3	402	402	406
1252	88	1	402
1255	2	1	407
1274	63	2	405	407
1278	14	1	402
1282	51	1	405
1284	46	1	402
1287	72	1	405
1299	66	2	408	409
1300	40	1	402
1303	83	2	400	409
1307	22	1	409
1321	63	1	402
1330	9	1	402
1335	20	1	400
1337	58	2	402	406
1344	47	1	402
1346	87	1	402
1364	54	2	400	407
1365	53	1	402
1374	51	1	402
1378	114	2	402	407
1386	24	2	402	402
1398	9	1	400
1414	282	3	402	407	408
1417	41	1	402
1426	44	1	405
1433	107	2	400	405
1452	25	1	409
1454	26	1	409
1460	139	3	400	402	407
1466	19	1	408
1474	36	3	400	405	407
1475	69	4	400	402	406	407
1476	39	1	409
1481	10	1	405
1494	12	1	400
1519	120	2	407	409
1520	35	1	402
1527	51	1	402
1529	33	4	402	402	407	408
1531	41	1	409
1532	27	1	400
1541	26	1	405
1546	32	2	402	407
1567	41	1	405
1569	28	1	405
1577	14	1	409
1582	74	1	405
1618	14	1	407
1636	79	1	402
1638	37	2	406	409
1652	3	1	408
1660	21	2	406	407
1662	47	1	405
1664	37	1	405
1665	13	1	408
1679	15	1	400
1687	5	1	402
1692	54	1	409
1695	47	2	402	409
1710	13	2	408	409
1714	35	2	407	408
1719	42	1	406
1722	1	1	402
1728	97	1	402
1732	25	1	405
1742	90	2	406	408
1743	55	1	402
1759	5	1	405
1762	57	1	402
1765	39	2	402	407
1776	59	3	402	402	406
1798	15	1	400
1803	10	1	405
1808	47	2	400	402
1817	59	1	408
1820	9	1	400
1824	17	1	402
1826	31	1	402
1838	5	1	400
1841	31	4	400	402	407	408
1853	37	1	405
1864	18	1	407
1872	24	1	409
1895	24	1	406
1916	75	1	402
1925	40	1	402
1937	53	1	407
1939	66	1	409
1941	5	1	402
1942	12	1	405
1972	10	1	407
1973	27	1	405
1993	45	1	409
2023	12	1	407
2030	4	1	402
2046	105	2	400	406
2047	6	1	400
2059	270	2	402	409
2062	33	2	400	407
2066	40	1	409
2071	45	1	402
2077	13	1	402
2091	4	1	402
2096	22	1	409
2101	26	1	407
2116	4	1	400
2127	32	1	409
2128	52	3	406	407	408
2135	17	1	409
2153	6	1	408
2158	5	1	402
2192	26	3	400	406	407
2225	19	1	405
2230	13	1	402
2231	62	2	402	409
2235	14	1	407
2245	15	1	402
2255	37	1	406
2257	20	1	405
2264	37	3	400	402	406
2266	38	1	402
2280	21	1	405
2291	29	1	402
2296	30	1	409
2314	24	1	402
2322	2	1	400
2328	13	2	402	405
2339	50	1	409
2348	47	1	402
2362	15	3	400	406	407
2379	20	1	408
2393	10	1	408
2419	12	1	409
2420	9	1	405
2428	13	1	405
2437	13	1	402
2451	3	1	407
2474	57	1	402
2478	10	1	402
2479	50	2	400	407
2482	5	1	408
2510	6	1	408
2516	4	1	402
2521	17	1	402
2530	13	1	402
2532	9	1	400
2560	4	2	402	402
2582	2	1	405
2602	20	2	400	407
2620	25	1	402
2629	9	1	409
2632	9	1	407
2641	25	1	409
2645	26	1	400
2688	29	1	409
2693	25	1	409
2706	33	1	402
2709	20	2	405	405
2718	6	1	409
2729	23	2	406	408
2740	16	1	405
2748	32	2	402	407
2749	26	2	402	402
2763	10	1	405
2768	3	1	407
2793	27	1	405
2804	8	1	405
2811	10	1	405
2815	27	1	402
2824	1	1	402
2834	6	3	400	406	407
2845	25	1	409
2863	12	1	406
2875	22	1	402
2879	5	1	402
2880	5	1	402
2883	23	1	402
2905	30	3	402	406	407
2908	19	2	402	402
2943	7	1	400
2950	26	1	402
2959	29	1	405
2972	14	1	405
2976	16	1	402
2989	26	1	409
3020	26	1	409
3039	11	1	402
3054	13	1	409
3065	12	1	405
3111	1	1	402
3126	15	3	400	406	407
3168	23	1	402
3190	10	1	406
3192	12	1	402
3217	16	1	405
3224	4	1	402
3232	13	2	400	408
3246	8	1	405
3250	13	1	407
3276	20	2	406	408
3289	5	1	405
3307	5	1	402
3323	38	3	406	407	408
3331	18	1	405
3391	4	1	400
3418	2	1	400
3426	10	1	405
3462	10	1	408
3509	9	1	407
3510	2	1	408
3527	2	1	406
3586	9	2	407	408
3597	2	1	402
3667	4	1	405
3704	8	1	408
3776	5	1	402
3807	5	1	402
3837	5	2	402	407
3882	4	1	402
3926	4	1	402
3944	5	2	400	402
4009	7	1	400
4139	2	1	402
4150	1	1	400
4152	1	1	406
4161	9	1	402
4175	6	1	408
4217	2	1	407
4227	3	1	400
4333	4	1	406
4352	1	1	400
4386	1	1	402
4455	3	1	406
4458	1	1	405
4529	1	1	402
4641	1	1	406
4782	4	1	405
4883	2	1	405
4923	2	1	402
4985	2	1	405
5026	1	1	408
5101	1	1	400
5268	2	1	405
5694	2	1	406
5752	1	1	400
5762	2	1	408
5844	1	1	400
5892	1	1	405
5909	1	1	406
5971	1	1	402
6226	1	1	402
6248	1	1	406
6261	1	1	408
