0	8	1	212
2	522	3	210	212	213
3	402	1	219
9	460	3	210	211	212
12	126	1	217
17	35	1	210
18	318	2	210	219
19	91	1	210
23	134	1	210
37	139	1	219
48	257	1	212
50	385	2	213	219
53	219	2	210	219
54	733	7	211	212	213	213	214	216	217
59	236	3	212	213	214
61	98	1	212
65	159	1	213
67	827	1	217
69	271	1	217
73	344	2	211	212
77	63	1	213
87	54	1	213
94	240	2	210	219
103	237	1	219
112	118	1	212
115	225	2	210	219
121	192	2	212	213
132	187	1	210
133	113	1	216
135	70	1	216
141	95	1	213
158	258	3	211	214	216
162	75	1	211
167	516	2	210	217
171	137	1	219
176	640	2	210	211
179	121	1	219
180	221	2	210	212
183	160	2	217	219
191	49	1	219
193	215	1	212
196	93	1	219
200	79	2	210	219
202	306	2	217	219
204	244	3	210	217	219
206	29	1	210
210	118	1	211
213	56	1	214
215	8	1	216
218	84	2	217	219
225	185	1	212
230	248	1	210
258	112	2	211	213
264	224	2	210	219
267	58	1	219
278	49	1	210
279	332	3	211	212	214
280	61	1	212
285	237	1	219
294	72	1	210
299	113	1	217
318	211	1	210
332	31	1	216
335	232	1	217
341	50	1	213
345	54	1	214
359	233	2	212	213
363	9	1	219
373	88	1	212
381	88	1	219
386	312	1	211
387	11	1	219
391	64	1	210
395	34	1	219
398	22	1	213
418	223	2	214	216
420	126	1	213
441	80	1	210
444	28	1	219
451	209	1	214
455	29	1	210
460	155	1	216
491	74	1	213
493	75	1	210
502	98	1	211
519	77	1	213
522	291	2	210	219
523	35	1	210
529	709	2	210	217
530	78	1	213
532	91	1	219
537	231	1	217
544	101	2	217	219
555	72	1	217
557	69	1	210
561	130	1	212
564	50	1	210
568	25	1	211
575	37	1	219
590	11	1	217
595	120	1	217
625	32	1	210
626	28	1	210
635	84	1	210
643	68	1	210
664	91	1	210
680	45	1	211
688	133	1	213
692	70	1	212
697	100	1	219
700	32	1	219
701	107	1	219
714	205	2	211	212
715	250	2	210	217
733	173	1	219
738	85	1	214
740	85	1	212
769	124	2	212	214
771	101	2	211	212
772	37	1	214
779	58	1	213
789	139	1	211
791	13	1	219
797	35	1	219
805	16	1	219
814	171	1	210
820	36	2	210	219
823	115	2	211	213
842	137	3	213	214	216
844	317	2	210	219
862	52	1	219
863	27	1	219
900	67	1	217
912	41	1	210
917	7	1	214
919	53	2	211	213
925	46	1	217
946	75	1	212
978	41	1	214
990	46	1	212
1002	106	1	214
1009	20	1	219
1045	186	1	217
1047	144	1	214
1050	29	1	210
1054	19	1	219
1075	120	1	210
1082	34	1	211
1101	36	1	210
1121	109	3	211	212	213
1189	121	1	212
1195	153	2	210	214
1197	24	1	210
1216	108	3	211	212	213
1242	42	1	210
1274	63	1	219
1299	66	1	213
1300	40	1	210
1364	54	1	212
1376	162	1	216
1399	39	1	214
1414	282	3	211	213	219
1424	57	1	213
1469	13	1	211
1520	35	1	214
1536	15	1	213
1569	28	1	217
1572	57	1	213
1573	59	2	211	213
1575	53	1	213
1629	73	1	219
1643	24	1	213
1664	37	1	210
1711	25	2	214	217
1724	6	1	213
1742	90	1	219
1754	77	1	216
1813	19	3	213	213	214
1854	32	1	216
1859	4	1	210
1879	44	1	212
1884	164	1	210
1885	22	1	210
1905	34	1	214
1916	75	1	212
1930	14	1	219
1939	66	1	212
2000	13	1	210
2053	37	1	213
2071	45	1	212
2106	3	1	214
2128	52	1	217
2154	29	1	214
2160	82	1	213
2184	4	1	213
2188	68	1	211
2191	16	1	217
2315	28	1	210
2326	33	1	217
2353	40	3	211	213	213
2392	9	1	214
2420	9	1	219
2469	45	1	210
2495	2	1	210
2501	3	1	219
2517	18	1	210
2525	18	1	217
2556	29	1	219
2590	5	1	211
2707	8	1	214
2709	20	1	219
2735	28	1	214
2750	11	1	214
2815	27	1	213
2925	23	1	212
3006	9	1	219
3016	8	1	210
3113	3	1	219
3125	6	1	219
3228	9	1	210
3235	2	1	216
3241	5	1	214
3303	9	1	211
3323	38	1	210
3419	11	1	210
3423	2	1	219
3428	9	1	216
3511	2	1	219
3515	7	1	219
3619	7	1	219
3756	6	1	210
3799	8	1	219
3818	4	1	216
3833	3	1	216
3853	8	1	214
3983	12	1	210
4160	1	1	216
4170	3	1	210
4383	3	1	219
4559	2	1	213
4811	3	1	219
4832	2	1	219
5146	4	2	214	216
5507	1	1	219
