2	522	3	391	397	398
3	402	4	390	390	392	394
8	114	2	397	398
9	460	3	391	397	398
16	286	1	396
17	35	1	392
18	318	1	392
19	91	2	392	394
23	134	2	392	394
28	25	1	392
32	15	1	394
33	25	1	394
40	133	2	390	390
50	385	3	392	394	396
52	57	1	392
53	219	3	391	392	394
54	733	1	398
59	236	1	397
61	98	1	397
63	91	1	394
64	81	1	392
65	159	1	397
67	827	2	390	394
69	271	2	391	392
71	218	1	397
73	344	2	397	398
75	182	1	394
93	42	1	394
94	240	2	390	392
103	237	1	391
106	27	1	392
107	71	2	392	394
115	225	3	391	392	394
121	192	2	397	398
127	31	1	394
131	90	1	396
132	187	1	392
133	113	1	392
143	116	1	392
153	49	1	390
158	258	1	398
162	75	2	397	398
166	10	1	390
167	516	3	391	392	396
169	194	1	391
170	37	2	391	392
171	137	2	392	396
176	640	2	390	392
180	221	1	392
181	147	1	392
189	121	2	390	396
191	49	1	396
193	215	1	397
196	93	1	391
198	33	2	397	398
202	306	2	391	396
204	244	3	391	394	396
205	241	1	392
206	29	1	392
210	118	2	397	398
225	185	2	397	397
230	248	2	392	394
232	92	1	394
239	10	1	392
240	128	1	391
247	233	2	392	396
248	38	1	392
250	19	1	392
258	112	1	397
264	224	1	392
276	69	1	397
277	37	1	392
279	332	2	397	398
285	237	1	394
287	23	1	394
290	6	1	392
294	72	2	392	394
296	135	1	392
306	128	1	392
318	211	2	392	396
323	39	1	391
337	15	1	398
340	24	1	394
348	173	1	392
358	26	1	392
359	233	1	397
372	183	3	390	390	394
382	34	1	394
384	205	1	392
386	312	2	392	397
389	5	1	390
391	64	1	392
393	119	1	394
395	34	1	396
397	159	1	398
398	22	1	397
403	54	1	392
405	58	1	392
416	106	1	392
418	223	1	398
420	126	3	397	397	398
422	36	1	397
426	110	1	397
441	80	2	390	392
449	14	1	392
450	166	2	390	392
451	209	4	391	392	397	398
475	194	1	390
477	4	1	397
479	38	1	396
488	47	1	392
490	261	2	397	398
491	74	1	397
492	134	2	390	392
493	75	1	392
497	106	1	392
502	98	1	392
508	72	2	392	396
510	111	1	390
514	27	1	391
519	77	3	390	392	398
522	291	2	391	396
529	709	5	391	392	394	396	397
530	78	1	397
545	70	1	392
547	33	1	394
555	72	1	392
557	69	1	392
561	130	1	398
572	29	1	392
574	51	1	394
578	12	1	392
586	93	1	397
593	56	1	397
597	193	1	396
627	148	1	396
632	61	1	398
635	84	1	397
667	16	1	392
668	49	1	392
670	126	1	397
680	45	1	398
692	70	1	397
695	143	1	392
697	100	1	391
702	3	1	392
704	88	1	397
707	212	1	392
715	250	2	392	394
718	187	1	391
725	80	1	398
732	45	1	392
733	173	1	392
740	85	1	394
764	51	1	397
766	132	1	392
767	49	1	392
778	47	1	390
789	139	3	396	397	398
791	13	1	392
796	12	1	392
797	35	1	392
801	104	1	397
818	40	1	392
820	36	1	392
823	115	2	397	398
824	85	1	396
832	32	1	392
842	137	2	397	398
843	51	1	394
844	317	4	391	392	394	396
846	96	2	392	396
848	100	1	390
850	279	2	392	396
861	115	1	397
862	52	2	391	392
872	70	1	392
874	11	1	392
878	39	1	397
881	56	1	392
892	38	1	392
893	12	1	392
899	65	1	396
905	125	1	396
909	31	1	391
921	113	1	398
925	46	1	392
929	11	1	392
936	52	1	392
941	145	1	392
942	92	1	392
944	54	2	392	394
948	190	2	397	398
957	75	1	394
992	68	1	398
998	101	1	398
999	21	1	392
1016	26	1	392
1030	17	1	396
1031	32	1	392
1038	15	1	391
1047	144	1	398
1052	117	1	397
1058	177	2	392	394
1066	1	1	397
1069	138	2	391	392
1070	77	1	394
1075	120	1	392
1079	24	1	397
1087	58	1	394
1091	16	1	392
1116	26	1	392
1121	109	2	397	398
1129	83	1	392
1131	47	1	392
1146	31	1	392
1148	78	1	397
1151	47	1	392
1172	21	1	392
1184	105	1	394
1194	52	1	392
1197	24	1	392
1207	66	1	392
1208	8	1	396
1213	80	2	390	392
1216	108	2	397	398
1232	48	1	398
1244	10	1	390
1274	63	1	396
1278	14	1	392
1280	57	2	392	394
1282	51	1	392
1300	40	1	392
1310	34	1	397
1313	63	1	390
1322	36	1	392
1344	47	1	391
1349	10	1	392
1355	16	1	390
1360	64	1	398
1363	17	1	394
1368	147	2	397	398
1380	6	1	391
1389	30	1	392
1399	39	1	397
1403	10	1	397
1414	282	3	391	392	398
1420	51	1	397
1423	24	1	392
1433	107	1	392
1438	8	1	392
1454	26	1	397
1457	25	1	398
1460	139	2	392	396
1464	27	1	396
1475	69	1	396
1490	4	1	392
1511	9	1	392
1515	25	1	398
1531	41	1	397
1532	27	1	396
1533	10	1	392
1534	45	1	392
1536	15	1	397
1540	32	1	397
1542	16	1	397
1548	1	1	394
1561	45	2	390	390
1567	41	1	392
1569	28	2	390	396
1571	110	2	397	398
1575	53	2	397	398
1580	58	1	390
1582	74	2	391	396
1591	36	1	392
1629	73	1	392
1646	10	1	397
1653	56	1	390
1662	47	2	391	396
1685	67	1	397
1696	20	1	391
1701	42	1	392
1711	25	1	392
1714	35	1	392
1716	37	1	394
1729	76	1	397
1737	5	1	392
1740	30	1	397
1746	11	1	392
1751	26	1	392
1766	13	1	392
1796	48	2	392	394
1810	10	1	392
1831	89	1	392
1851	13	1	398
1872	24	1	392
1874	24	1	391
1878	6	1	397
1884	164	3	392	396	398
1927	56	1	398
1937	53	2	392	396
1973	27	1	392
2004	22	1	396
2015	51	3	390	392	394
2037	41	1	397
2053	37	2	397	398
2058	37	1	392
2075	48	1	392
2089	12	1	397
2092	49	1	394
2097	35	1	394
2120	24	1	398
2144	30	1	397
2163	51	1	397
2170	35	1	392
2184	4	1	398
2187	3	1	392
2188	68	1	397
2212	68	1	398
2231	62	1	392
2270	4	1	397
2277	29	2	392	397
2280	21	1	392
2311	11	1	390
2341	6	1	392
2348	47	1	394
2363	7	1	392
2399	6	1	390
2438	14	1	390
2449	23	1	392
2593	11	1	392
2654	17	1	397
2657	3	1	392
2666	4	1	396
2672	13	1	392
2694	9	1	394
2737	1	1	392
2762	15	1	394
2832	7	1	397
2836	2	1	392
2841	13	1	392
2857	19	1	392
2862	35	1	392
2864	30	1	392
2881	16	1	392
2883	23	1	390
2903	1	1	394
2906	31	1	396
2920	15	1	396
2925	23	1	397
2928	4	1	390
2953	12	1	392
2963	9	1	394
2972	14	1	392
3006	9	1	392
3008	13	1	392
3015	12	1	394
3016	8	1	392
3038	19	1	392
3059	18	1	397
3093	5	1	392
3105	4	1	390
3134	11	1	392
3150	2	1	392
3302	5	1	392
3303	9	1	397
3323	38	1	392
3340	3	1	398
3368	17	1	390
3403	5	1	390
3425	1	1	392
3426	10	1	392
3433	18	1	392
3487	1	1	392
3572	2	1	392
3585	6	1	392
3712	8	1	390
3796	7	1	392
3820	1	1	394
4017	2	2	397	397
4107	2	1	394
4231	3	1	392
4273	2	1	392
4573	1	1	394
4636	1	1	392
4668	4	1	392
4766	1	1	392
4961	1	1	394
4963	2	1	392
5065	1	1	392
5173	4	1	392
5353	2	1	392
5370	1	1	396
5423	3	1	396
5603	1	1	392
5618	1	1	392
5863	1	1	392
