2	522	1	1242
3	402	2	1240	1242
9	460	1	1242
16	286	1	1248
18	318	1	1242
19	91	1	1240
22	52	1	1242
23	134	1	1242
26	18	1	1242
31	254	1	1248
36	62	1	1248
48	257	1	1248
50	385	2	1240	1242
53	219	1	1242
54	733	2	1243	1248
60	231	2	1242	1243
62	89	1	1248
65	159	1	1248
67	827	3	1240	1242	1248
73	344	1	1242
75	182	1	1240
79	87	2	1243	1248
94	240	1	1242
96	113	1	1248
103	237	2	1242	1248
107	71	1	1242
123	59	1	1248
131	90	1	1240
135	70	1	1243
137	73	1	1242
143	116	1	1240
155	49	1	1248
156	205	2	1242	1248
158	258	1	1243
167	516	1	1248
169	194	1	1242
171	137	1	1240
174	118	1	1242
176	640	1	1242
178	55	1	1243
181	147	2	1240	1242
183	160	1	1240
189	121	2	1240	1242
193	215	1	1243
205	241	1	1242
226	42	1	1242
230	248	1	1242
232	92	2	1240	1242
236	95	1	1248
240	128	1	1240
260	98	2	1242	1248
261	105	2	1240	1242
264	224	2	1240	1242
278	49	1	1242
279	332	1	1242
285	237	1	1240
293	151	1	1248
294	72	1	1242
296	135	1	1242
299	113	1	1248
318	211	1	1242
331	47	1	1248
335	232	1	1248
348	173	1	1242
366	34	1	1248
372	183	1	1240
374	249	1	1248
386	312	1	1243
392	34	1	1242
393	119	1	1240
402	165	1	1248
413	4	1	1243
418	223	1	1243
421	42	1	1242
450	166	2	1240	1242
465	79	1	1242
477	4	1	1242
490	261	1	1248
493	75	1	1242
497	106	1	1242
512	202	1	1240
515	94	1	1243
522	291	2	1240	1242
529	709	1	1242
537	231	1	1240
542	165	1	1248
545	70	2	1240	1242
556	69	1	1248
576	117	2	1243	1248
595	120	1	1240
607	45	1	1240
612	55	1	1242
656	103	2	1242	1248
657	49	1	1248
663	44	1	1243
665	31	1	1242
670	126	1	1243
688	133	1	1243
690	96	1	1248
692	70	1	1242
707	212	1	1240
715	250	1	1242
718	187	1	1242
740	85	1	1243
749	62	1	1242
751	166	1	1248
766	132	1	1242
769	124	1	1243
789	139	1	1242
790	49	1	1242
798	40	1	1240
814	171	2	1242	1248
819	19	1	1242
824	85	1	1243
840	79	1	1243
844	317	1	1242
850	279	1	1240
861	115	1	1242
884	150	1	1242
895	57	1	1248
912	41	1	1242
933	25	1	1242
934	101	1	1242
936	52	1	1240
942	92	1	1242
944	54	1	1242
945	49	1	1242
947	56	1	1248
948	190	1	1248
956	60	1	1248
978	41	1	1243
983	184	1	1248
992	68	1	1242
1039	5	1	1242
1047	144	2	1242	1243
1052	117	1	1243
1058	177	2	1240	1242
1070	77	1	1240
1072	36	1	1243
1075	120	1	1242
1078	65	1	1242
1081	7	1	1243
1082	34	1	1243
1095	20	1	1248
1113	11	1	1242
1151	47	1	1242
1184	105	1	1242
1195	153	1	1242
1199	17	1	1248
1245	18	1	1240
1252	88	1	1248
1297	52	1	1243
1300	40	1	1242
1384	7	1	1242
1527	51	1	1242
1529	33	1	1248
1546	32	1	1248
1567	41	1	1242
1572	57	1	1243
1603	55	1	1243
1604	20	1	1242
1657	33	1	1240
1742	90	1	1248
1776	59	1	1248
1796	48	1	1242
1801	69	1	1243
1808	47	1	1242
1829	10	1	1243
1888	8	1	1242
1899	7	1	1242
1914	8	1	1243
1916	75	1	1242
1938	19	1	1240
1945	57	1	1242
2046	105	1	1248
2058	37	1	1242
2059	270	3	1242	1243	1248
2078	45	1	1248
2108	52	1	1243
2122	22	1	1242
2192	26	1	1248
2291	29	1	1248
2314	24	1	1248
2571	12	1	1242
2586	2	1	1240
2627	31	1	1248
2643	5	1	1242
2706	33	1	1248
2749	26	1	1248
2836	2	1	1242
2841	13	1	1242
2864	30	1	1240
2964	2	1	1242
2981	3	1	1240
3080	4	1	1240
3093	5	1	1242
3099	3	1	1242
3117	7	1	1243
3193	6	1	1248
3230	16	1	1248
3307	5	1	1248
3451	2	1	1243
3770	5	1	1242
3887	1	1	1242
3932	4	1	1242
4029	5	1	1242
4284	7	1	1248
4598	2	1	1248
4850	1	1	1248
4917	2	1	1242
4920	2	1	1242
5152	4	1	1242
5924	1	1	1242
6168	1	1	1242
