2	522	3	1132	1137	1139
3	402	1	1134
8	114	1	1139
9	460	2	1132	1134
16	286	2	1134	1137
18	318	1	1132
40	133	1	1134
41	71	1	1134
50	385	2	1132	1134
54	733	3	1130	1137	1139
60	231	1	1132
62	89	2	1132	1137
67	827	3	1132	1134	1137
69	271	1	1137
71	218	1	1139
73	344	1	1132
75	182	1	1134
77	63	1	1132
79	87	1	1132
87	54	2	1130	1132
103	237	1	1134
115	225	1	1134
123	59	1	1137
132	187	1	1134
133	113	1	1130
137	73	1	1132
141	95	1	1130
156	205	1	1132
158	258	1	1130
162	75	1	1139
165	38	1	1134
167	516	1	1137
176	640	2	1130	1139
181	147	1	1134
202	306	1	1137
204	244	1	1137
205	241	1	1137
210	118	1	1132
213	56	1	1130
225	185	2	1132	1139
247	233	1	1137
256	137	1	1134
260	98	2	1134	1137
277	37	1	1132
278	49	1	1132
279	332	2	1132	1137
291	260	1	1132
296	135	1	1134
318	211	1	1134
319	45	1	1139
328	122	1	1132
341	50	1	1130
345	54	1	1132
356	23	1	1132
372	183	1	1134
386	312	1	1132
403	54	1	1134
410	48	1	1139
418	223	2	1130	1139
421	42	1	1132
441	80	1	1134
451	209	2	1132	1137
453	83	1	1132
456	54	1	1132
466	47	2	1130	1139
471	59	1	1132
479	38	1	1137
484	23	1	1132
490	261	1	1137
491	74	1	1130
497	106	1	1134
500	15	1	1137
502	98	1	1132
512	202	1	1134
519	77	1	1132
528	45	1	1134
529	709	3	1132	1134	1137
530	78	1	1132
532	91	1	1137
542	165	1	1137
561	130	1	1139
576	117	2	1132	1139
593	56	1	1139
616	40	1	1139
627	148	1	1137
632	61	1	1132
635	84	1	1132
637	17	1	1132
644	4	1	1134
645	227	1	1132
670	126	1	1130
675	87	1	1134
680	45	1	1132
682	26	1	1139
688	133	2	1132	1137
692	70	1	1139
700	32	1	1134
703	75	1	1134
704	88	2	1130	1137
714	205	1	1137
715	250	1	1137
721	216	1	1137
726	27	1	1132
728	31	2	1130	1139
734	50	1	1132
738	85	2	1130	1137
740	85	1	1134
769	124	1	1132
771	101	1	1139
789	139	2	1132	1137
800	36	1	1139
801	104	1	1132
804	49	1	1137
814	171	1	1132
816	37	1	1134
823	115	1	1139
824	85	1	1130
825	90	1	1132
843	51	1	1134
850	279	1	1132
861	115	1	1132
878	39	1	1139
884	150	1	1132
891	23	1	1130
903	77	1	1132
920	47	1	1137
925	46	1	1139
935	17	1	1132
948	190	3	1132	1137	1139
957	75	1	1134
980	24	1	1139
990	46	1	1132
992	68	1	1132
995	28	1	1132
1005	95	1	1134
1026	3	1	1139
1032	33	1	1132
1037	44	1	1132
1040	26	2	1132	1132
1045	186	1	1134
1047	144	2	1130	1132
1052	117	1	1134
1103	34	1	1132
1108	92	1	1132
1121	109	1	1139
1131	47	1	1132
1133	39	1	1134
1136	55	1	1137
1138	6	2	1132	1139
1145	16	1	1137
1148	78	1	1132
1164	8	1	1137
1179	54	1	1137
1187	18	1	1132
1189	121	1	1132
1195	153	1	1130
1233	59	1	1137
1274	63	1	1132
1292	15	1	1137
1299	66	1	1132
1318	8	1	1134
1341	21	1	1130
1360	64	1	1139
1364	54	1	1139
1365	53	1	1137
1368	147	1	1130
1375	8	1	1130
1381	1	1	1130
1414	282	1	1137
1424	57	1	1130
1433	107	2	1132	1139
1493	40	1	1134
1504	41	1	1130
1512	23	1	1137
1524	76	1	1132
1556	24	1	1132
1564	11	1	1132
1571	110	1	1130
1572	57	1	1137
1584	12	1	1132
1603	55	1	1132
1701	42	2	1132	1139
1716	37	1	1134
1728	97	1	1137
1742	90	1	1132
1762	57	1	1132
1776	59	1	1139
1787	24	1	1130
1821	27	1	1137
1834	3	1	1132
1843	5	1	1134
1846	48	1	1134
1865	16	1	1132
1888	8	1	1132
1905	34	1	1130
1939	66	1	1132
1993	45	1	1132
2003	28	1	1132
2015	51	1	1134
2026	23	1	1130
2037	41	1	1139
2053	37	1	1139
2059	270	3	1132	1137	1139
2071	45	1	1137
2096	22	1	1132
2103	16	1	1132
2157	2	1	1132
2160	82	1	1132
2242	27	1	1139
2245	15	1	1137
2255	37	2	1132	1134
2353	40	1	1130
2375	22	1	1132
2430	11	1	1132
2599	27	1	1134
2749	26	1	1132
2758	2	1	1132
2764	7	1	1137
2826	7	1	1132
2918	1	1	1130
2941	8	1	1137
2950	26	1	1139
2980	11	1	1134
3010	7	1	1134
3014	29	1	1134
3054	13	1	1137
3129	6	2	1130	1137
3218	2	1	1132
3328	5	1	1132
3614	5	1	1134
3629	1	1	1132
3674	10	1	1132
3785	6	1	1132
3794	8	1	1132
3871	1	1	1132
3884	9	1	1132
3951	9	1	1132
3959	12	1	1134
4066	5	1	1139
4121	1	1	1130
4348	2	1	1132
4725	1	1	1137
4872	1	1	1130
4979	1	1	1137
5047	1	1	1132
5181	10	1	1130
6171	1	1	1130
