2	522	4	872	876	876	878
3	402	2	872	874
8	114	2	876	878
9	460	5	873	874	876	877	878
12	126	1	876
18	318	3	872	876	878
23	134	1	874
31	254	1	876
32	15	1	872
33	25	1	872
37	139	1	872
48	257	1	876
50	385	2	872	876
53	219	2	872	874
54	733	4	872	873	877	878
59	236	1	876
61	98	2	876	878
62	89	1	873
63	91	1	872
64	81	1	874
65	159	2	876	878
66	71	1	873
67	827	4	872	873	874	876
69	271	1	873
71	218	2	876	878
73	344	3	874	877	878
85	34	1	878
96	113	1	876
107	71	1	872
112	118	1	876
117	36	1	876
118	60	1	874
121	192	1	873
122	100	1	876
127	31	1	872
131	90	1	872
132	187	2	874	876
133	113	1	878
141	95	1	872
143	116	1	872
149	63	1	876
150	16	1	876
156	205	1	874
162	75	1	878
167	516	3	872	873	876
169	194	2	872	874
174	118	1	872
176	640	4	874	876	877	878
179	121	1	876
181	147	2	872	874
184	42	1	872
185	2	1	874
189	121	1	872
193	215	1	876
198	33	1	876
200	79	1	873
202	306	1	873
204	244	1	873
205	241	1	873
210	118	2	877	878
225	185	4	874	876	876	878
226	42	1	876
229	118	2	874	876
232	92	1	872
235	20	1	876
243	42	1	876
246	21	1	876
247	233	1	872
250	19	1	873
252	193	2	877	878
259	28	3	876	876	878
262	57	2	876	878
264	224	1	872
276	69	1	876
277	37	2	872	872
279	332	1	876
283	25	1	876
285	237	1	874
286	88	1	877
287	23	1	872
291	260	1	876
293	151	2	873	876
296	135	1	874
306	128	1	873
318	211	2	872	874
319	45	1	873
321	104	2	876	876
331	47	1	876
335	232	2	872	873
337	15	1	876
340	24	1	874
343	101	1	872
345	54	1	878
348	173	1	874
349	48	1	876
359	233	2	876	878
362	45	1	876
363	9	1	874
372	183	1	872
373	88	1	877
374	249	2	872	876
381	88	1	873
382	34	1	872
386	312	2	876	878
391	64	1	876
392	34	1	874
393	119	2	872	874
395	34	1	874
397	159	4	873	876	877	878
402	165	1	876
410	48	1	878
412	82	2	876	876
416	106	2	874	876
420	126	1	876
424	83	1	872
450	166	1	878
451	209	3	872	873	876
460	155	2	873	878
464	11	1	872
466	47	1	876
467	113	1	878
480	31	1	876
488	47	1	876
491	74	1	878
492	134	1	872
493	75	1	874
497	106	1	874
500	15	1	873
502	98	2	877	878
508	72	1	872
515	94	1	876
522	291	1	874
529	709	6	872	872	873	876	877	878
530	78	1	876
532	91	1	873
542	165	1	873
544	101	1	873
545	70	1	872
557	69	1	872
558	64	1	873
568	25	2	876	877
574	51	1	872
576	117	1	877
580	36	1	873
586	93	1	876
593	56	1	878
595	120	1	872
599	69	1	876
616	40	1	876
621	23	1	876
627	148	1	876
632	61	2	877	878
635	84	1	878
645	227	1	876
655	50	1	876
656	103	2	877	878
664	91	1	876
667	16	1	874
670	126	1	878
681	3	1	878
682	26	1	878
690	96	1	876
692	70	2	873	877
695	143	1	876
704	88	1	876
707	212	2	872	874
714	205	3	872	876	878
715	250	1	873
723	46	1	872
725	80	1	878
727	23	1	876
733	173	1	874
736	16	1	878
737	6	1	877
738	85	1	876
747	93	1	876
751	166	1	876
764	51	2	876	878
765	20	1	876
766	132	1	876
771	101	1	878
779	58	1	876
785	71	2	873	878
789	139	2	876	878
798	40	1	873
806	50	1	874
813	39	1	872
814	171	1	876
823	115	2	876	878
824	85	1	872
825	90	1	876
830	8	1	876
832	32	1	874
842	137	1	876
844	317	2	872	874
846	96	1	872
850	279	1	876
855	51	1	878
861	115	1	878
863	27	1	872
870	28	1	876
875	11	1	876
884	150	2	873	876
891	23	1	874
892	38	1	874
894	39	1	876
900	67	1	872
904	6	1	876
920	47	1	873
926	33	1	873
930	39	1	872
934	101	1	874
935	17	1	876
936	52	1	872
941	145	2	874	876
947	56	1	876
948	190	2	876	878
963	31	1	876
970	28	1	872
975	82	1	878
980	24	1	878
983	184	1	876
990	46	1	877
993	36	1	872
1000	66	1	876
1020	3	1	878
1022	48	1	876
1037	44	1	878
1041	49	1	874
1047	144	2	877	878
1050	29	1	878
1052	117	1	876
1058	177	1	872
1065	54	1	876
1069	138	2	874	876
1072	36	1	876
1075	120	1	874
1079	24	1	876
1087	58	1	873
1094	99	1	876
1096	95	1	878
1108	92	1	876
1121	109	3	876	876	878
1130	157	1	876
1136	55	1	873
1140	19	1	876
1148	78	1	876
1149	42	1	876
1154	10	1	876
1163	10	1	876
1168	37	1	877
1179	54	1	873
1184	105	2	872	874
1186	12	1	876
1188	36	1	873
1194	52	1	874
1198	42	1	876
1213	80	1	874
1216	108	1	878
1232	48	1	876
1233	59	1	873
1251	27	1	878
1283	31	1	876
1286	28	1	876
1287	72	1	878
1292	15	1	873
1322	36	1	876
1326	30	1	872
1327	34	1	874
1337	58	1	876
1349	10	1	874
1360	64	1	878
1364	54	2	872	878
1368	147	3	876	877	878
1378	114	1	876
1385	42	1	876
1414	282	2	873	878
1417	41	1	876
1420	51	1	876
1422	4	1	876
1426	44	1	872
1433	107	1	874
1460	139	1	872
1469	13	1	876
1475	69	1	872
1476	39	1	876
1477	39	1	873
1483	15	1	876
1504	41	1	876
1519	120	1	876
1524	76	1	877
1527	51	1	873
1528	17	1	872
1531	41	1	878
1534	45	1	873
1541	26	1	877
1563	11	1	873
1575	53	2	874	878
1578	24	1	876
1584	12	1	878
1618	14	1	876
1638	37	1	876
1651	22	2	876	877
1660	21	1	872
1664	37	1	876
1685	67	2	876	878
1710	13	1	876
1728	97	1	873
1729	76	1	878
1753	40	1	873
1756	6	1	876
1776	59	1	878
1787	24	1	876
1793	6	1	874
1796	48	1	874
1797	64	2	876	878
1801	69	2	876	877
1808	47	1	878
1839	29	1	876
1841	31	1	876
1850	33	1	877
1855	122	1	872
1862	28	1	872
1865	16	1	878
1931	49	1	874
1939	66	2	876	878
1942	12	1	876
1955	6	2	876	876
1977	26	1	876
1993	45	1	876
2003	28	1	876
2015	51	1	874
2017	20	1	876
2037	41	1	878
2059	270	3	873	876	878
2063	31	1	876
2069	11	1	876
2082	26	1	873
2085	3	1	876
2092	49	1	872
2101	26	1	872
2128	52	1	874
2131	44	2	876	878
2144	30	2	876	876
2160	82	2	876	876
2186	42	1	876
2188	68	1	878
2212	68	1	876
2235	14	1	876
2239	27	1	876
2242	27	1	878
2244	18	1	876
2260	8	1	872
2264	37	1	874
2273	5	1	876
2277	29	1	876
2280	21	1	874
2302	55	1	874
2313	10	1	878
2332	4	1	874
2339	50	2	876	878
2348	47	1	872
2419	12	1	876
2440	12	1	872
2512	8	1	874
2531	3	1	872
2591	3	1	878
2631	10	1	876
2704	1	1	872
2713	11	1	873
2729	23	1	872
2730	9	1	874
2762	15	1	872
2799	38	1	876
2857	19	1	874
2884	33	1	872
2998	9	1	876
3007	2	1	876
3059	18	1	878
3074	8	1	878
3168	23	1	873
3266	2	1	876
3323	38	1	874
3362	5	1	876
3374	5	1	873
3433	18	1	874
3486	5	1	874
3509	9	1	872
3621	3	1	876
3691	19	1	876
3748	2	1	876
3794	8	1	877
3837	5	1	873
3950	3	1	876
3992	6	1	874
3994	2	1	872
4015	1	1	872
4028	1	1	878
4050	7	1	873
4213	3	1	874
4528	2	1	873
4595	1	1	874
4640	8	1	874
4836	2	1	873
4893	1	1	878
5686	1	1	874
5987	1	1	872
6054	1	1	874
6196	1	1	873
