2	522	2	1760	1761
3	402	1	1766
14	136	1	1766
18	318	2	1760	1761
23	134	1	1766
31	254	1	1761
32	15	1	1766
49	124	1	1761
50	385	1	1766
52	57	1	1761
53	219	1	1769
54	733	3	1760	1761	1768
60	231	1	1768
63	91	2	1766	1769
65	159	1	1760
66	71	1	1766
67	827	3	1761	1766	1769
69	271	2	1761	1766
71	218	1	1760
73	344	1	1760
80	9	1	1768
93	42	1	1766
94	240	1	1766
103	237	1	1766
115	225	2	1766	1766
121	192	1	1760
122	100	1	1766
132	187	1	1766
143	116	1	1766
158	258	1	1768
167	516	1	1761
169	194	2	1766	1766
176	640	3	1760	1766	1768
179	121	1	1761
181	147	1	1766
189	121	1	1766
193	215	1	1768
202	306	2	1761	1766
204	244	3	1761	1766	1766
205	241	1	1761
210	118	1	1760
213	56	1	1768
219	42	1	1766
225	185	1	1760
230	248	2	1766	1769
232	92	1	1766
252	193	1	1760
261	105	1	1766
262	57	1	1760
264	224	1	1766
267	58	1	1766
279	332	1	1768
285	237	2	1766	1766
291	260	1	1769
308	9	1	1761
335	232	1	1761
348	173	2	1766	1766
359	233	1	1760
372	183	1	1766
386	312	1	1766
392	34	1	1769
393	119	2	1766	1769
395	34	1	1766
397	159	1	1760
402	165	1	1761
412	82	1	1760
420	126	1	1768
435	71	1	1761
438	10	1	1761
441	80	1	1766
449	14	1	1766
450	166	1	1766
454	79	1	1769
460	155	1	1768
466	47	1	1768
467	113	1	1760
468	70	1	1766
490	261	1	1760
492	134	2	1766	1766
502	98	1	1760
510	111	1	1766
512	202	3	1766	1766	1769
515	94	1	1766
522	291	1	1766
529	709	2	1761	1766
532	91	1	1761
542	165	1	1761
544	101	1	1761
551	16	1	1768
555	72	1	1766
558	64	1	1761
561	130	1	1768
574	51	1	1766
595	120	1	1766
597	193	1	1761
615	9	1	1761
636	1	1	1766
645	227	1	1766
666	34	1	1761
670	126	1	1768
692	70	1	1761
695	143	1	1766
701	107	1	1761
707	212	3	1766	1766	1769
714	205	1	1760
715	250	1	1761
728	31	1	1760
733	173	2	1766	1769
753	47	1	1769
771	101	1	1760
777	114	1	1766
785	71	1	1760
797	35	1	1766
801	104	1	1768
814	171	1	1766
823	115	1	1760
827	19	1	1761
843	51	1	1766
844	317	2	1766	1769
941	145	1	1766
945	49	1	1769
946	75	1	1768
977	5	1	1761
998	101	2	1760	1761
1011	60	1	1761
1028	90	1	1761
1033	30	1	1761
1045	186	2	1761	1766
1070	77	1	1766
1087	58	1	1761
1096	95	1	1760
1108	92	1	1766
1121	109	1	1760
1122	40	2	1766	1766
1129	83	1	1766
1147	23	1	1761
1148	78	1	1760
1177	54	1	1761
1179	54	1	1761
1208	8	1	1761
1210	3	1	1766
1233	59	1	1761
1251	27	1	1760
1252	88	1	1761
1262	38	1	1766
1276	3	1	1769
1280	57	1	1766
1327	34	1	1768
1365	53	1	1761
1411	31	1	1761
1414	282	1	1761
1424	57	1	1768
1433	107	2	1760	1761
1460	139	1	1766
1477	39	1	1761
1512	23	1	1768
1528	17	1	1766
1572	57	1	1768
1604	20	1	1766
1630	15	1	1769
1657	33	1	1761
1695	47	1	1761
1728	97	1	1761
1729	76	1	1760
1762	57	1	1761
1765	39	1	1766
1767	20	1	1768
1771	11	1	1760
1853	37	1	1769
1855	122	1	1766
2004	22	1	1766
2059	270	1	1760
2092	49	1	1766
2128	52	1	1761
2131	44	1	1760
2151	18	1	1760
2163	51	1	1768
2260	8	1	1766
2454	58	1	1761
2468	1	1	1768
2470	26	1	1766
2472	12	1	1760
2474	57	1	1766
2512	8	1	1761
2563	30	1	1761
2671	17	1	1766
2774	4	1	1766
2793	27	1	1761
2822	13	1	1760
2828	11	1	1761
2905	30	1	1761
2906	31	1	1766
3015	12	1	1766
3091	11	1	1766
3186	2	1	1766
3381	13	1	1766
3577	9	1	1766
3790	5	1	1761
3868	5	1	1766
3879	6	1	1769
4245	8	1	1761
4388	3	1	1761
5090	1	1	1767
5667	1	1	1766
5743	1	1	1766
6223	1	1	1761
