2	522	1	1372
3	402	1	1373
8	114	1	1370
9	460	1	1372
14	136	1	1377
16	286	2	1372	1374
18	318	1	1373
19	91	1	1374
20	70	3	1376	1377	1377
23	134	1	1374
31	254	2	1372	1374
48	257	1	1372
50	385	1	1374
53	219	1	1373
54	733	6	1370	1376	1376	1377	1377	1377
59	236	2	1370	1377
62	89	1	1372
67	827	2	1372	1374
69	271	2	1373	1374
71	218	2	1370	1372
73	344	1	1370
79	87	2	1377	1377
85	34	1	1374
87	54	1	1370
89	39	1	1375
94	240	1	1374
96	113	1	1372
97	34	1	1372
103	237	1	1374
110	43	1	1372
115	225	1	1374
118	60	1	1374
120	19	1	1374
133	113	4	1375	1376	1376	1377
135	70	3	1370	1376	1377
137	73	1	1372
139	16	1	1374
141	95	1	1375
142	23	1	1375
147	56	1	1374
158	258	6	1374	1375	1376	1377	1377	1377
167	516	3	1372	1373	1374
169	194	1	1374
176	640	1	1373
177	53	1	1370
178	55	1	1375
183	160	2	1373	1374
187	25	1	1375
193	215	3	1376	1377	1377
202	306	1	1374
218	84	1	1374
224	14	1	1373
247	233	1	1374
252	193	4	1375	1376	1377	1377
272	63	2	1375	1377
280	61	1	1372
285	237	2	1373	1374
291	260	1	1372
293	151	1	1372
303	42	2	1377	1377
311	42	1	1376
315	40	1	1373
318	211	1	1373
333	32	1	1375
335	232	1	1372
374	249	1	1372
384	205	1	1373
399	17	1	1377
418	223	1	1376
426	110	2	1375	1376
428	52	1	1375
435	71	1	1374
450	166	1	1373
451	209	1	1374
475	194	1	1374
482	42	1	1372
490	261	1	1372
493	75	1	1373
494	29	1	1372
500	15	1	1374
502	98	1	1370
512	202	1	1374
519	77	2	1377	1377
520	80	1	1374
522	291	1	1373
524	56	1	1372
529	709	5	1372	1373	1374	1377	1377
534	102	2	1372	1374
535	11	1	1374
542	165	1	1372
546	39	1	1373
557	69	1	1372
559	87	1	1375
561	130	1	1370
576	117	2	1377	1377
584	69	3	1370	1375	1377
596	61	1	1374
641	56	1	1374
643	68	1	1373
645	227	1	1372
652	57	1	1374
654	17	1	1376
657	49	1	1374
663	44	1	1377
664	91	2	1372	1373
690	96	1	1372
695	143	1	1374
718	187	1	1374
721	216	1	1372
733	173	1	1373
740	85	1	1377
747	93	1	1372
751	166	1	1372
753	47	1	1373
767	49	1	1373
770	58	1	1375
771	101	1	1370
772	37	2	1375	1376
782	31	1	1372
791	13	1	1374
823	115	1	1370
840	79	2	1377	1377
842	137	1	1370
844	317	1	1374
854	39	1	1372
855	51	1	1372
867	120	1	1372
870	28	1	1375
899	65	1	1374
916	45	1	1372
945	49	1	1374
948	190	1	1370
983	184	3	1372	1373	1374
993	36	1	1372
998	101	2	1370	1372
1000	66	1	1372
1001	73	1	1374
1024	32	1	1374
1025	4	1	1372
1036	59	1	1375
1041	49	1	1373
1045	186	1	1374
1052	117	2	1375	1377
1058	177	1	1372
1074	38	1	1372
1078	65	1	1374
1079	24	1	1370
1082	34	1	1370
1126	17	1	1375
1128	48	1	1375
1131	47	1	1375
1149	42	1	1372
1184	105	1	1373
1195	153	1	1375
1198	42	1	1372
1216	108	1	1370
1226	4	1	1370
1243	44	1	1370
1297	52	1	1377
1303	83	1	1372
1331	31	1	1374
1340	7	2	1377	1377
1344	47	1	1374
1346	87	1	1370
1368	147	1	1370
1376	162	3	1375	1377	1377
1378	114	1	1374
1411	31	1	1374
1414	282	2	1370	1374
1417	41	1	1372
1466	19	1	1373
1468	38	1	1375
1500	52	1	1374
1519	120	1	1372
1521	42	1	1373
1524	76	1	1370
1546	32	1	1374
1572	57	1	1370
1579	53	1	1376
1603	55	1	1377
1606	9	1	1373
1609	22	1	1375
1637	11	1	1372
1641	5	1	1373
1669	7	1	1375
1673	6	1	1370
1685	67	1	1370
1696	20	1	1373
1706	10	1	1370
1754	77	1	1375
1787	24	1	1373
1808	47	1	1374
1812	39	3	1376	1377	1377
1831	89	1	1375
1854	32	1	1376
1862	28	1	1372
1884	164	1	1370
1905	34	1	1370
1916	75	1	1374
1942	12	1	1372
2013	9	1	1372
2046	105	1	1372
2059	270	1	1376
2073	5	1	1377
2120	24	3	1376	1376	1376
2124	6	1	1374
2177	8	1	1372
2179	20	1	1376
2202	9	1	1374
2212	68	1	1376
2239	27	1	1370
2245	15	2	1374	1375
2266	38	1	1374
2315	28	1	1373
2353	40	1	1370
2368	50	1	1372
2469	45	1	1373
2808	27	1	1377
2850	7	1	1372
3036	6	1	1377
3264	4	1	1373
3323	38	1	1373
3427	5	1	1375
3428	9	2	1376	1377
3573	4	1	1370
3619	7	1	1376
3691	19	1	1372
3915	4	1	1372
3987	10	1	1376
4057	4	1	1370
4164	1	1	1374
4429	10	1	1375
4476	2	1	1372
4558	5	1	1372
5003	2	1	1376
5085	3	1	1373
6131	1	1	1370
