2	522	5	922	924	924	925	927
3	402	1	924
9	460	2	925	927
12	126	2	922	925
16	286	2	922	926
18	318	1	925
19	91	1	924
31	254	2	922	928
33	25	1	924
44	85	1	922
48	257	1	928
49	124	1	928
50	385	3	922	924	925
53	219	1	924
54	733	4	925	926	927	928
55	104	1	928
59	236	4	922	924	924	927
60	231	1	927
61	98	1	925
62	89	1	926
63	91	1	924
65	159	2	925	928
67	827	5	922	924	924	926	928
69	271	1	928
71	218	1	922
73	344	3	924	925	927
87	54	1	925
96	113	1	928
103	237	1	927
112	118	1	927
115	225	1	924
120	19	1	924
121	192	3	922	925	927
122	100	1	926
132	187	2	924	928
141	95	1	924
151	39	1	924
156	205	1	925
167	516	2	924	928
172	79	1	922
176	640	3	924	927	928
180	221	2	924	927
181	147	1	924
202	306	2	924	926
204	244	3	924	924	926
205	241	1	926
207	14	1	924
210	118	1	927
225	185	1	924
230	248	1	924
238	93	2	922	925
247	233	3	924	926	928
258	112	2	922	925
260	98	1	925
264	224	1	924
276	69	1	925
279	332	1	927
280	61	1	922
282	12	1	928
285	237	1	924
291	260	1	925
293	151	1	926
306	128	1	928
318	211	1	924
320	52	1	925
321	104	1	927
328	122	2	922	925
330	26	1	925
335	232	2	926	928
343	101	2	922	925
348	173	1	924
359	233	2	925	927
372	183	1	924
373	88	1	927
374	249	1	928
379	46	1	924
380	42	1	925
381	88	1	924
386	312	1	925
391	64	2	922	925
393	119	1	924
397	159	1	927
410	48	1	925
420	126	1	925
421	42	1	927
424	83	2	926	928
451	209	1	926
453	83	2	922	925
456	54	1	925
461	27	1	928
465	79	1	926
468	70	1	924
472	21	1	925
475	194	1	924
481	56	1	925
490	261	2	922	925
492	134	1	925
496	30	1	928
497	106	1	924
508	72	1	924
512	202	1	924
515	94	1	922
519	77	1	924
522	291	1	924
523	35	1	924
529	709	3	922	925	926
532	91	1	926
537	231	1	924
539	55	1	924
542	165	4	922	924	926	928
548	6	1	924
556	69	1	928
567	59	1	926
576	117	2	927	928
592	32	1	928
594	125	2	922	925
595	120	1	924
597	193	1	922
599	69	1	925
616	40	1	925
620	17	1	922
622	4	1	922
629	76	1	922
631	8	1	922
645	227	2	922	926
656	103	3	922	925	927
685	28	1	927
690	96	1	922
692	70	1	927
707	212	1	924
715	250	1	928
721	216	1	928
725	80	1	925
732	45	3	922	924	924
738	85	1	925
751	166	1	928
757	20	1	924
769	124	1	925
771	101	1	927
780	8	1	922
789	139	1	924
804	49	2	926	928
813	39	1	924
814	171	2	925	927
823	115	1	925
834	2	1	926
842	137	1	927
850	279	3	924	924	925
864	50	1	922
866	24	1	922
884	150	1	925
901	7	1	924
903	77	1	922
905	125	1	924
920	47	1	926
921	113	2	922	927
923	4	2	924	924
946	75	1	925
948	190	2	924	925
956	60	1	928
975	82	1	922
980	24	1	925
983	184	1	922
986	108	1	928
991	20	1	925
993	36	1	922
1002	106	3	922	924	924
1028	90	1	926
1033	30	1	928
1041	49	1	922
1047	144	2	924	925
1052	117	2	924	924
1055	33	1	922
1058	177	1	924
1065	54	1	925
1096	95	2	925	927
1102	9	1	924
1148	78	2	922	927
1166	30	1	928
1175	42	1	925
1179	54	1	926
1184	105	1	924
1189	121	1	925
1207	66	1	924
1217	16	1	922
1232	48	1	925
1233	59	1	926
1274	63	1	922
1292	15	1	926
1300	40	1	926
1313	63	1	924
1342	44	1	925
1350	30	1	925
1365	53	1	926
1368	147	1	927
1378	114	1	925
1408	8	1	924
1414	282	3	924	926	928
1426	44	1	926
1433	107	1	925
1460	139	1	924
1466	19	1	928
1480	29	1	927
1541	26	1	924
1556	24	1	927
1564	11	1	925
1573	59	1	925
1578	24	1	925
1580	58	1	924
1584	12	1	927
1623	24	1	922
1636	79	2	924	926
1651	22	1	927
1668	13	1	928
1685	67	1	925
1701	42	1	927
1719	42	1	924
1728	97	3	924	926	928
1729	76	1	927
1736	69	1	924
1738	5	1	925
1743	55	1	922
1776	59	1	927
1781	20	1	927
1801	69	1	927
1817	59	1	928
1826	31	1	928
1837	18	1	924
1846	48	1	928
1850	33	1	927
1855	122	1	924
1864	18	1	927
1884	164	1	925
1895	24	1	928
1905	34	1	928
1916	75	2	922	925
1927	56	1	927
1932	4	1	924
1939	66	1	922
1984	19	1	928
1993	45	1	927
2025	16	1	925
2037	41	1	925
2039	6	1	924
2044	29	1	922
2059	270	3	922	927	928
2071	45	1	928
2075	48	1	924
2092	49	1	924
2151	18	1	922
2160	82	1	925
2188	68	2	925	927
2205	1	1	922
2225	19	1	924
2230	13	1	926
2257	20	2	924	924
2314	24	1	927
2342	13	1	922
2348	47	1	924
2355	4	1	924
2368	50	1	922
2381	49	1	926
2387	12	1	927
2395	2	1	924
2409	44	1	922
2428	13	1	926
2458	44	1	928
2474	57	1	927
2479	50	1	925
2623	19	1	922
2641	25	1	925
2650	18	1	922
2709	20	1	924
2729	23	1	928
2740	16	1	924
2749	26	1	927
2762	15	1	924
2787	16	1	925
2799	38	1	925
2811	10	1	924
2899	21	1	926
2910	6	1	922
2926	16	1	924
2959	29	1	926
2960	4	1	924
3152	1	1	924
3193	6	1	927
3247	15	1	922
3252	12	1	925
3331	18	1	924
3337	2	2	924	924
3528	6	1	925
3810	6	1	924
4296	2	1	927
4343	2	2	924	924
4349	1	1	922
4363	2	1	927
4367	2	1	927
4575	1	1	927
4667	3	1	922
4744	3	1	924
4803	10	1	922
4847	1	1	927
5000	2	1	924
5087	6	1	924
5109	1	1	924
5126	1	1	927
5193	1	1	928
5215	1	1	927
5636	2	1	922
6090	1	1	925
6172	1	1	927
