2	522	1	656
5	41	1	650
9	460	2	656	658
12	126	1	656
16	286	2	656	658
18	318	1	651
22	52	1	658
23	134	1	651
31	254	1	658
37	139	1	658
48	257	1	658
49	124	1	658
50	385	2	653	656
54	733	2	651	658
55	104	1	658
60	231	1	658
61	98	1	656
67	827	4	651	653	656	658
69	271	3	651	653	658
73	344	1	656
94	240	1	651
103	237	1	651
129	5	1	658
137	73	1	650
139	16	1	653
147	56	1	653
156	205	1	656
167	516	3	651	653	658
169	194	3	650	651	658
171	137	1	651
176	640	1	651
182	53	1	651
183	160	2	651	653
200	79	1	651
202	306	3	651	653	658
204	244	2	651	658
205	241	3	651	653	658
207	14	1	651
218	84	2	651	653
225	185	1	656
226	42	1	656
236	95	1	650
238	93	1	656
247	233	1	653
258	112	1	656
267	58	1	656
277	37	1	651
279	332	1	656
285	237	1	653
291	260	1	656
293	151	1	651
299	113	2	651	658
306	128	1	651
309	30	1	651
321	104	1	656
328	122	1	656
331	47	1	656
335	232	1	658
343	101	1	656
353	61	1	651
359	233	1	656
362	45	1	658
369	21	1	658
374	249	1	658
384	205	1	650
386	312	1	658
402	165	2	651	658
421	42	1	656
435	71	1	650
453	83	1	656
455	29	1	653
460	155	2	656	658
465	79	1	658
475	194	2	651	653
490	261	1	656
515	94	1	656
519	77	1	650
520	80	1	651
523	35	1	653
529	709	4	651	653	656	658
532	91	1	658
537	231	1	658
539	55	1	653
542	165	2	651	658
544	101	2	651	658
558	64	1	656
564	50	1	651
567	59	2	651	658
576	117	1	656
586	93	1	656
594	125	1	656
597	193	1	653
599	69	1	656
629	76	1	656
635	84	1	656
641	56	1	651
645	227	2	656	658
649	30	1	650
651	41	1	658
652	57	1	653
655	50	1	656
688	133	1	658
690	96	1	651
694	90	1	651
697	100	1	653
699	43	1	651
700	32	1	651
701	107	2	651	658
714	205	1	658
715	250	1	658
718	187	1	658
721	216	2	651	658
734	50	1	651
736	16	1	656
738	85	1	656
752	214	1	651
764	51	1	656
766	132	1	651
780	8	1	656
798	40	1	658
800	36	1	656
814	171	1	656
825	90	1	656
827	19	1	651
842	137	1	656
844	317	2	651	653
850	279	1	653
857	9	1	653
879	19	1	656
884	150	1	650
900	67	1	658
903	77	1	658
905	125	2	650	651
916	45	1	656
921	113	1	650
925	46	1	653
929	11	1	653
934	101	1	651
936	52	1	651
940	14	1	658
948	190	1	656
1011	60	1	651
1018	42	1	651
1024	32	1	651
1026	3	1	650
1028	90	1	658
1041	49	1	656
1045	186	2	651	658
1122	40	1	653
1130	157	1	656
1156	82	1	658
1168	37	1	653
1176	64	1	653
1189	121	1	656
1224	81	1	653
1232	48	1	650
1233	59	1	658
1248	42	1	656
1252	88	3	650	651	653
1269	41	1	653
1274	63	1	656
1283	31	2	656	658
1287	72	1	656
1291	8	1	658
1294	1	1	658
1299	66	1	656
1321	63	2	651	653
1342	44	1	656
1344	47	1	651
1350	30	1	656
1365	53	1	658
1378	114	1	658
1410	41	1	658
1426	44	1	658
1433	107	2	650	656
1457	25	1	650
1460	139	1	658
1476	39	1	651
1500	52	1	653
1532	27	1	653
1547	26	1	658
1560	2	1	653
1567	41	1	651
1571	110	1	656
1622	33	1	651
1636	79	1	658
1729	76	1	656
1736	69	1	653
1762	57	1	656
1763	9	1	653
1808	47	1	658
1826	31	1	653
1884	164	1	653
1939	66	1	656
1993	45	1	656
2017	20	1	658
2059	270	2	656	658
2062	33	1	651
2108	52	1	650
2133	29	1	656
2191	16	1	651
2247	22	1	656
2326	33	2	651	658
2348	47	1	650
2409	44	1	656
2458	44	2	653	658
2462	2	1	650
2473	14	1	651
2474	57	2	656	658
2525	18	1	651
2533	14	1	656
2540	3	1	656
2563	30	1	656
2593	11	1	650
2602	20	1	656
2640	5	1	653
2650	18	1	656
2662	8	1	651
2749	26	1	656
2772	29	1	651
2799	38	1	656
2967	7	1	658
2972	14	1	651
2991	19	1	656
3027	11	1	656
3247	15	1	656
3311	4	1	656
3323	38	1	653
3414	12	1	653
3502	6	1	658
3594	1	1	656
3632	4	1	656
3698	4	1	651
3789	3	1	653
4233	5	1	651
4366	2	1	653
4667	3	1	656
4804	2	1	650
4918	4	1	650
5108	5	2	653	658
5165	1	1	658
5415	2	1	653
6072	1	1	658
