3	402	5	104	106	107	107	109
6	30	1	102
9	460	2	103	106
16	286	2	102	107
28	25	1	104
31	254	1	102
37	139	1	107
40	133	1	109
42	52	1	109
46	63	1	104
49	124	1	102
50	385	2	104	109
53	219	2	106	107
54	733	2	102	103
55	104	1	102
62	89	1	109
63	91	1	107
64	81	1	106
67	827	5	101	102	104	107	109
69	271	2	102	104
71	218	1	101
73	344	3	101	103	104
75	182	2	107	109
93	42	1	107
94	240	1	106
100	35	1	101
103	237	3	102	104	104
106	27	1	107
108	55	2	107	109
112	118	1	103
118	60	1	109
127	31	1	107
132	187	1	102
143	116	2	106	107
147	56	1	104
156	205	1	107
157	64	1	109
166	10	1	109
167	516	2	104	104
169	194	1	104
174	118	1	109
176	640	5	102	104	104	106	107
181	147	2	106	107
183	160	1	107
189	121	1	107
196	93	1	107
202	306	3	102	104	104
204	244	3	102	106	107
205	241	1	102
218	84	1	104
226	42	1	104
230	248	2	107	109
241	35	1	107
247	233	1	102
252	193	1	104
256	137	1	109
260	98	1	109
261	105	1	104
264	224	3	104	106	107
267	58	1	106
279	332	2	103	104
285	237	3	104	104	107
291	260	2	103	107
294	72	1	107
296	135	2	104	107
315	40	1	104
318	211	2	106	107
334	23	1	103
335	232	1	102
339	70	1	107
345	54	1	103
348	173	1	106
349	48	1	104
359	233	1	103
364	15	1	107
373	88	1	103
382	34	1	107
386	312	2	104	104
393	119	2	107	109
401	34	1	102
402	165	2	102	104
409	36	1	104
416	106	1	107
441	80	2	106	107
450	166	1	106
451	209	2	104	104
454	79	1	107
460	155	1	103
465	79	1	102
467	113	2	101	103
468	70	1	104
475	194	2	104	109
482	42	1	104
490	261	2	102	103
497	106	1	107
499	36	1	109
512	202	3	104	104	109
516	36	1	104
522	291	3	104	106	107
529	709	3	102	107	109
539	55	1	104
544	101	1	102
546	39	1	107
564	50	1	106
576	117	1	103
597	193	1	104
627	148	1	102
629	76	1	101
643	68	1	106
645	227	1	101
651	41	1	102
652	57	1	104
668	49	2	107	107
675	87	1	109
678	28	1	109
701	107	1	102
707	212	2	104	107
715	250	3	102	104	104
718	187	2	104	107
723	46	1	101
733	173	3	104	106	107
734	50	2	101	107
745	11	1	107
749	62	1	106
752	214	1	107
770	58	1	103
790	49	1	107
818	40	1	109
831	34	1	101
838	18	1	103
840	79	1	104
844	317	4	104	104	106	107
850	279	3	103	104	104
861	115	1	106
892	38	2	106	107
903	77	1	102
905	125	2	104	104
920	47	1	104
925	46	1	106
927	42	1	103
934	101	1	109
944	54	1	107
945	49	1	109
946	75	1	101
956	60	1	102
957	75	2	107	109
976	75	1	101
983	184	1	106
986	108	1	102
993	36	1	104
1005	95	1	109
1022	48	1	101
1024	32	1	104
1028	90	1	102
1034	28	1	101
1045	186	2	102	109
1050	29	1	106
1054	19	1	104
1058	177	1	104
1069	138	3	101	102	106
1070	77	1	107
1093	33	1	102
1101	36	1	102
1108	92	1	101
1148	78	1	103
1151	47	1	107
1155	6	1	109
1159	31	1	109
1176	64	1	104
1179	54	1	102
1184	105	1	107
1189	121	1	103
1200	5	1	107
1214	13	1	109
1224	81	1	104
1229	58	1	103
1252	88	1	104
1280	57	1	107
1304	5	1	102
1313	63	1	107
1318	8	1	109
1321	63	1	102
1326	30	1	107
1331	31	1	104
1337	58	1	104
1350	30	1	101
1365	53	1	102
1395	10	1	101
1414	282	1	104
1429	34	1	104
1453	38	1	104
1466	19	1	102
1467	8	1	106
1475	69	1	102
1476	39	1	101
1519	120	1	101
1541	26	1	107
1547	26	1	101
1552	27	1	102
1571	110	1	103
1573	59	1	103
1604	20	1	109
1614	18	1	101
1636	79	1	106
1651	22	1	103
1684	53	1	109
1719	42	1	104
1732	25	1	104
1736	69	2	104	104
1743	55	1	102
1762	57	1	102
1769	16	2	106	107
1798	15	1	101
1833	40	1	107
1853	37	1	107
1855	122	1	109
1876	10	1	103
1930	14	1	104
1945	57	1	107
1976	26	1	103
2034	34	1	104
2059	270	1	103
2075	48	1	106
2082	26	1	104
2092	49	1	107
2097	35	1	107
2104	4	1	104
2149	29	1	109
2160	82	1	103
2172	26	1	103
2225	19	1	107
2266	38	1	104
2300	14	1	103
2315	28	2	106	107
2381	49	1	102
2409	44	1	103
2412	1	1	107
2472	12	1	103
2529	5	1	103
2534	5	1	102
2537	7	2	107	109
2563	30	1	102
2595	15	1	107
2599	27	1	109
2673	1	1	103
2740	16	1	107
2760	4	1	104
2763	10	1	104
2767	23	1	109
2784	18	1	109
2810	4	1	107
2841	13	1	106
2845	25	1	101
2857	19	1	107
2976	16	1	102
2980	11	1	109
3014	29	1	109
3053	8	1	103
3054	13	1	106
3071	4	1	107
3085	7	1	109
3170	2	1	107
3185	31	1	104
3203	1	1	102
3227	7	1	104
3250	13	1	102
3271	3	1	103
3381	13	1	109
3478	2	1	109
3541	2	1	107
3654	17	1	104
3798	2	1	104
3835	6	1	104
3854	1	1	101
3941	1	1	107
3955	5	1	101
3959	12	1	109
4062	4	1	103
4305	4	1	101
4362	3	1	109
4457	10	1	103
4759	1	1	104
4791	1	1	107
4795	2	1	109
4812	2	1	107
5063	3	1	101
5087	6	1	104
5604	1	1	109
5825	1	1	107
6142	1	1	107
6151	1	1	107
6228	1	1	107
