2	522	2	1205	1206
3	402	3	1200	1202	1208
12	126	1	1206
19	91	1	1207
22	52	1	1208
23	134	2	1200	1202
48	257	2	1205	1206
50	385	1	1202
53	219	2	1200	1207
61	98	1	1206
65	159	1	1208
67	827	3	1202	1205	1206
69	271	1	1207
73	344	2	1206	1207
75	182	1	1200
94	240	4	1202	1207	1207	1208
96	113	1	1206
103	237	1	1208
107	71	1	1200
111	30	1	1206
115	225	3	1200	1202	1208
118	60	1	1207
131	90	1	1208
132	187	1	1207
137	73	1	1202
149	63	1	1206
156	205	2	1202	1207
167	516	3	1206	1207	1208
169	194	1	1207
171	137	2	1207	1208
172	79	2	1200	1202
176	640	5	1200	1202	1207	1207	1208
180	221	2	1205	1207
181	147	1	1207
182	53	1	1208
189	121	1	1202
196	93	2	1207	1208
202	306	2	1207	1208
203	36	2	1207	1208
204	244	2	1207	1208
205	241	1	1207
207	14	1	1207
210	118	1	1201
218	84	2	1207	1208
224	14	2	1207	1208
225	185	1	1201
229	118	1	1206
230	248	1	1207
232	92	2	1202	1203
234	7	2	1207	1208
236	95	1	1205
237	14	1	1206
240	128	2	1200	1208
247	233	2	1202	1208
260	98	2	1207	1208
261	105	2	1200	1207
264	224	1	1200
279	332	1	1201
285	237	2	1207	1207
291	260	1	1206
294	72	2	1200	1208
296	135	2	1202	1207
298	69	2	1202	1205
303	42	1	1202
314	31	1	1200
318	211	2	1200	1207
336	30	1	1207
348	173	4	1200	1202	1207	1208
353	61	1	1207
362	45	1	1206
363	9	2	1202	1208
366	34	1	1205
372	183	1	1202
374	249	2	1205	1206
379	46	1	1206
380	42	1	1206
381	88	2	1202	1207
384	205	3	1200	1205	1207
393	119	1	1200
416	106	1	1206
428	52	1	1208
448	41	1	1202
450	166	3	1200	1207	1208
451	209	1	1208
454	79	1	1200
468	70	1	1202
497	106	1	1202
508	72	1	1205
512	202	1	1208
520	80	1	1207
522	291	4	1200	1202	1207	1208
529	709	4	1200	1205	1207	1208
546	39	2	1200	1207
558	64	1	1208
561	130	1	1201
574	51	1	1208
586	93	1	1206
594	125	2	1206	1207
595	120	2	1200	1202
599	69	1	1206
607	45	1	1207
627	148	1	1206
643	68	2	1207	1208
645	227	2	1201	1206
647	29	1	1200
665	31	1	1202
668	49	1	1202
675	87	1	1202
690	96	1	1206
703	75	1	1202
707	212	5	1200	1202	1207	1207	1208
714	205	1	1206
715	250	3	1202	1207	1208
718	187	1	1208
721	216	2	1205	1206
723	46	1	1205
733	173	2	1200	1207
734	50	1	1200
751	166	2	1205	1206
752	214	3	1207	1207	1208
753	47	2	1202	1207
766	132	1	1206
767	49	1	1208
779	58	1	1206
789	139	1	1202
806	50	1	1208
813	39	1	1202
820	36	1	1207
823	115	1	1206
832	32	1	1202
842	137	1	1201
844	317	3	1200	1207	1208
846	96	1	1202
848	100	1	1202
867	120	2	1205	1208
892	38	1	1207
900	67	1	1205
910	11	1	1206
932	22	1	1208
934	101	2	1202	1208
941	145	1	1206
942	92	2	1207	1208
944	54	1	1202
957	75	1	1202
961	65	2	1200	1202
976	75	1	1206
977	5	1	1206
983	184	2	1206	1207
990	46	1	1202
1005	95	1	1202
1009	20	1	1207
1022	48	1	1206
1041	49	1	1206
1045	186	1	1208
1049	26	1	1206
1058	177	1	1202
1068	3	1	1202
1075	120	3	1200	1207	1208
1078	65	1	1206
1094	99	1	1208
1130	157	1	1206
1172	21	1	1207
1177	54	2	1207	1208
1184	105	1	1207
1204	7	1	1205
1213	80	1	1202
1218	14	1	1206
1223	27	1	1206
1229	58	1	1206
1242	42	1	1208
1282	51	1	1207
1283	31	1	1205
1347	18	1	1202
1363	17	1	1208
1433	107	1	1207
1463	29	1	1202
1475	69	1	1205
1519	120	1	1206
1521	42	1	1200
1567	41	1	1200
1580	58	1	1202
1582	74	1	1207
1583	8	1	1206
1630	15	1	1200
1636	79	1	1202
1662	47	1	1207
1701	42	1	1207
1713	5	1	1206
1769	16	1	1200
1804	9	1	1205
1811	21	1	1202
1831	89	1	1208
1833	40	1	1207
1839	29	1	1206
1884	164	1	1208
1930	14	1	1207
1931	49	1	1205
1937	53	1	1202
1945	57	1	1200
2005	7	1	1202
2041	6	1	1201
2097	35	1	1208
2105	16	1	1208
2108	52	1	1207
2122	22	1	1208
2231	62	1	1208
2242	27	1	1206
2244	18	1	1206
2277	29	1	1202
2283	7	1	1202
2310	13	1	1207
2348	47	1	1205
2381	49	1	1207
2448	26	1	1205
2454	58	1	1206
2469	45	1	1207
2479	50	1	1206
2517	18	1	1202
2521	17	1	1202
2546	33	1	1207
2568	43	1	1201
2632	9	1	1205
2654	17	1	1201
2688	29	1	1206
2808	27	1	1205
2813	5	1	1205
2864	30	1	1207
2868	2	1	1206
2947	4	1	1202
3071	4	1	1200
3080	4	1	1200
3098	5	1	1202
3185	31	1	1202
3227	7	1	1202
3250	13	1	1200
3295	11	1	1205
3305	13	1	1205
3347	6	1	1200
3381	13	1	1200
3467	17	1	1205
3500	7	1	1202
3685	1	1	1200
3710	8	1	1208
3867	8	1	1207
3959	12	1	1202
3992	6	1	1202
4031	6	1	1200
4953	1	1	1200
5117	1	1	1206
5274	1	1	1205
5405	3	1	1200
5484	4	1	1206
5615	2	1	1202
5781	1	1	1206
6013	1	1	1202
