2	522	1	1405
9	460	1	1405
10	30	1	1406
18	318	1	1405
50	385	1	1405
54	733	4	1400	1401	1404	1406
60	231	2	1400	1404
67	827	1	1405
71	218	1	1404
73	344	1	1405
77	63	1	1400
133	113	1	1401
135	70	1	1401
137	73	1	1405
145	64	2	1400	1406
158	258	3	1400	1401	1406
176	640	1	1406
193	215	2	1400	1401
213	56	1	1406
225	185	1	1400
258	112	1	1400
260	98	1	1405
262	57	1	1405
276	69	1	1400
279	332	2	1400	1406
291	260	1	1405
303	42	1	1401
328	122	1	1405
332	31	1	1400
343	101	1	1405
356	23	1	1404
359	233	1	1405
391	64	1	1405
418	223	3	1400	1401	1406
420	126	3	1400	1404	1406
421	42	1	1406
450	166	1	1400
451	209	1	1400
453	83	1	1405
456	54	1	1405
466	47	2	1400	1404
467	113	1	1405
471	59	2	1400	1404
491	74	1	1406
529	709	1	1405
551	16	1	1404
561	130	2	1400	1406
576	117	1	1406
592	32	1	1405
594	125	1	1405
597	193	1	1405
599	69	1	1405
612	55	1	1405
629	76	1	1405
632	61	1	1400
635	84	2	1400	1404
645	227	1	1405
658	64	1	1405
688	133	1	1401
692	70	1	1405
714	205	1	1404
738	85	1	1405
764	51	1	1400
772	37	1	1404
789	139	2	1400	1406
801	104	1	1405
814	171	1	1406
824	85	1	1404
840	79	2	1401	1406
842	137	1	1405
850	279	1	1405
881	56	1	1405
903	77	1	1405
986	108	1	1401
991	20	1	1405
992	68	1	1404
1041	49	1	1405
1047	144	3	1400	1404	1405
1052	117	2	1400	1401
1069	138	1	1405
1079	24	1	1400
1081	7	1	1401
1082	34	1	1401
1089	9	1	1400
1107	15	1	1401
1108	92	1	1405
1128	48	1	1401
1130	157	2	1405	1406
1131	47	1	1405
1148	78	1	1405
1195	153	2	1404	1405
1256	59	1	1401
1341	21	1	1406
1360	64	1	1400
1376	162	1	1401
1378	114	1	1405
1399	39	1	1400
1408	8	1	1409
1504	41	2	1405	1406
1520	35	1	1400
1554	8	1	1400
1571	110	1	1406
1573	59	1	1404
1627	26	1	1404
1643	24	1	1406
1673	6	1	1404
1707	22	1	1405
1711	25	1	1406
1753	40	1	1405
1767	20	2	1400	1404
1776	59	1	1406
1829	10	1	1401
1846	48	1	1404
1939	66	1	1405
1955	6	1	1404
2003	28	1	1405
2045	21	1	1401
2096	22	1	1405
2112	35	1	1405
2146	8	1	1405
2160	82	1	1400
2168	28	1	1405
2212	68	1	1404
2277	29	1	1400
2288	20	1	1406
2409	44	1	1405
2430	11	1	1405
2616	6	1	1404
2641	25	1	1405
2808	27	1	1405
2977	7	1	1404
3020	26	1	1405
3167	1	1	1406
3625	1	1	1401
4267	14	1	1405
5911	1	1	1406
