2	522	5	340	342	342	343	344
3	402	2	340	347
9	460	2	342	342
12	126	2	342	343
17	35	1	342
18	318	2	343	344
22	52	1	342
23	134	1	347
28	25	1	347
29	22	1	342
37	139	2	342	344
44	85	2	342	342
48	257	2	342	343
50	385	1	344
53	219	1	347
54	733	2	342	344
55	104	1	340
57	33	1	342
59	236	2	342	344
60	231	1	342
61	98	1	342
62	89	1	344
63	91	2	340	347
64	81	2	340	347
65	159	1	343
67	827	5	340	342	343	344	347
69	271	2	340	347
71	218	3	342	342	343
73	344	3	342	342	344
74	65	1	342
75	182	1	340
79	87	1	342
86	4	1	342
87	54	1	342
89	39	2	342	346
94	240	2	347	347
96	113	1	342
97	34	2	342	343
103	237	2	340	347
107	71	1	340
108	55	1	340
110	43	2	342	342
112	118	2	342	342
115	225	2	340	347
121	192	3	342	342	344
122	100	2	342	343
126	41	2	342	342
131	90	1	342
132	187	1	340
134	18	1	343
135	70	1	342
140	29	1	342
141	95	2	342	343
142	23	1	346
149	63	2	342	342
150	16	1	342
156	205	1	344
157	64	2	340	347
158	258	1	346
163	16	1	342
167	516	3	342	343	347
169	194	1	347
170	37	1	347
171	137	1	347
172	79	1	342
174	118	1	340
176	640	4	340	342	342	347
180	221	2	342	347
181	147	1	347
187	25	1	346
196	93	1	343
197	42	1	347
204	244	2	340	347
225	185	3	342	342	343
232	92	1	340
240	128	1	347
243	42	2	340	342
252	193	2	340	347
258	112	2	342	344
260	98	1	342
261	105	1	347
262	57	2	342	342
264	224	1	347
265	3	1	347
267	58	2	342	342
276	69	1	342
277	37	1	342
285	237	1	347
286	88	1	342
291	260	4	340	342	343	344
293	151	1	342
294	72	2	340	347
296	135	1	347
298	69	2	340	342
318	211	2	340	347
320	52	1	342
321	104	2	342	343
328	122	2	342	344
330	26	1	342
331	47	2	342	343
334	23	1	342
335	232	1	343
339	70	2	340	347
341	50	1	342
343	101	2	342	344
345	54	3	342	346	347
348	173	1	347
358	26	2	342	342
359	233	1	342
362	45	1	342
379	46	2	342	342
380	42	2	342	342
383	13	1	342
386	312	3	340	342	342
391	64	3	342	343	344
393	119	2	340	347
397	159	1	342
405	58	1	347
407	48	2	342	343
409	36	2	342	343
412	82	2	342	342
416	106	1	342
422	36	1	342
432	56	1	342
437	26	1	344
438	10	1	344
439	37	2	342	342
441	80	1	340
449	14	1	347
450	166	2	340	347
453	83	2	342	344
454	79	1	340
456	54	2	342	344
464	11	1	347
467	113	1	342
471	59	1	342
478	16	1	342
479	38	1	342
480	31	2	342	342
481	56	1	342
492	134	2	344	347
493	75	1	347
494	29	1	342
502	98	1	342
512	202	1	340
514	27	1	344
516	36	1	347
520	80	1	347
522	291	1	347
528	45	1	343
529	709	4	342	343	344	347
530	78	1	342
534	102	1	342
542	165	1	343
546	39	2	340	347
558	64	4	342	342	343	344
559	87	1	346
586	93	3	342	342	344
594	125	2	342	344
595	120	2	340	347
596	61	1	342
597	193	2	342	343
599	69	4	342	342	343	344
606	17	1	342
612	55	2	342	342
616	40	2	342	342
627	148	2	342	343
628	47	1	342
632	61	1	343
635	84	1	344
645	227	3	342	343	344
647	29	1	347
655	50	2	342	342
656	103	1	344
658	64	3	342	342	344
664	91	1	342
666	34	1	343
668	49	1	347
669	3	1	343
690	96	2	343	344
695	143	2	342	344
699	43	1	340
704	88	2	342	343
707	212	1	347
710	84	1	342
714	205	1	342
718	187	1	347
721	216	1	342
722	15	1	342
726	27	1	342
727	23	1	342
733	173	1	347
736	16	1	342
745	11	1	347
747	93	2	342	343
749	62	1	347
751	166	2	342	343
752	214	2	340	347
757	20	1	347
766	132	1	342
769	124	2	342	344
771	101	2	342	342
775	14	1	342
777	114	1	340
782	31	1	342
785	71	1	342
786	56	1	342
789	139	2	342	342
790	49	1	347
814	171	1	342
823	115	3	342	342	343
825	90	2	342	342
827	19	2	347	347
830	8	1	343
842	137	1	342
843	51	1	340
844	317	2	340	347
850	279	2	342	344
861	115	2	342	342
867	120	1	342
878	39	1	343
884	150	4	342	342	343	344
899	65	1	342
903	77	1	344
904	6	1	342
912	41	1	347
916	45	1	342
925	46	1	342
926	33	1	342
928	29	2	342	342
930	39	2	342	343
932	22	1	347
934	101	1	347
938	13	1	342
941	145	3	342	343	344
944	54	1	340
948	190	3	342	343	344
956	60	1	342
961	65	1	347
976	75	2	342	343
982	22	3	342	342	344
983	184	2	342	343
984	18	1	347
995	28	1	344
1000	66	1	342
1008	8	1	342
1011	60	1	342
1018	42	1	342
1022	48	2	342	343
1036	59	1	342
1037	44	2	342	344
1040	26	2	342	344
1041	49	1	342
1047	144	1	343
1052	117	1	342
1055	33	1	342
1056	8	2	342	342
1058	177	2	340	347
1065	54	2	342	344
1069	138	2	342	343
1070	77	1	340
1074	38	1	343
1075	120	1	347
1078	65	3	342	342	344
1094	99	1	342
1095	20	1	343
1096	95	2	342	344
1103	34	1	342
1108	92	3	342	343	344
1111	25	2	342	344
1124	70	1	340
1129	83	1	342
1130	157	1	343
1131	47	3	342	342	344
1137	10	1	342
1146	31	1	347
1148	78	2	342	343
1149	42	1	342
1153	11	1	347
1156	82	1	344
1163	10	1	342
1165	21	1	342
1168	37	1	342
1184	105	1	340
1189	121	2	342	344
1198	42	1	342
1205	1	1	342
1213	80	1	340
1216	108	1	344
1217	16	1	343
1223	27	2	342	343
1229	58	3	342	342	343
1232	48	1	343
1247	39	1	342
1248	42	3	342	342	344
1261	54	1	346
1262	38	1	342
1274	63	1	343
1280	57	1	340
1283	31	1	343
1286	28	1	342
1287	72	1	342
1296	12	1	342
1298	9	1	342
1299	66	1	343
1303	83	2	342	343
1313	63	1	340
1316	14	1	344
1326	30	1	340
1335	20	1	342
1336	48	1	343
1342	44	3	342	343	347
1347	18	1	347
1350	30	1	342
1363	17	1	347
1367	21	1	342
1374	51	1	342
1376	162	1	346
1380	6	1	342
1382	10	1	342
1397	8	1	342
1414	282	1	343
1433	107	1	343
1439	7	1	342
1452	25	1	342
1454	26	1	342
1475	69	1	342
1519	120	1	342
1526	32	1	342
1527	51	1	344
1531	41	1	342
1547	26	2	342	343
1556	24	1	344
1578	24	1	342
1583	8	1	342
1618	14	1	342
1622	33	1	343
1657	33	1	340
1664	37	1	342
1683	13	2	342	342
1685	67	1	342
1692	54	1	342
1705	27	2	342	342
1710	13	1	342
1712	17	2	342	344
1714	35	1	343
1716	37	1	340
1729	76	1	343
1742	90	1	342
1743	55	1	342
1753	40	1	342
1755	24	1	342
1765	39	1	342
1788	12	1	342
1797	64	1	346
1806	8	1	347
1834	3	1	344
1839	29	3	342	342	344
1841	31	3	342	342	343
1842	6	1	347
1846	48	1	347
1853	37	2	340	347
1862	28	1	343
1896	8	1	342
1912	18	1	347
1916	75	2	342	344
1938	19	1	347
1939	66	2	342	344
1945	57	2	340	347
1951	1	1	342
1989	12	1	347
2003	28	1	344
2017	20	1	342
2044	29	1	344
2059	270	2	340	342
2066	40	1	342
2071	45	1	342
2096	22	1	344
2103	16	1	344
2112	35	1	344
2122	22	1	347
2125	14	1	342
2127	32	1	342
2144	30	1	342
2170	35	1	347
2186	42	1	342
2188	68	1	342
2206	22	1	343
2235	14	1	342
2239	27	3	342	342	343
2244	18	1	342
2247	22	1	344
2255	37	1	347
2259	10	1	342
2283	7	1	347
2291	29	1	347
2293	4	1	347
2296	30	1	343
2339	50	1	342
2375	22	1	342
2381	49	1	347
2428	13	1	342
2430	11	1	344
2433	15	1	346
2449	23	1	347
2455	8	2	342	342
2472	12	1	343
2479	50	2	342	342
2521	17	1	340
2533	14	1	347
2573	3	1	342
2579	9	1	346
2594	4	1	342
2598	4	1	342
2629	9	1	342
2641	25	3	342	342	344
2650	18	1	342
2667	15	1	340
2693	25	1	342
2700	12	1	342
2706	33	1	342
2773	6	1	347
2799	38	3	342	342	344
2810	4	1	340
2829	4	1	342
2845	25	1	342
2855	3	2	342	342
2866	6	1	342
2868	2	1	342
2882	13	1	342
2885	4	1	342
2891	5	1	347
2911	7	1	342
2929	2	1	342
2950	26	1	342
3020	26	3	342	342	344
3045	6	1	342
3112	3	1	342
3215	6	2	340	347
3237	2	1	342
3247	15	1	344
3248	2	1	342
3252	12	1	344
3265	4	1	342
3285	1	1	342
3328	5	1	342
3392	16	1	347
3465	1	1	342
3467	17	1	342
3499	3	1	342
3562	6	1	342
3654	17	1	343
3663	2	1	342
3674	10	1	344
3741	2	1	342
3794	8	1	342
3873	3	1	342
3884	9	1	342
3936	1	1	342
3951	9	1	342
4031	6	1	340
4145	5	1	342
4203	1	1	342
4266	1	1	343
4267	14	1	342
4400	6	1	344
4418	2	1	344
4432	3	1	342
4584	2	1	342
4605	2	1	342
4663	3	1	344
4742	1	1	340
4826	3	2	342	342
4925	2	2	347	347
5129	2	1	342
5138	1	1	342
5187	4	1	343
5201	2	1	342
5219	1	1	342
5342	1	1	342
5353	2	1	342
5565	2	1	342
5710	4	1	342
5711	2	1	342
5826	1	1	342
6217	1	1	342
6227	1	1	342
