2	522	1	1573
5	41	2	1572	1574
9	460	1	1573
14	136	1	1579
54	733	4	1571	1573	1574	1579
59	236	3	1571	1573	1574
60	231	3	1571	1574	1579
67	827	1	1576
73	344	1	1573
77	63	1	1579
121	192	1	1573
126	41	1	1579
149	63	1	1573
158	258	1	1579
162	75	1	1573
176	640	2	1571	1573
177	53	1	1572
178	55	1	1579
180	221	1	1574
193	215	2	1571	1572
210	118	1	1573
213	56	1	1573
252	193	1	1573
254	20	1	1579
258	112	1	1574
272	63	1	1579
279	332	2	1573	1574
286	88	1	1579
311	42	1	1579
321	104	1	1573
332	31	1	1571
359	233	1	1574
386	312	2	1571	1572
397	159	1	1573
412	82	1	1574
418	223	3	1571	1572	1574
421	42	1	1576
426	110	1	1579
451	209	2	1572	1574
460	155	1	1574
466	47	1	1574
478	16	1	1571
530	78	1	1573
559	87	1	1579
561	130	1	1573
576	117	1	1574
584	69	1	1579
598	18	1	1579
612	55	1	1576
629	76	1	1576
645	227	1	1574
646	15	1	1570
654	17	1	1579
663	44	1	1571
670	126	3	1571	1572	1574
688	133	1	1571
704	88	2	1571	1572
710	84	1	1573
714	205	3	1571	1573	1574
738	85	1	1571
740	85	1	1571
760	41	1	1571
769	124	1	1573
772	37	1	1579
814	171	1	1574
823	115	1	1573
842	137	3	1571	1573	1576
861	115	1	1573
883	2	1	1576
903	77	1	1576
921	113	1	1579
927	42	1	1574
992	68	1	1579
998	101	2	1572	1579
1002	106	1	1574
1012	71	2	1573	1579
1047	144	2	1571	1574
1055	33	1	1572
1072	36	1	1574
1082	34	1	1573
1107	15	1	1579
1128	48	1	1579
1130	157	2	1571	1574
1195	153	2	1571	1579
1216	108	1	1573
1217	16	1	1573
1341	21	1	1574
1346	87	1	1574
1360	64	1	1572
1368	147	1	1573
1376	162	1	1579
1415	22	1	1579
1433	107	1	1579
1439	7	1	1576
1445	25	2	1574	1579
1468	38	1	1579
1518	12	1	1579
1520	35	1	1572
1524	76	1	1572
1542	16	2	1576	1579
1571	110	3	1572	1573	1574
1572	57	1	1574
1573	59	1	1574
1579	53	1	1572
1603	55	1	1574
1652	3	1	1579
1685	67	1	1573
1699	1	1	1579
1744	14	1	1573
1784	28	1	1579
1801	69	1	1579
1831	89	1	1579
1839	29	1	1576
1873	5	1	1579
1884	164	2	1574	1579
1914	8	1	1579
1918	9	1	1572
1956	23	1	1574
2026	23	1	1572
2027	12	1	1579
2046	105	1	1579
2059	270	2	1571	1574
2106	3	1	1579
2108	52	1	1571
2123	13	1	1579
2186	42	1	1571
2188	68	1	1573
2219	24	1	1572
2231	62	1	1576
2239	27	1	1579
2252	4	1	1579
2301	39	1	1571
2348	47	1	1570
2431	2	1	1579
2496	7	1	1573
2555	19	1	1579
2568	43	1	1571
2576	15	1	1570
2660	2	1	1579
2735	28	1	1579
2750	11	1	1574
2825	10	1	1579
2862	35	1	1579
2925	23	1	1573
2934	10	2	1572	1574
2977	7	1	1579
3059	18	1	1572
3128	22	1	1576
3206	12	1	1579
3334	1	1	1579
3457	4	1	1573
3573	4	1	1573
3853	8	1	1573
3855	6	1	1571
4024	20	1	1579
4248	3	1	1579
4296	2	1	1574
4547	6	1	1570
4608	2	1	1579
4810	3	1	1579
4936	5	1	1576
5118	1	1	1579
5158	1	1	1579
5373	1	1	1579
5521	1	1	1579
5797	1	1	1579
5856	1	1	1579
5932	1	1	1570
6145	1	1	1576
