2	522	2	1000	1001
3	402	2	1004	1006
9	460	1	1000
12	126	1	1001
16	286	2	1000	1001
17	35	1	1001
18	318	1	1004
31	254	2	1000	1001
36	62	1	1001
46	63	1	1001
48	257	1	1001
53	219	3	1004	1007	1009
54	733	2	1000	1001
55	104	1	1000
59	236	1	1004
64	81	1	1004
67	827	3	1000	1001	1006
69	271	2	1000	1004
74	65	1	1001
94	240	1	1004
96	113	1	1001
103	237	1	1004
110	43	1	1001
115	225	2	1004	1006
119	32	1	1009
121	192	1	1001
122	100	1	1000
132	187	2	1004	1007
140	29	1	1001
151	39	1	1000
157	64	1	1004
167	516	4	1000	1001	1004	1007
169	194	1	1001
171	137	1	1004
176	640	4	1000	1001	1004	1006
179	121	2	1000	1001
181	147	1	1004
191	49	1	1009
193	215	3	1000	1001	1009
195	21	1	1001
200	79	1	1001
202	306	2	1000	1007
204	244	2	1000	1004
205	241	2	1000	1004
218	84	1	1009
219	42	1	1004
229	118	1	1001
230	248	2	1004	1006
232	92	1	1006
236	95	1	1001
238	93	1	1000
247	233	2	1007	1009
252	193	1	1004
262	57	1	1001
264	224	3	1004	1006	1007
285	237	1	1007
293	151	2	1000	1001
296	135	1	1004
297	6	1	1001
298	69	1	1001
299	113	1	1001
318	211	1	1007
321	104	1	1001
335	232	1	1001
348	173	1	1004
374	249	1	1001
386	312	1	1000
393	119	1	1006
401	34	1	1000
402	165	2	1000	1001
437	26	1	1000
441	80	1	1004
444	28	1	1009
448	41	1	1006
450	166	1	1004
451	209	1	1004
465	79	1	1000
468	70	1	1006
490	261	1	1001
493	75	1	1004
496	30	1	1000
502	98	1	1000
508	72	1	1007
510	111	1	1006
518	31	1	1006
520	80	1	1004
522	291	2	1004	1007
524	56	1	1001
529	709	4	1000	1004	1006	1007
534	102	1	1001
537	231	1	1006
555	72	1	1000
556	69	1	1000
564	50	2	1004	1009
572	29	1	1004
575	37	1	1007
586	93	1	1006
594	125	1	1001
595	120	1	1006
596	61	1	1000
597	193	2	1000	1001
599	69	1	1001
627	148	1	1007
641	56	1	1000
643	68	1	1004
645	227	1	1001
656	103	1	1001
657	49	1	1001
664	91	2	1001	1004
668	49	1	1004
675	87	1	1006
694	90	1	1004
695	143	1	1007
707	212	1	1007
715	250	2	1000	1006
721	216	2	1000	1001
732	45	1	1000
733	173	1	1007
738	85	1	1001
751	166	2	1000	1001
752	214	1	1004
773	57	1	1000
777	114	1	1006
782	31	1	1001
786	56	1	1001
797	35	1	1007
800	36	1	1000
804	49	1	1000
806	50	1	1004
820	36	2	1004	1009
825	90	1	1001
829	34	1	1000
831	34	1	1001
844	317	1	1004
850	279	1	1007
854	39	1	1001
855	51	1	1000
861	115	1	1007
862	52	2	1004	1009
866	24	1	1000
870	28	1	1006
892	38	1	1004
900	67	1	1000
934	101	1	1004
941	145	1	1001
942	92	3	1004	1007	1009
943	38	1	1000
956	60	1	1001
963	31	1	1000
983	184	1	1001
999	21	1	1007
1000	66	1	1001
1003	15	1	1004
1005	95	1	1006
1018	42	2	1000	1001
1028	90	2	1000	1001
1045	186	1	1004
1058	177	2	1006	1007
1075	120	1	1004
1087	58	1	1000
1124	70	1	1004
1130	157	1	1001
1136	55	1	1000
1137	10	1	1007
1146	31	1	1004
1151	47	1	1004
1179	54	1	1000
1184	105	1	1004
1194	52	1	1001
1195	153	1	1007
1209	24	1	1000
1249	5	1	1004
1252	88	1	1000
1282	51	1	1009
1303	83	1	1001
1331	31	1	1001
1337	58	1	1001
1346	87	2	1001	1007
1350	30	1	1000
1363	17	1	1004
1374	51	1	1000
1414	282	2	1000	1007
1507	33	1	1000
1521	42	1	1007
1701	42	1	1007
1714	35	1	1001
1728	97	3	1000	1001	1004
1736	69	1	1007
1742	90	1	1001
1777	9	1	1007
1796	48	1	1004
1797	64	2	1004	1007
1817	59	1	1000
1821	27	1	1000
1826	31	1	1000
1855	122	1	1006
1856	15	1	1006
1864	18	1	1001
1883	10	1	1000
1945	57	1	1004
1974	3	1	1006
1980	9	2	1007	1009
2071	45	1	1007
2078	45	1	1001
2095	12	1	1001
2104	4	1	1007
2212	68	1	1000
2247	22	1	1000
2302	55	1	1004
2310	13	1	1007
2352	19	1	1001
2379	20	1	1001
2386	5	1	1009
2469	45	1	1004
2503	8	1	1000
2517	18	1	1004
2576	15	1	1001
2634	14	1	1000
2672	13	1	1007
2706	33	1	1001
2734	2	1	1007
2748	32	1	1001
2764	7	1	1007
2820	1	1	1006
2871	19	1	1001
2899	21	1	1007
2906	31	1	1007
2927	2	1	1007
2950	26	1	1004
2991	19	1	1001
3120	13	1	1001
3129	6	1	1007
3135	20	1	1004
3168	23	1	1000
3187	30	1	1006
3250	13	1	1009
3289	5	1	1004
3295	11	1	1000
3305	13	1	1001
3670	11	1	1001
3681	4	1	1007
3710	8	1	1004
4039	8	1	1004
4318	7	1	1001
4393	1	1	1007
4413	1	1	1006
4666	1	1	1006
4685	7	1	1004
4710	3	1	1001
4871	6	1	1000
4981	2	1	1004
5034	2	1	1000
5351	2	1	1009
5437	2	1	1000
5930	1	1	1000
6012	2	1	1009
6099	1	1	1006
6113	1	1	1007
