2	522	4	1050	1055	1056	1059
3	402	3	1053	1054	1058
9	460	4	1055	1056	1057	1058
16	286	1	1050
18	318	1	1054
31	254	1	1050
40	133	1	1058
41	71	1	1058
44	85	1	1059
49	124	1	1050
50	385	2	1056	1058
52	57	1	1054
53	219	1	1054
54	733	6	1050	1055	1055	1056	1057	1059
55	104	1	1050
60	231	1	1056
65	159	2	1055	1057
66	71	1	1058
67	827	3	1050	1050	1058
69	271	2	1050	1054
71	218	1	1055
73	344	3	1055	1056	1059
75	182	1	1058
79	87	1	1052
94	240	1	1054
96	113	1	1050
103	237	3	1054	1056	1058
112	118	3	1055	1056	1059
115	225	2	1053	1054
121	192	2	1056	1057
133	113	1	1052
137	73	1	1050
142	23	1	1052
153	49	1	1058
156	205	1	1050
158	258	1	1052
162	75	1	1055
170	37	1	1054
171	137	1	1054
176	640	3	1050	1054	1056
177	53	1	1059
179	121	2	1050	1050
180	221	1	1055
183	160	1	1054
189	121	1	1053
193	215	1	1052
204	244	1	1054
205	241	1	1054
210	118	1	1055
219	42	1	1054
229	118	1	1050
230	248	2	1054	1058
236	95	1	1050
247	233	1	1053
252	193	1	1052
256	137	1	1058
258	112	1	1055
259	28	1	1056
261	105	1	1054
264	224	1	1054
272	63	1	1052
275	16	1	1050
279	332	4	1055	1056	1057	1059
290	6	1	1054
291	260	1	1056
296	135	1	1054
299	113	1	1050
306	128	1	1050
318	211	1	1054
321	104	1	1055
323	39	1	1058
334	23	1	1056
348	173	1	1054
359	233	2	1055	1056
367	17	1	1059
372	183	2	1053	1058
373	88	2	1055	1056
374	249	2	1050	1059
386	312	4	1055	1055	1055	1056
393	119	1	1058
397	159	1	1055
400	38	1	1050
402	165	1	1050
409	36	1	1056
410	48	2	1055	1056
416	106	1	1056
418	223	1	1055
424	83	1	1050
428	52	1	1052
432	56	1	1056
441	80	2	1054	1058
448	41	1	1053
450	166	1	1054
451	209	1	1055
461	27	1	1050
467	113	3	1055	1056	1057
468	70	1	1053
472	21	1	1056
484	23	1	1056
490	261	2	1055	1056
494	29	1	1059
496	30	1	1050
499	36	2	1053	1058
502	98	1	1059
510	111	1	1053
515	94	2	1052	1055
519	77	1	1050
520	80	1	1054
522	291	2	1053	1054
529	709	5	1050	1054	1056	1057	1058
537	231	2	1050	1053
541	6	1	1054
545	70	1	1058
546	39	1	1054
547	33	1	1058
556	69	1	1050
559	87	1	1052
561	130	1	1055
564	50	1	1054
568	25	1	1055
576	117	1	1050
577	29	1	1059
593	56	2	1055	1056
607	45	1	1053
620	17	1	1055
621	23	1	1050
627	148	2	1050	1050
643	68	1	1054
657	49	1	1050
664	91	2	1050	1050
675	87	1	1058
690	96	2	1050	1050
694	90	1	1050
695	143	1	1054
703	75	1	1058
704	88	2	1055	1059
714	205	2	1055	1055
715	250	1	1050
718	187	1	1050
721	216	1	1050
733	173	1	1054
736	16	1	1055
738	85	1	1055
747	93	2	1050	1050
751	166	1	1050
766	132	1	1050
770	58	1	1052
771	101	1	1055
785	71	1	1056
786	56	1	1050
789	139	2	1053	1059
793	36	2	1050	1058
801	104	1	1056
843	51	1	1053
844	317	1	1054
850	279	2	1056	1059
870	28	1	1052
884	150	1	1050
892	38	1	1054
897	17	1	1056
900	67	1	1050
919	53	1	1055
941	145	1	1050
948	190	1	1056
956	60	1	1050
961	65	1	1054
963	31	1	1054
975	82	3	1055	1056	1057
976	75	1	1056
980	24	1	1055
986	108	1	1050
992	68	1	1055
993	36	2	1054	1056
995	28	1	1059
998	101	1	1055
1002	106	2	1054	1056
1005	95	1	1058
1018	42	1	1050
1021	21	1	1053
1041	49	1	1059
1045	186	1	1058
1047	144	1	1059
1052	117	1	1059
1055	33	1	1056
1075	120	1	1054
1096	95	4	1055	1056	1057	1059
1098	12	1	1057
1102	9	1	1050
1116	26	1	1055
1121	109	2	1055	1057
1130	157	1	1056
1133	39	1	1058
1144	8	1	1052
1146	31	1	1054
1151	47	1	1054
1165	21	1	1055
1166	30	1	1050
1168	37	1	1056
1175	42	2	1055	1056
1183	25	1	1058
1184	105	1	1054
1187	18	1	1057
1188	36	1	1050
1194	52	1	1058
1195	153	2	1052	1059
1216	108	1	1055
1229	58	1	1056
1249	5	1	1054
1251	27	1	1057
1252	88	1	1050
1261	54	1	1055
1262	38	1	1056
1297	52	1	1055
1301	2	1	1055
1326	30	1	1054
1347	18	1	1053
1364	54	2	1055	1056
1368	147	2	1055	1057
1376	162	1	1052
1378	114	1	1056
1397	8	1	1056
1414	282	1	1050
1433	107	3	1050	1055	1056
1468	38	1	1052
1477	39	1	1050
1494	12	1	1050
1516	20	1	1056
1524	76	1	1056
1526	32	1	1055
1580	58	1	1058
1609	22	1	1052
1632	4	1	1059
1635	19	1	1058
1653	56	1	1053
1665	13	1	1050
1685	67	1	1055
1691	7	1	1056
1711	25	1	1059
1717	23	1	1057
1729	76	1	1056
1736	69	1	1050
1740	30	1	1055
1742	90	2	1050	1059
1787	24	1	1054
1801	69	1	1055
1814	16	1	1059
1817	59	1	1050
1823	9	1	1055
1831	89	1	1052
1841	31	1	1057
1845	2	1	1052
1846	48	1	1053
1850	33	1	1059
1855	122	1	1058
1884	164	1	1054
1916	75	1	1055
1925	40	1	1054
1975	3	1	1058
2001	6	1	1054
2046	105	2	1052	1059
2062	33	1	1050
2116	4	1	1050
2151	18	1	1055
2163	51	1	1055
2169	8	1	1050
2212	68	1	1059
2301	39	2	1055	1055
2302	55	1	1050
2314	24	1	1056
2339	50	1	1059
2340	13	1	1056
2368	50	1	1055
2375	22	1	1056
2409	44	1	1056
2469	45	1	1054
2517	18	1	1054
2541	5	1	1050
2545	9	1	1055
2548	4	1	1056
2550	3	1	1052
2599	27	1	1058
2627	31	1	1050
2634	14	1	1055
2641	25	1	1056
2645	26	1	1050
2674	10	1	1058
2687	4	1	1050
2735	28	1	1055
2793	27	1	1050
2815	27	1	1055
2909	5	1	1059
2925	23	1	1055
2971	5	1	1050
2992	4	1	1050
3014	29	1	1058
3077	5	1	1057
3132	12	1	1052
3155	20	1	1056
3157	9	1	1058
3168	23	1	1050
3306	7	1	1052
3427	5	1	1052
3435	16	1	1055
3481	1	1	1050
3524	4	1	1058
3570	1	1	1057
3601	9	1	1055
3632	4	1	1056
3757	1	1	1059
4039	8	1	1054
4172	3	1	1053
4204	1	1	1059
4318	7	1	1050
4319	4	1	1050
4891	1	1	1059
5583	1	1	1057
5639	2	1	1056
5862	1	1	1057
6006	1	1	1059
