2	522	2	771	773
3	402	3	773	777	778
8	114	1	771
9	460	1	775
12	126	1	775
14	136	3	771	775	777
23	134	1	773
37	139	1	776
39	6	1	771
40	133	2	777	778
42	52	1	777
48	257	1	778
50	385	3	776	777	778
53	219	2	773	777
54	733	4	771	771	774	775
55	104	1	773
59	236	4	771	771	771	773
61	98	2	771	774
62	89	1	777
63	91	1	777
64	81	1	773
65	159	1	774
67	827	2	777	778
69	271	2	773	776
71	218	2	771	774
73	344	3	771	774	775
75	182	2	777	777
81	18	1	778
94	240	2	773	776
103	237	2	773	777
110	43	1	771
112	118	1	775
115	225	2	773	777
118	60	2	773	776
119	32	1	776
121	192	3	771	774	775
122	100	1	776
132	187	1	773
133	113	1	771
134	18	1	778
135	70	1	771
143	116	3	773	776	777
151	39	1	773
157	64	2	773	777
158	258	1	774
167	516	2	773	776
172	79	1	776
174	118	4	773	777	777	778
176	640	3	773	775	776
177	53	3	771	771	771
179	121	1	773
180	221	1	773
181	147	1	773
182	53	1	773
183	160	1	773
189	121	2	777	777
193	215	1	775
200	79	1	776
202	306	1	776
205	241	1	776
225	185	1	771
230	248	2	773	777
232	92	1	777
238	93	1	773
240	128	1	773
241	35	1	777
242	18	1	777
247	233	1	778
252	193	3	771	771	775
256	137	1	778
258	112	2	771	771
264	224	2	773	777
272	63	2	771	771
275	16	1	773
279	332	2	774	775
281	15	1	771
284	18	1	773
285	237	3	773	776	777
286	88	2	771	771
291	260	2	777	778
296	135	1	773
309	30	1	776
310	11	1	778
318	211	2	773	776
334	23	1	775
348	173	1	773
353	61	1	773
356	23	1	771
359	233	2	774	775
372	183	2	777	778
373	88	1	775
381	88	1	776
382	34	1	777
386	312	2	771	771
388	35	1	773
399	17	2	771	771
403	54	1	777
418	223	2	771	774
419	6	1	771
422	36	2	771	773
424	83	1	776
428	52	1	773
441	80	2	773	777
442	25	1	778
450	166	2	773	777
451	209	1	771
460	155	1	771
462	26	1	778
466	47	1	774
467	113	2	771	775
468	70	1	773
475	194	3	776	777	778
486	41	1	778
490	261	1	771
493	75	1	773
499	36	1	777
508	72	1	776
510	111	1	778
512	202	2	777	778
515	94	1	771
520	80	1	776
522	291	3	773	776	777
529	709	3	773	776	777
534	102	1	773
537	231	1	778
539	55	1	776
542	165	1	776
545	70	1	777
564	50	1	773
576	117	1	771
619	31	2	771	774
643	68	1	773
655	50	1	771
675	87	1	777
686	9	1	778
694	90	1	773
697	100	1	776
700	32	1	776
701	107	1	776
707	212	1	776
708	4	1	771
714	205	3	771	771	771
718	187	2	773	776
749	62	1	773
752	214	2	776	777
769	124	1	771
770	58	1	771
777	114	1	778
778	47	1	777
806	50	1	773
814	171	1	771
818	40	1	777
823	115	2	771	774
833	17	1	773
836	27	1	778
843	51	1	777
844	317	2	773	776
848	100	1	777
850	279	1	775
855	51	1	773
862	52	1	773
872	70	1	778
896	16	1	777
916	45	1	771
920	47	1	776
934	101	1	773
942	92	1	773
944	54	1	777
946	75	1	775
957	75	1	777
975	82	1	775
987	2	1	776
998	101	3	771	771	771
1003	15	1	773
1005	95	1	777
1033	30	1	773
1045	186	1	773
1058	177	2	773	777
1069	138	1	777
1075	120	1	773
1079	24	1	771
1094	99	1	773
1121	109	1	774
1123	25	1	773
1133	39	1	777
1138	6	1	771
1151	47	1	777
1177	54	2	773	776
1184	105	1	773
1207	66	2	773	778
1213	80	3	773	777	777
1216	108	1	774
1249	5	1	773
1269	41	1	776
1280	57	1	778
1285	1	1	771
1297	52	1	775
1316	14	1	775
1323	21	1	777
1326	30	1	777
1336	48	1	771
1344	47	1	776
1348	19	1	777
1355	16	1	778
1362	5	1	771
1368	147	1	775
1419	30	1	778
1428	10	1	777
1436	30	1	773
1453	38	1	773
1460	139	1	776
1486	7	1	773
1521	42	1	773
1524	76	2	771	771
1573	59	2	771	771
1578	24	1	771
1579	53	1	771
1609	22	4	771	771	775	775
1664	37	1	773
1685	67	1	771
1687	5	1	771
1728	97	1	773
1729	76	1	777
1736	69	1	773
1776	59	1	771
1777	9	1	778
1792	8	1	777
1811	21	1	777
1812	39	1	771
1817	59	1	776
1833	40	1	773
1855	122	1	777
1865	16	1	771
1884	164	2	771	776
1916	75	1	771
1918	9	1	771
1925	40	2	773	776
1927	56	2	771	771
1945	57	1	773
1956	23	2	775	775
2029	10	1	771
2049	1	1	773
2059	270	3	771	771	771
2101	26	1	773
2112	35	1	775
2122	22	1	773
2149	29	1	777
2154	29	1	775
2185	10	2	771	771
2188	68	1	775
2231	62	2	771	773
2237	21	1	778
2248	4	1	776
2254	18	1	778
2255	37	1	773
2273	5	1	774
2301	39	1	771
2400	6	1	773
2403	7	1	778
2418	6	1	778
2426	7	1	773
2433	15	1	771
2472	12	1	771
2527	28	1	778
2564	5	1	778
2595	15	1	777
2625	15	1	773
2664	13	1	777
2667	15	1	777
2672	13	1	773
2720	19	1	778
2730	9	1	771
2749	26	1	771
2760	4	1	777
2763	10	1	773
2767	23	1	777
2780	6	1	778
2781	3	1	773
2790	5	1	777
2841	13	1	773
2857	19	1	773
2865	7	3	771	771	771
2872	13	1	778
2906	31	1	777
2915	4	1	773
2922	8	1	773
2925	23	1	771
2986	5	1	773
2987	10	1	774
3014	29	1	777
3065	12	1	778
3073	8	1	771
3084	2	1	771
3114	10	1	777
3183	6	1	771
3227	7	1	773
3268	2	1	773
3331	18	1	777
3368	17	1	778
3428	9	1	771
3483	5	1	771
3624	6	1	771
3631	1	1	771
3712	8	1	778
3799	8	1	776
3857	10	1	773
3893	16	1	773
3902	2	1	773
3928	2	1	771
3982	7	1	771
4066	5	1	771
4337	1	1	778
4405	5	1	771
4420	2	1	777
4570	4	1	773
4618	4	1	773
4627	3	1	771
4826	3	1	771
4871	6	1	773
4941	2	1	773
4976	3	1	775
5299	1	1	773
5442	1	1	778
5587	1	1	771
5926	1	1	771
5989	1	1	771
6174	1	1	771
