2	522	3	1041	1044	1049
3	402	1	1043
9	460	3	1041	1044	1046
12	126	1	1041
14	136	1	1047
16	286	2	1041	1044
18	318	2	1041	1049
19	91	1	1043
23	134	1	1046
31	254	1	1044
36	62	1	1044
44	85	1	1047
48	257	2	1044	1049
49	124	1	1044
50	385	2	1041	1043
53	219	1	1046
54	733	2	1044	1047
59	236	2	1041	1047
60	231	2	1044	1047
64	81	1	1043
67	827	4	1041	1043	1044	1049
69	271	1	1043
71	218	2	1041	1049
73	344	3	1041	1043	1049
74	65	1	1044
77	63	1	1047
87	54	1	1041
89	39	1	1047
94	240	1	1043
96	113	1	1044
110	43	1	1049
111	30	2	1044	1049
115	225	1	1046
117	36	2	1041	1046
118	60	1	1046
121	192	1	1041
126	41	1	1044
131	90	1	1046
132	187	1	1041
135	70	1	1047
137	73	3	1041	1043	1049
140	29	1	1041
143	116	1	1046
147	56	1	1046
149	63	1	1049
150	16	1	1049
156	205	1	1041
167	516	3	1044	1046	1049
169	194	1	1046
174	118	1	1043
176	640	3	1043	1044	1045
177	53	1	1047
181	147	1	1043
183	160	2	1043	1046
193	215	3	1044	1046	1047
202	306	1	1046
203	36	1	1043
204	244	1	1046
205	241	1	1046
218	84	1	1046
225	185	1	1049
229	118	1	1044
232	92	1	1043
236	95	1	1044
238	93	2	1041	1043
240	128	1	1046
243	42	1	1049
247	233	1	1043
248	38	1	1049
252	193	1	1046
262	57	1	1049
267	58	1	1041
272	63	1	1047
278	49	1	1044
285	237	2	1043	1046
291	260	1	1041
293	151	1	1044
300	4	1	1046
320	52	1	1041
321	104	1	1041
323	39	1	1043
328	122	1	1041
334	23	1	1049
335	232	1	1044
339	70	1	1043
343	101	2	1041	1049
362	45	1	1049
372	183	1	1043
374	249	1	1044
380	42	1	1041
381	88	1	1046
391	64	1	1049
392	34	1	1043
393	119	1	1043
412	82	3	1044	1047	1049
416	106	1	1041
418	223	1	1047
439	37	1	1041
450	166	1	1043
451	209	1	1046
453	83	1	1041
455	29	2	1043	1046
456	54	1	1044
460	155	2	1044	1047
478	16	2	1044	1047
479	38	1	1049
490	261	1	1041
502	98	1	1044
512	202	1	1043
515	94	1	1041
522	291	2	1043	1046
529	709	3	1041	1046	1049
534	102	1	1044
542	165	1	1049
547	33	1	1043
561	130	1	1049
575	37	1	1046
580	36	1	1044
584	69	1	1047
586	93	1	1041
594	125	1	1041
599	69	2	1041	1049
607	45	1	1043
627	148	2	1046	1049
628	47	1	1049
629	76	1	1041
641	56	1	1046
645	227	3	1041	1044	1049
647	29	1	1046
656	103	1	1041
663	44	1	1047
670	126	1	1047
688	133	1	1041
690	96	1	1044
692	70	2	1041	1044
695	143	1	1041
697	100	1	1046
701	107	1	1046
704	88	1	1041
707	212	1	1043
714	205	2	1041	1044
715	250	1	1043
718	187	1	1046
721	216	3	1041	1044	1049
733	173	1	1046
747	93	1	1049
769	124	2	1044	1047
771	101	1	1047
777	114	1	1043
779	58	1	1049
782	31	1	1044
785	71	1	1044
814	171	1	1047
817	10	1	1043
818	40	1	1043
825	90	1	1049
842	137	1	1049
843	51	1	1043
844	317	1	1046
850	279	2	1041	1049
867	120	1	1049
878	39	1	1044
882	17	1	1046
884	150	1	1041
903	77	1	1041
934	101	1	1043
941	145	3	1041	1044	1049
943	38	1	1046
944	54	1	1043
946	75	1	1041
961	65	1	1043
963	31	1	1046
976	75	1	1049
982	22	1	1049
983	184	1	1044
986	108	1	1044
993	36	1	1044
998	101	1	1047
1000	66	1	1044
1001	73	1	1044
1022	48	1	1049
1034	28	1	1041
1037	44	1	1041
1038	15	1	1046
1040	26	1	1041
1042	16	1	1043
1054	19	1	1046
1065	54	1	1041
1069	138	2	1041	1049
1070	77	1	1043
1081	7	1	1047
1082	34	1	1047
1087	58	1	1046
1094	99	1	1049
1096	95	1	1041
1108	92	2	1041	1049
1111	25	1	1041
1114	6	1	1043
1124	70	1	1043
1128	48	1	1047
1129	83	1	1044
1130	157	1	1041
1148	78	2	1041	1049
1149	42	1	1049
1168	37	1	1043
1171	22	1	1047
1194	52	1	1044
1195	153	1	1047
1198	42	1	1049
1199	17	1	1044
1213	80	1	1043
1216	108	1	1041
1248	42	1	1041
1262	38	1	1043
1282	51	1	1046
1284	46	2	1041	1044
1286	28	1	1041
1287	72	1	1041
1299	66	1	1041
1303	83	1	1049
1313	63	1	1043
1322	36	1	1046
1346	87	1	1044
1376	162	1	1047
1385	42	1	1049
1391	21	1	1043
1414	282	1	1046
1426	44	1	1043
1434	13	1	1044
1452	25	1	1049
1463	29	1	1043
1474	36	1	1044
1504	41	1	1044
1520	35	1	1047
1524	76	1	1047
1535	3	1	1041
1547	26	1	1049
1568	6	1	1043
1579	53	1	1047
1582	74	1	1046
1588	9	1	1043
1603	55	1	1044
1614	18	1	1044
1622	33	1	1044
1662	47	1	1046
1678	12	1	1046
1695	47	1	1044
1712	17	1	1041
1728	97	1	1044
1729	76	1	1041
1743	55	1	1044
1754	77	1	1047
1839	29	2	1041	1049
1855	122	1	1043
1874	24	1	1046
1886	32	1	1041
1905	34	1	1044
1914	8	1	1047
1916	75	1	1044
1931	49	1	1049
1938	19	1	1043
1939	66	1	1041
1945	57	1	1043
1955	6	1	1049
2003	28	1	1041
2015	51	1	1043
2025	16	1	1041
2058	37	1	1045
2075	48	1	1046
2092	49	1	1043
2103	16	1	1041
2111	28	1	1044
2127	32	1	1046
2133	29	1	1041
2163	51	1	1044
2258	17	1	1044
2296	30	1	1049
2342	13	1	1044
2352	19	1	1044
2375	22	1	1041
2419	12	1	1041
2433	15	1	1047
2440	12	1	1043
2448	26	1	1044
2454	58	1	1041
2474	57	1	1041
2479	50	2	1041	1049
2517	18	1	1043
2555	19	1	1047
2556	29	1	1046
2561	16	1	1047
2576	15	1	1044
2588	7	1	1047
2598	4	1	1044
2621	7	1	1044
2637	4	1	1044
2662	8	1	1046
2751	2	1	1041
2786	6	1	1041
2799	38	2	1044	1049
2838	3	1	1049
2845	25	1	1049
2890	3	1	1043
2920	15	1	1046
2955	19	1	1046
2991	19	1	1044
3009	26	1	1047
3011	14	1	1046
3020	26	1	1041
3025	3	1	1046
3027	11	1	1041
3117	7	1	1047
3120	13	1	1044
3124	11	1	1044
3128	22	1	1041
3185	31	1	1043
3211	15	1	1046
3244	6	1	1044
3305	13	1	1044
3331	18	1	1043
3349	16	1	1047
3561	6	1	1043
3983	12	1	1044
4169	1	1	1041
4179	3	1	1046
4222	5	1	1043
4267	14	1	1041
4438	3	1	1046
5050	4	1	1043
5240	1	1	1043
