2	522	4	550	555	557	558
8	114	2	550	553
9	460	2	550	558
12	126	1	558
16	286	1	558
18	318	1	557
23	134	1	555
31	254	1	557
48	257	1	557
49	124	1	557
50	385	2	550	558
54	733	3	550	553	557
55	104	2	556	557
59	236	1	550
61	98	1	550
62	89	1	557
65	159	1	550
67	827	5	555	555	557	557	558
69	271	1	557
71	218	1	552
73	344	2	550	555
74	65	1	557
83	18	1	555
103	237	1	550
121	192	1	558
122	100	1	557
132	187	1	557
156	205	1	558
158	258	2	552	553
162	75	1	550
167	516	4	555	555	556	557
169	194	3	555	556	557
172	79	1	558
176	640	3	550	556	557
179	121	2	555	557
180	221	1	550
183	160	1	555
184	42	1	556
198	33	1	550
200	79	1	555
202	306	1	555
205	241	1	555
210	118	1	550
218	84	1	555
225	185	1	550
238	93	1	558
247	233	3	555	556	557
252	193	1	550
258	112	1	558
267	58	1	558
279	332	2	550	552
280	61	1	550
282	12	1	557
291	260	1	550
293	151	2	555	556
299	113	1	557
306	128	2	555	557
308	9	1	556
309	30	1	557
320	52	1	558
321	104	1	558
328	122	1	558
335	232	4	555	555	556	557
343	101	1	558
349	48	1	557
359	233	1	550
374	249	4	555	555	557	557
379	46	1	557
380	42	1	557
383	13	1	550
384	205	4	555	556	557	557
397	159	1	550
401	34	2	556	557
405	58	1	555
407	48	1	557
420	126	1	552
424	83	1	557
435	71	1	556
437	26	2	556	558
451	209	1	553
453	83	1	558
460	155	1	550
461	27	2	556	557
475	194	1	555
479	38	1	556
485	3	1	550
490	261	1	556
496	30	1	557
511	13	2	555	556
515	94	1	558
529	709	3	555	556	558
532	91	2	555	557
534	102	2	555	557
537	231	1	556
542	165	2	555	557
544	101	1	555
551	16	1	552
555	72	1	556
556	69	1	557
558	64	1	557
576	117	1	557
594	125	1	558
597	193	1	557
612	55	1	558
629	76	1	558
640	10	1	558
645	227	2	552	558
656	103	1	558
658	64	1	558
678	28	1	555
694	90	1	556
695	143	1	556
701	107	2	555	556
710	84	1	550
715	250	1	557
721	216	2	557	557
751	166	1	557
764	51	1	552
766	132	2	555	557
785	71	1	558
801	104	1	550
804	49	1	557
807	4	1	555
814	171	1	550
829	34	1	557
844	317	1	555
850	279	1	555
861	115	1	555
863	27	1	555
864	50	3	556	557	558
867	120	1	557
872	70	2	555	555
881	56	1	557
884	150	1	558
900	67	2	555	555
903	77	1	558
905	125	1	555
916	45	1	552
928	29	2	555	557
930	39	1	555
943	38	1	556
947	56	1	557
948	190	1	550
956	60	1	557
975	82	2	550	558
986	108	1	557
1000	66	1	557
1012	71	1	550
1018	42	2	556	557
1028	90	2	556	557
1037	44	1	558
1041	49	1	557
1045	186	1	555
1069	138	1	555
1078	65	1	558
1094	99	1	557
1096	95	1	550
1121	109	2	550	553
1140	19	1	550
1156	82	1	558
1165	21	1	555
1166	30	1	557
1216	108	1	550
1229	58	1	550
1252	88	2	556	557
1277	13	1	558
1287	72	1	557
1310	34	1	550
1321	63	1	555
1342	44	1	558
1350	30	1	558
1365	53	1	556
1368	147	1	550
1378	114	1	557
1414	282	2	556	557
1475	69	1	557
1476	39	1	555
1477	39	2	555	557
1500	52	1	556
1507	33	1	557
1529	33	1	557
1566	23	1	558
1571	110	1	552
1573	59	1	550
1575	53	1	552
1620	31	1	555
1622	33	1	556
1685	67	1	552
1701	42	1	555
1717	23	1	552
1742	90	1	550
1743	55	1	558
1795	2	1	557
1817	59	1	557
1821	27	1	557
1895	24	1	557
1916	75	1	555
1934	11	1	558
1939	66	1	558
1971	19	1	552
1973	27	1	555
2037	41	1	550
2059	270	1	557
2062	33	1	557
2063	31	1	557
2125	14	1	558
2131	44	1	550
2133	29	1	558
2160	82	1	550
2203	23	1	555
2212	68	1	552
2302	55	1	557
2326	33	1	555
2409	44	1	558
2429	9	1	556
2453	2	1	557
2456	4	1	550
2474	57	1	558
2478	10	1	558
2481	7	1	558
2503	8	1	557
2524	4	1	552
2525	18	1	555
2546	33	1	557
2555	19	1	550
2579	9	1	556
2650	18	1	558
2706	33	1	557
2842	15	1	557
2882	13	1	550
2908	19	1	557
2925	23	1	550
2934	10	1	550
2987	10	1	553
2992	4	1	556
3053	8	1	550
3143	5	1	557
3217	16	1	555
3219	6	1	552
3247	15	1	558
3321	1	1	550
3322	3	1	555
3514	2	1	552
3856	6	1	557
3944	5	1	557
4134	1	1	552
4457	10	1	550
4629	1	1	558
4899	1	1	550
5315	1	1	552
