9 1151
47 3106
184 4127
2427 7330
3593 909
228 1310
160 5243
800 1661
2947 4864
607 5806
928 2612
171 4483
309 4212
2568 1009
1357 5809
75 5800
2014 2597
2863 3373
82 6634
984 5037
789 1055
4370 7476
2002 4240
2339 1037
4790 7458
333 282
588 1864
3660 8285
389 8222
2711 5019
818 5028
495 2643
3 5524
811 2330
1085 733
4791 7154
740 742
1059 2339
1027 1653
4589 8074
1964 4856
276 1247
5819 7668
1045 4441
206 5181
231 5872
2583 2669
781 3481
194 956
2719 4159
2745 887
336 2655
532 3452
1851 249
2708 5058
22 3092
3178 6295
1607 3516
68 5210
1372 2016
2652 5219
419 1039
2592 4242
21 34
6009 6455
219 5301
31 2237
32 7104
2846 4728
62 2560
2830 5763
426 28
3161 3231
66 4040
2548 837
1010 5637
388 3643
1183 7490
2190 1084
6013 7505
539 3191
2400 6394
1216 1594
1721 4797
202 3449
511 3443
702 6646
5235 225
88 1156
774 1168
1033 2765
850 996
5615 7417
2888 4199
53 5697
2939 888
2494 6417
73 1608
1613 4811
649 974
241 6941
4574 520
528 2774
329 2777
780 1183
5696 7604
57 2274
117 2775
1954 5978
914 4881
1590 3284
15 878
5345 7299
369 4072
1961 869
1191 2475
629 2472
2249 5675
367 2069
1582 5263
61 1236
3188 4439
59 310
5895 6731
1586 8295
4523 1874
1780 5092
157 6241
1395 3047
3030 641
3555 7062
2260 3292
179 3394
119 4756
1646 1553
5897 7974
1008 3159
180 1210
1200 6001
72 2144
2513 5347
91 580
6256 7001
619 1377
755 6953
74 2747
2365 5950
618 4341
1591 2744
906 5947
1138 347
5469 6768
1636 3965
2893 7168
140 2822
931 6016
87 978
2653 4181
90 581
4299 7002
69 2972
70 6166
173 2963
25 5509
520 4653
3196 7856
831 3056
424 3479
1273 1493
4154 7914
3067 7899
5658 1478
102 4613
1480 1419
168 1437
479 3034
103 1542
58 3130
104 5335
8 1350
5499 7771
1396 6141
370 4938
1309 1744
558 2547
2945 5750
508 3786
3001 583
5304 7004
2321 3777
106 6552
2013 3349
16 2485
109 5671
147 5190
1760 1987
307 5987
112 2062
1398 465
4031 6886
169 3641
1388 447
1747 3650
1435 6835
4100 414
1553 158
4882 6579
696 5743
1274 2549
123 2964
1014 7755
5358 1334
114 5412
283 2209
149 1749
5483 8170
210 1352
5292 7773
51 3529
2730 326
5405 6747
181 6305
122 2707
126 66
4673 6487
1583 3260
217 5132
165 6043
3027 2840
455 5246
196 2667
120 5233
747 2842
134 3310
1256 110
2813 3313
124 928
5481 7349
3066 4131
2311 8107
4124 1686
2389 4904
207 3919
3142 7122
4021 701
722 2322
467 1919
821 322
3120 3525
135 315
314 6736
2384 3518
150 2285
265 3873
2979 670
1172 2276
1678 5479
137 2542
663 151
5046 6572
602 1748
3469 8169
1322 3345
1416 4942
1300 1733
2176 682
5495 7103
2223 3885
884 2297
3075 5500
746 3903
1764 7106
1412 5844
534 2653
141 143
1667 3346
85 1032
4149 7453
825 1820
4381 8241
1331 3417
1704 214
3379 6635
348 5796
330 2593
327 1714
5153 8135
1004 6505
3069 99
5829 6520
83 1356
3623 7777
1224 4550
683 4186
742 7389
988 968
828 5783
2508 2580
1167 1789
1955 1504
5731 7925
301 5925
655 1552
4505 7973
163 3125
1752 6328
155 3519
12 1922
681 1952
139 5155
2 1549
3000 4752
361 3146
158 6
2127 3209
1438 1603
562 1600
5654 8021
142 3
3553 6424
2401 6409
724 2397
999 5591
76 2785
1495 1188
5865 7609
697 5176
2397 1973
162 1538
3416 7959
3047 4741
101 3099
94 5079
727 1891
1748 8297
4847 1876
483 1903
971 5106
1235 8291
3452 1870
110 1885
550 1103
5422 7524
96 2700
1031 4297
20 10
3383 6431
1281 6398
272 25
3661 6446
878 1622
302 2416
28 896
4834 7317
934 4099
1249 2493
767 5696
320 2093
2625 5296
1888 469
3600 6890
201 5072
203 5423
384 3032
237 3041
474 5432
2135 2229
1234 6897
5858 476
212 2097
468 3691
1441 2094
1392 155
351 6576
709 4940
3125 1737
382 6913
5896 492
880 3719
974 4962
744 4953
214 1218
1163 2815
190 6000
1462 7597
5690 1176
469 1191
765 1203
2236 7624
215 241
1364 1838
612 1835
5955 8256
216 802
5418 7223
1685 1555
6001 7976
239 4767
1271 1573
5979 7994
2051 7979
4134 1558
725 1585
2351 4788
226 1697
5887 8118
1355 8085
4123 1664
1698 1679
5224 8100
227 681
1230 5472
509 5463
263 3460
1694 6663
3631 242
2376 257
5487 6678
688 663
3231 7084
1252 3402
2980 199
63 6620
1418 1805
5223 8226
2203 5008
172 1814
6052 8235
233 3726
1018 2129
42 6914
3800 493
1104 2604
1769 5807
235 2838
339 6032
3130 7647
4311 1226
2372 4417
794 4432
236 2290
613 5478
238 2371
78 761
243 2003
292 2400
204 4045
2815 842
199 1654
1523 3251
245 613
2268 7019
5115 598
411 2210
1169 3807
395 4598
121 1395
2283 6538
996 1729
247 3787
3052 6990
5276 569
248 1042
647 5824
2512 2621
249 332
2332 6753
118 5123
251 4266
252 319
1937 3522
218 5110
510 7086
376 665
412 704
5083 7125
437 2298
253 1593
1112 4796
2415 7999
5666 1578
626 4781
347 5563
23 2369
2898 5572
592 2375
255 1186
306 3568
56 4365
739 338
3793 6759
36 3541
787 7511
3220 1090
374 2326
127 5529
52 4717
1290 1514
2411 7920
3674 1499
259 943
261 4828
2746 3249
189 5173
2444 1970
1570 3576
2132 373
4595 6794
264 5531
156 2328
385 3937
2699 725
3529 7146
591 3140
356 1164
4959 7585
266 5891
167 2688
362 2697
418 312
174 5103
224 5799
2428 2596
143 5002
197 1799
547 6555
402 3352
1244 8152
518 3027
1016 6221
1614 3018
334 2251
1938 5454
323 5445
271 4875
2935 1672
4877 8093
366 3175
714 784
5464 7205
277 2381
578 5584
278 2564
280 1267
4415 7688
1869 4470
282 798
5492 7219
2793 4001
131 2258
297 3855
285 5189
2822 1986
771 407
3628 6828
185 6795
3648 374
877 2004
2202 5207
1269 3601
779 1204
3403 7625
868 4398
286 42
3087 3245
993 1639
2559 8060
1090 4842
381 4824
1729 1621
1506 8042
431 6803
5739 382
541 4527
290 5430
976 2236
546 5439
291 1098
305 2289
1580 7080
1377 659
2561 674
3207 7095
65 1492
86 3089
294 6359
295 6901
1155 6780
5899 359
144 6774
4738 353
151 3571
942 5177
1484 1983
736 1992
2172 1293
432 2120
2043 5323
757 6902
209 514
3564 6935
2241 3717
310 5768
67 2565
311 15
1630 6421
344 2794
373 1997
2098 5200
312 2200
701 3796
1365 4044
1707 841
3157 7262
343 2474
4 877
4676 7298
319 1823
452 5026
358 2620
3008 5823
497 5814
2455 2611
98 5808
267 2605
1208 4715
364 7100
4627 679
99 3897
449 5827
326 2215
2797 5418
1546 3812
1633 609
4812 7030
187 140
4518 6561
2459 3343
910 3334
332 626
40 7047
1277 2223
2948 5426
6 4564
340 6097
1073 7694
6143 1273
458 7691
523 4488
1623 1285
4795 7706
887 6094
2802 2891
1286 2900
342 2625
1948 5828
862 5819
1569 4222
161 6613
3349 192
544 4219
2457 7422
5578 1001
806 5816
357 6198
1134 7795
50 1374
229 3010
345 180
5055 6601
2551 3383
349 1051
4761 7472
1384 2246
1619 5449
360 2834
368 2076
420 1279
1842 4482
2872 7685
5439 1264
372 6907
1308 3704
2377 501
5744 6922
1316 2116
2095 3842
2424 639
5494 7060
379 2585
2666 5788
406 4179
1240 7373
2180 967
644 6570
1669 164
6109 6585
1036 182
6023 6603
380 2594
2781 5797
7 4191
383 1751
5845 8172
34 3348
496 4142
170 5739
386 311
5269 6732
355 1908
387 5829
107 6327
35 6330
2700 3127
321 1521
4564 7942
1356 3136
486 3142
1563 4739
391 2507
392 5254
125 2066
1680 5269
393 6615
4289 194
2473 5009
1406 227
5863 6648
315 5818
2855 2615
1567 4221
30 1018
1574 999
6004 7420
397 1428
6208 7849
409 2225
3145 5428
399 645
400 3562
401 4152
473 3355
598 152
5309 6573
1421 1758
4328 8179
597 122
1897 6528
4610 107
405 4536
492 2145
407 2958
2744 6161
408 4256
1858 1053
138 4247
2392 1044
1130 1062
5188 7483
731 271
3810 6692
1516 1868
4841 8289
410 1700
754 8121
2084 8106
4084 1685
108 103
3879 6524
1791 3306
894 3297
730 94
5446 6515
1429 4894
1808 1691
2052 8097
4128 1676
439 2497
191 5691
2017 2488
1362 900
4371 7321
2137 4103
413 873
852 7294
2128 4076
2318 7279
128 2470
414 3473
2634 270
4904 6691
415 5617
71 826
763 4820
14 29
6027 6450
416 2240
1243 643
4742 7064
417 2499
205 3453
423 2685
425 4289
270 7492
4829 1071
0 1086
888 6566
337 145
331 1734
6044 8155
175 8122
260 1701
738 946
268 7352
4948 931
105 4149
776 5737
433 5020
640 1035
4144 7456
2840 7441
434 6251
377 4654
1188 3057
435 3728
1143 2131
438 1964
440 3050
442 6946
113 3752
513 6955
4285 534
1652 549
623 3754
1013 560
2251 378
445 5459
594 2256
446 2091
447 3911
2301 708
3875 7129
672 717
3820 7138
3194 3920
450 109
622 1706
451 789
4573 7210
621 3180
2877 6383
1148 1583
453 2473
641 4070
456 2559
939 5753
2103 2550
459 7946
198 1525
2406 1540
220 7961
698 5721
2414 4524
3176 1321
6019 7742
464 5596
3123 2393
465 4151
371 948
475 4948
519 166
965 6554
4553 133
1029 3351
55 4065
515 59
4993 6480
2367 3262
1431 3253
470 6737
5489 316
729 331
6213 6752
564 5140
2676 1937
472 1253
3138 7659
5326 1238
186 6044
536 6832
4502 411
1782 426
4995 6847
2969 3629
476 5327
328 2133
477 1601
481 2398
182 3995
2574 7198
478 861
5755 7282
579 4846
1579 55
298 3258
480 2272
288 5466
116 7063
3565 642
2701 657
678 4335
2353 1114
3444 7535
1970 4774
1475 3168
2374 6371
521 3962
1603 759
4194 7180
485 1638
10 41
4955 6462
3086 3244
488 2623
822 7414
359 993
1477 4211
3093 1008
1488 4220
1511 5011
656 1808
489 4315
493 1074
5020 7495
494 1730
1098 49
3578 6470
2706 3252
501 3014
2315 6217
502 1717
1280 6486
4007 65
874 2160
505 4401
441 5998
26 6229
293 3026
514 2410
490 813
5848 7234
517 2867
524 2988
904 2999
703 6993
4363 572
775 587
5454 7008
313 2202
3106 5405
527 7277
111 856
466 871
2062 4074
540 5683
929 3960
552 1563
531 1239
4638 7660
500 4442
1354 2151
2012 4560
443 4551
378 6148
743 2811
537 2658
1301 1061
5560 7482
542 2871
92 7662
1032 1241
2774 4459
548 1320
4421 7741
1427 2917
549 4980
1349 6577
4034 156
213 171
5837 6592
2058 1762
4192 8183
856 1780
788 4983
1410 4974
553 1657
554 6764
4543 343
188 358
3116 6779
2322 3561
1072 376
5924 6797
1996 6782
568 1185
555 3813
556 3724
1687 521
5428 6942
287 6918
5820 497
631 2130
557 3439
322 1842
4327 8263
559 26
3419 6447
2628 6432
54 11
422 1623
538 8044
1867 4826
604 4011
394 7214
3653 793
3026 808
4402 7229
973 817
317 7238
759 823
561 1006
563 2814
565 7478
596 2696
566 4532
3007 1329
5512 7750
569 1022
809 7443
1342 2619
64 5822
1379 5813
571 1518
5915 7939
390 7924
4344 1503
19 4712
2178 7915
5608 1494
3043 1509
4880 7930
572 5196
2591 1993
574 4964
2917 8167
2562 1746
2226 3376
575 4574
471 1380
6156 7801
915 7768
593 1386
2523 7792
81 2983
2472 1368
3851 7789
576 556
577 730
580 2516
582 2247
44 650
4895 7071
585 1190
223 5981
2731 2778
799 2787
586 1097
5060 7518
1389 265
5209 6686
2183 3468
715 3456
989 2966
599 2510
1099 913
600 7683
5552 1262
2567 4480
2966 1277
5898 7698
603 1476
926 3073
605 2073
606 1124
4792 7545
1133 5915
609 4735
2975 4750
610 2689
611 3265
3037 62
3433 6483
992 71
4142 6492
1011 3274
2756 6477
11 56
614 4929
712 1726
584 138
665 6523
6034 102
2462 3320
1217 1732
5093 8153
615 4588
1895 1385
3436 7806
616 1215
1151 6006
620 1966
857 5160
624 3800
662 597
4770 7018
625 5934
627 2660
1650 5863
630 1723
3058 4926
487 7553
482 1132
2821 1147
634 3830
1838 3839
2299 7042
1103 2233
639 2364
642 4422
645 1305
2483 7726
1391 5446
650 3946
2916 743
5802 7164
240 5543
651 4547
3184 1344
4355 7765
652 4829
1518 38
5479 6459
653 5392
657 3624
159 421
3682 6842
1097 430
2448 3633
177 154
3501 6575
909 3366
1644 163
6106 6584
2805 1301
2999 4504
664 2940
795 4534
666 1291
668 6323
2982 3120
543 4726
2468 1523
5876 7944
669 3309
1873 106
4983 6527
670 317
2983 3520
671 7073
5344 652
1864 667
221 7088
673 6758
5635 337
3140 352
5482 6773
37 825
325 4037
885 2440
704 710
601 7131
164 2325
1628 5528
677 5055
353 3458
79 255
1877 6676
1779 8071
5577 1650
132 68
5591 6489
680 1471
5162 7892
1007 6262
97 3059
1164 4665
2144 1462
5530 7883
684 4827
60 36
4902 6457
876 1633
5167 8054
685 2085
924 5288
1152 3371
689 864
4867 7285
690 2411
1328 5614
1481 5605
785 1614
5729 8035
772 17
1106 5100
1471 5455
646 2252
693 1793
5542 8214
694 4073
2053 870
2790 7276
6008 855
100 2476
986 879
4749 7300
2920 4082
695 2135
700 1667
6178 8088
705 417
706 5012
707 5179
2910 1976
262 1985
318 5188
3181 3876
710 215
711 1721
17 2657
648 5848
3143 2645
716 1690
810 6481
3884 60
1174 4884
761 893
192 2490
304 5693
882 5684
2804 2481
717 1692
718 3614
719 1747
687 8168
741 2544
1367 947
2230 4150
784 5732
491 941
3174 7362
720 5255
3197 2052
721 2651
699 3976
1656 7179
4120 758
2671 4433
732 2851
733 5022
1070 6619
734 1896
2181 5099
766 2693
3025 5896
1068 7484
2149 1063
2487 1078
1473 4290
2759 7493
5023 1072
735 7855
5680 1434
827 4661
1554 1467
5359 7888
506 7873
3945 1452
737 1326
3614 7747
3169 1427
749 5857
786 2654
751 2713
300 5916
115 4310
753 6218
1063 3015
756 3293
750 6496
2120 75
77 90
404 6511
1020 1696
183 4899
1953 8102
5186 1681
762 422
4654 6843
764 1278
222 7699
768 5178
2619 1975
1366 1984
444 5187
3055 366
3644 6787
769 722
1770 7143
933 3916
1219 7119
4284 698
778 7391
570 970
1697 985
782 2114
783 6589
1602 168
826 183
5993 6604
2329 3386
793 2981
1383 4578
1902 1375
797 5262
798 4046
1457 852
589 4055
801 1137
1446 5928
802 1049
5323 7470
1350 2646
3122 3809
1185 5415
1312 624
499 7045
804 3451
805 3958
807 1680
6262 8101
2681 8086
679 1665
808 2350
516 5553
1255 3947
3114 7150
5554 729
812 2333
813 5775
1950 2572
815 4510
2159 1307
6016 7728
819 3792
2344 589
6202 7010
820 5839
1194 3084
3070 6287
824 697
829 3645
830 3053
832 6243
833 4994
2156 1791
27 8212
834 4866
2928 8069
148 1648
835 3433
1724 230
3425 6651
907 6627
836 7900
2951 4697
873 4706
837 8192
838 1918
363 5121
1171 321
839 2205
1157 608
4579 7029
840 339
1413 5130
1361 1927
841 1330
5053 7751
842 769
843 6934
5773 513
2417 528
4023 6949
2498 3731
1433 546
844 4967
1399 176
845 6930
208 509
846 3498
1360 304
3050 6725
1472 1901
2434 5104
847 3771
2475 6974
879 553
1041 2174
848 7057
80 636
200 3854
851 1412
748 7833
1952 7818
3574 1397
943 3009
3200 6212
853 5199
854 3192
855 1381
5462 7802
1489 7769
859 269
1179 3463
2764 260
1407 5060
3183 1857
860 2662
861 1470
5226 7891
643 4673
863 4136
2934 933
4072 7354
1315 942
4498 7363
3154 4145
864 2932
2364 6135
1247 1335
4295 7756
865 3103
608 6306
1327 1506
43 7927
436 4709
3032 7912
866 1688
5747 8109
867 2686
1091 5999
1508 2805
870 336
871 6612
3833 191
1928 3409
1485 5015
872 3631
2234 428
875 3388
2573 185
5756 6606
881 854
883 1154
1150 5945
886 4582
890 4463
38 1260
2287 7666
5181 1245
891 1193
816 7614
941 2790
892 1796
953 4999
1154 3393
893 5273
895 2356
2274 5559
896 6945
1688 524
897 2156
898 2329
2881 5532
1461 3926
2889 723
365 7144
899 2384
900 3660
176 457
3461 6878
901 3845
2447 7048
427 627
902 4263
903 2557
1940 5760
911 3114
912 5166
274 1963
983 1972
959 5175
1137 1360
5232 7781
590 4563
2717 7766
4855 1345
2047 4068
2335 7271
4592 850
1113 4338
258 1135
918 1443
2394 7864
919 971
5452 7392
921 47
4439 6468
990 1644
4434 8065
922 2955
923 3656
2165 6859
6224 438
1306 6850
2021 429
2437 3647
925 1847
2597 5050
977 2708
1202 5902
46 2699
930 2831
1371 4428
1536 1234
1657 4437
932 5804
936 4764
1225 1570
937 1403
269 7809
5075 1388
963 3000
938 2508
940 4682
944 6563
3132 142
760 157
4339 6578
1096 1772
4043 8193
945 4981
946 1221
4261 7642
1329 4424
1292 4415
1966 7618
4944 1197
947 3291
545 6494
3987 73
1455 1694
948 1496
2254 7902
4875 1481
949 2241
950 3523
951 2973
952 3208
654 5
954 3804
1089 601
5284 7022
1509 2754
956 3276
958 5289
960 5650
1159 2456
961 5811
982 2617
1635 5820
964 7879
5550 1458
692 1473
3412 7894
966 1534
5586 7955
1122 4686
968 2165
1408 3762
1929 559
849 6980
969 1802
970 3661
3170 6864
5723 443
972 6227
628 3024
1074 3033
975 1756
3060 8177
978 334
2940 6755
525 3537
979 849
2801 7270
2140 4034
2387 831
5151 7252
1430 5482
981 1199
463 7620
869 4402
1425 7587
18 1166
429 4384
985 1969
289 5172
1525 372
6054 6793
987 5722
3082 2519
995 1888
691 8294
3522 1873
998 86
5884 6507
1001 3404
254 201
5940 6622
1999 7040
5679 619
1049 2231
1005 7055
1002 634
1527 2264
1009 5457
1012 9
5675 6430
1017 2760
573 5963
1019 4531
2032 1328
1022 3020
796 6223
1023 4528
1025 3536
2565 6739
4968 318
1026 827
244 7233
4568 812
1028 2859
1030 3145
3023 6348
1034 1390
1035 2599
230 5802
1037 1980
1038 4557
1039 6801
2255 395
1044 3680
3071 6883
3980 462
1046 5182
2361 1979
232 6714
3449 293
2497 5090
1048 8194
1050 1990
1003 5193
1176 5184
1051 7968
726 1547
1052 371
1053 7497
1054 4748
1055 937
1056 2071
1057 1550
2265 4753
1058 3381
428 178
858 6599
1293 187
667 6608
920 3390
1061 2523
1064 251
4046 6672
49 3454
2347 6657
89 236
1434 1848
1065 2323
2363 5526
1066 1620
3694 8041
1128 23
4813 6444
1145 4814
1067 6347
1000 3144
1069 2576
1071 7115
4113 694
1409 3912
1075 5185
1541 1982
1076 5897
1149 2703
1077 765
3477 7186
1078 2299
1079 1466
4508 7887
324 4669
1596 4660
1080 4666
457 4051
1592 5639
1084 54
1086 1757
908 8178
1087 3969
529 766
4015 7187
1092 863
3546 7284
2452 7269
1081 848
1093 4347
917 1144
5519 7565
1094 3028
1095 2746
2754 5949
522 3642
1101 3462
421 259
1102 4189
341 986
3437 7407
1358 2592
1105 3490
1107 254
5155 6675
1728 3457
1108 1200
3714 7621
1109 1308
308 4511
1110 1425
1111 1592
4755 8013
1207 4795
1114 7327
461 4124
1115 7295
2702 4092
1156 2504
2907 5707
1116 637
1260 2234
1874 5437
1118 4600
1119 6296
1120 403
2993 4818
1123 4587
991 1384
526 7790
1124 6299
1127 301
1129 127
2922 6548
1182 3321
1131 275
1719 3478
1132 1956
1135 4364
2587 7567
5655 1146
1136 3350
2102 6553
246 132
2368 147
1139 1953
1542 356
4536 6777
1141 5709
1862 2506
1483 918
3131 4121
1142 5222
1212 431
6080 6852
773 3634
1144 345
1042 6766
3115 3548
1147 4261
1158 1043
1708 7449
3981 1028
1161 8287
6036 1866
3158 5084
1162 1658
5914 8079
299 3615
1284 2009
1166 3630
560 427
2642 6848
636 6833
1165 412
1168 2001
1860 5204
1402 404
1386 3607
1173 8166
5963 1745
129 4963
1294 4972
1474 3375
1519 172
1175 1566
1593 7954
4159 1533
1449 1548
1177 4041
1082 838
1589 2444
1178 3307
403 6510
195 89
2555 104
430 6525
1180 3464
1196 261
1432 5061
1390 1858
1181 4363
1643 1160
1578 1169
1184 5582
723 2379
1187 1497
2970 7903
682 1482
1189 2072
1190 6900
3525 479
1160 494
5455 6915
1192 586
4515 7007
1193 4078
1197 5862
2971 2659
1198 3031
1199 3567
1794 6770
346 349
2683 364
1201 314
4044 6735
338 6720
136 299
1204 2976
1467 6170
335 2967
1206 3030
1209 3814
2489 611
1210 4269
2909 1066
5239 7487
1211 959
2463 7380
95 4162
1213 6272
1214 5226
1215 5512
1218 3333
1681 130
6252 6551
2485 6536
1220 7651
728 1230
1024 4448
1339 2860
1868 6063
1221 4098
242 7301
3625 880
2466 895
5859 7316
1573 904
1222 2427
1146 5630
1223 3005
1226 1569
1231 7510
4916 1089
1232 1297
375 4500
1233 4688
583 1485
3095 7906
1236 16
498 6437
1497 6422
1237 3847
1228 7050
1512 644
1238 5295
581 2092
1239 4530
1227 7733
4409 1312
1241 6046
2333 2843
1245 7241
2502 820
1246 4616
45 1413
5811 7834
2819 7819
5227 1398
1248 2595
234 5798
1332 4192
1887 989
1515 998
4801 7419
84 4201
1250 2182
1251 1962
1253 2137
1254 5658
1257 3148
1259 2228
1261 12
1262 2249
284 5452
1267 3002
1270 1290
567 3455
1275 300
5682 6721
1276 4383
2886 7586
633 1165
1279 3489
2346 286
5301 6707
1282 5871
1283 2102
1544 5305
1285 1148
3281 7569
2992 4351
1287 1537
1288 1915
1289 7839
146 1418
1338 4645
2654 1442
5956 7863
1291 3803
2393 4111
1296 2587
396 5790
1493 7378
4901 957
1062 4175
1297 635
3014 7056
1298 1296
5058 7717
1299 1211
674 7632
1302 2096
1303 2674
1304 4440
2892 1237
4078 7658
1305 2193
2420 5396
1307 3238
145 35
3099 6456
2207 6441
1195 20
1310 1000
1265 7421
1313 5773
2465 2570
1314 244
33 6665
752 3447
1317 350
1750 6771
193 306
3567 6727
1319 3683
1321 4077
1323 7132
1324 7021
814 600
1726 615
5268 7036
1325 1484
4960 7905
250 4687
1326 6518
1330 4486
1333 6873
2511 3670
2911 467
1334 6004
1963 2801
1335 2332
1337 1127
1341 715
1568 7121
1125 700
1343 1465
5720 7886
967 7871
5314 1450
1344 4276
1345 5144
1347 6123
1348 7046
5329 625
352 3843
2728 640
3914 7061
1351 5922
2602 2719
1352 6047
1353 4713
551 1510
3930 7931
1359 5927
1363 6320
13 3117
1368 922
817 7343
1369 840
2141 4043
1517 2437
1731 5640
1370 1718
2721 8124
5874 1703
1373 5626
1374 2909
1375 590
4883 7011
1376 8
1538 6414
1378 2118
791 5321
1543 5312
1532 2109
1380 1781
5705 8202
1381 1257
5799 7678
2938 4460
1382 3275
133 72
5221 6493
3171 6478
2027 57
1385 3055
1387 6715
2195 3512
1393 591
803 7012
2458 3794
1447 6979
5317 558
1394 2665
3119 5868
1397 975
1117 7381
935 960
1400 1468
4789 7889
2345 7874
1496 1453
1426 4662
1264 7865
1258 1444
1401 881
1805 7302
1403 1530
1725 4733
1404 1513
1405 2828
1411 4718
2107 7921
1040 1500
1414 1133
5623 7554
2695 4336
1417 1795
5361 8216
1422 3391
994 6594
279 173
2540 188
4985 6609
1423 2535
3065 5738
1424 686
957 7092
1428 7409
48 988
637 1003
4545 7424
2783 4206
1521 5812
3045 2609
1436 6068
1311 2865
1437 1469
350 7890
1439 2509
1440 3150
1443 5780
1444 1282
3214 7703
1153 4485
1445 545
533 3748
504 6951
3505 530
1448 3890
1450 2877
1451 3653
1452 2690
1453 5612
2532 4039
1456 935
1817 4138
1458 1649
3775 8070
2809 4852
1459 2922
1460 4036
1021 7239
3866 818
1463 2452
1796 5655
1464 689
2878 7110
354 3892
1465 2511
1242 5714
1466 4273
1468 19
5861 6440
1469 1420
4489 7841
1470 4986
1229 1783
3673 8204
1476 2702
1539 4299
1478 4234
1814 1031
3731 7452
1479 2839
1482 7985
2242 1564
1268 4782
1486 5215
1487 4458
2918 1255
4620 7676
1490 5933
1492 5835
1494 3729
1498 3408
745 6611
4951 190
2357 205
4101 6626
1500 2387
1501 1315
4513 7736
1547 2912
1502 7026
5871 605
1829 620
4626 7041
1503 5148
1504 1259
1043 4361
1507 1813
24 5016
1510 882
1513 7517
3679 1096
927 1111
1575 1129
1514 2517
1520 844
5689 7265
1522 7059
5195 638
1524 280
5525 6701
275 3483
1528 5217
535 2014
1529 3635
460 432
1530 646
777 7052
1442 631
1531 1424
1320 7845
1533 3603
1170 400
6161 6821
1534 4792
1878 1589
4294 8010
1535 2168
2968 5371
1540 1201
1545 6734
5 313
2173 328
6056 6749
1548 6869
905 3666
1550 2904
1551 2053
1552 3450
1556 2172
2436 5375
1557 5545
2378 2342
1558 7108
1559 2526
1560 5380
1561 6072
1562 5024
1564 961
5536 7382
617 4164
1565 2128
1566 2948
913 6151
1571 707
2382 7128
1278 3910
2823 7113
4714 692
1572 795
2126 3998
2408 7201
5989 780
1576 2770
2366 5973
1577 1064
4474 7485
2682 4267
1581 7005
3427 584
3164 3802
1585 1565
1587 7675
6171 1254
1588 6789
2912 368
296 3586
3038 383
3315 6804
1594 7835
512 4632
1595 7101
1346 695
676 7116
130 3898
1597 1595
1639 4798
1598 1242
5790 7663
1826 3806
1600 2324
2369 5527
1601 4689
1604 6156
1605 2338
1606 5961
1608 6783
3518 362
1923 3580
2253 377
6168 6798
1610 2029
1611 4435
1612 298
4269 6719
1615 3655
1616 4110
2712 907
1617 6595
1977 3392
1618 3081
1620 4943
1621 3557
1622 2923
3091 6126
1624 4079
2286 876
4853 7297
1625 2856
1626 5680
1627 78
1629 3459
1997 256
6071 6677
1631 592
4234 7013
2638 6998
5981 577
1632 1646
1634 435
1637 822
2769 7243
1638 2968
1640 1175
1641 6216
1642 3400
3193 197
454 6618
1645 4430
1648 2211
1649 1899
2075 5102
1651 1925
1654 5239
1655 6855
3561 434
1658 658
3345 7079
1659 7860
1949 1439
1660 4042
1709 839
5609 7260
1661 4233
2724 1030
5767 7451
1662 5180
1850 1977
1663 3725
1665 2134
1666 1059
5356 7480
1668 3199
1670 3233
2187 30
4919 6451
1671 3235
2576 3301
1673 664
5545 7085
3064 7070
281 649
1674 1250
1982 4453
1675 8134
3491 1713
1676 7230
1677 1580
5816 8001
1679 4071
1682 656
1683 2578
1684 5053
1686 2117
2124 5320
1689 4468
1690 7109
3662 688
1691 2159
1692 2872
1693 6314
1695 2257
1696 5624
1699 175
256 6596
2264 3378
1701 44
1702 2157
1763 5360
1705 2541
1706 204
4048 6625
1710 3225
1711 816
1088 7237
1712 2792
1713 2698
1714 2727
1715 2171
1716 6976
3630 555
1717 77
792 6498
1718 363
448 6784
1720 1143
1505 7564
1722 3664
2535 461
3080 6867
5670 446
1723 2273
1727 719
2289 3922
1730 1340
4785 7761
1732 4966
1733 3480
1734 7808
5991 1387
3102 1402
1735 995
4879 7416
1736 4353
3074 1150
1737 2752
1738 2598
1739 177
3500 6598
2546 3380
1740 340
1741 1007
1742 1522
2326 4725
1743 1286
660 7707
1746 4489
1744 853
2134 4056
1745 2809
1749 1787
1751 5810
1951 2607
1753 1024
6099 7445
1754 21
2145 6442
1755 3072
1756 1416
4548 7837
1757 8276
1584 1855
2327 5073
1758 4438
2288 1235
1761 4719
1967 7922
1140 1501
1762 1184
3327 7605
1765 2691
1766 5404
1767 1029
1006 7450
3141 4232
1768 1524
4067 7945
1771 1792
5230 8213
1919 8198
1205 1777
1772 415
6125 6836
1773 2401
1774 1323
153 7744
1775 1754
1776 1075
2610 7481
713 1060
1777 5776
1778 2106
1781 1800
5886 8221
1820 3720
1784 79
4029 6500
1785 955
4274 7376
1786 3487
1787 1207
1788 2357
1790 4007
2450 804
661 7225
1792 7649
3951 1228
1799 1243
4799 7664
1793 6526
3177 105
1795 2433
1797 136
2307 3339
1798 2974
2974 6177
1800 2672
1801 74
6002 6495
1802 6471
273 50
1803 6790
2292 3587
1804 1382
1015 7803
1806 3007
1807 5886
2146 2683
1809 628
2599 7049
1810 6501
178 80
1811 7054
1336 633
2543 3851
1812 39
1653 6460
1813 810
675 7231
1818 4013
1815 6304
1816 5153
1819 5142
1821 2832
1822 675
5335 7096
1823 1965
1824 2368
1825 3021
1827 910
1828 7286
916 865
1830 622
1263 7043
1831 27
1832 390
5703 6811
2470 3593
1833 5171
1834 2469
1835 2908
1837 6377
1839 2435
1840 5485
2529 2282
1841 1596
2416 8002
5416 1581
1843 7579
6175 1158
1844 6464
1083 43
2862 58
2841 6479
1845 567
2963 3770
1846 335
1847 5421
1848 3895
1849 2307
1852 616
5892 7037
1853 2677
1854 139
93 6560
2986 6545
4784 124
1856 7400
3542 979
2186 994
4677 7415
1857 7501
1549 1080
2924 4298
1859 5162
1861 3766
1863 4400
1865 1836
2213 5039
1866 329
1870 4471
1871 1893
2477 5096
1872 3088
1875 6702
1876 1628
3817 8049
1879 231
5065 6652
1880 3887
2792 684
3072 7090
1881 8290
2637 1869
1882 797
3317 7218
1883 3948
1884 87
6053 6508
2291 3290
3112 3255
1886 2169
1889 5465
1890 7598
1891 7752
3992 1331
2413 1346
4189 7767
1892 3109
2505 6312
1893 1050
3595 7471
1894 3526
2056 6729
1047 308
1896 2367
1898 1407
2668 7813
5553 1392
1899 5549
1900 7236
4133 815
1988 945
2687 4148
1903 7646
5120 1225
2094 4443
1904 1396
1905 1034
4433 7455
1906 2277
1907 3401
1908 595
5336 7016
1909 1599
1910 1774
4089 8195
2509 4977
1911 5506
1912 5484
1913 1394
1915 760
4816 7181
1916 1767
2418 8173
211 1752
1917 1606
5156 8027
2204 8012
1700 1591
1918 794
1920 981
3468 7402
1921 696
3475 7117
1922 3470
2118 6673
1272 252
1924 8277
4473 1856
1925 4355
2572 1152
1926 2918
1927 706
4092 7127
2622 7112
980 691
1930 5608
1931 425
2773 6846
1932 4431
1933 6334
1934 2950
1935 2977
1936 3193
1939 1991
1980 5194
1941 3001
2293 6204
1942 2819
1943 6617
1944 4397
1945 6270
1946 5384
2547 2181
1947 8051
3748 1630
1956 588
1599 7009
2694 6994
5470 573
1957 3980
2789 7183
303 762
1958 1742
1266 8163
1959 5487
1960 5083
2297 1880
1962 3970
1968 2579
1969 5341
1971 232
5603 6653
2423 3435
1972 3775
1973 4982
1975 7695
5999 1274
1976 1837
1979 5174
1981 4449
1983 7253
3084 832
1984 348
5383 6769
1985 5520
1986 4344
2837 1141
1987 4349
1989 5550
1990 4944
2786 1741
686 8162
1991 396
1993 2065
1994 6013
1995 2833
1998 7608
3749 1187
2188 1202
4373 7623
2000 3035
2001 6038
2003 2546
2004 4988
2005 2458
2006 1556
2007 4130
2008 2462
2009 8237
2259 1816
2011 2928
2015 6443
3108 22
2045 37
1885 6458
2016 6695
3236 274
2018 958
4111 7379
2019 6397
2020 6400
2467 3197
2022 2979
2023 3326
2024 6948
4456 527
2996 542
5970 6963
2025 2647
2659 5850
2026 705
5532 7126
2028 61
3016 6467
770 46
2030 3190
2031 5029
2962 8232
1664 1811
2033 1498
3890 7919
2780 7904
1420 1483
2034 5427
2035 3029
2036 7393
2303 972
2037 1489
154 7910
2038 1520
6247 7941
2039 5013
2040 3528
2245 325
6007 6746
2041 1010
2453 4213
2042 4840
2193 1637
3144 4910
2046 14
2048 2255
2049 6547
1415 126
2054 5044
2055 7992
484 1571
2914 4789
2057 63
3647 6484
2626 6469
1703 48
2059 24
2276 6445
2709 3227
2060 7908
823 1487
2061 1932
2063 3304
2064 5064
2670 1861
3202 8282
2065 898
2066 2704
2067 6699
2068 7403
1526 982
2069 2687
2070 6909
2142 488
2518 3966
2072 3086
2073 803
2074 1849
4132 8270
2076 379
3887 6800
2077 2706
2078 3477
2079 4382
2080 915
5369 7336
2081 4934
2757 8137
3573 1716
2082 3835
2810 7038
3876 617
2083 3755
2085 3338
2432 135
2086 2788
2087 5568
2454 2365
2088 370
2089 1610
2469 4813
2090 5342
2091 1342
889 7763
2092 6906
2093 6943
5746 522
2096 899
2097 6360
2099 416
5385 6837
2100 7350
4898 929
2590 944
5127 7365
2803 4147
2101 3985
2440 7188
5218 767
2104 6263
2105 6023
2108 788
2109 5499
2110 1423
5261 7844
2370 4626
2111 1142
3048 7563
2112 237
2891 6658
2113 2341
2116 4062
2588 859
41 7280
2117 4366
2119 6337
2121 1426
2122 5316
2994 2113
2123 226
4636 6647
2267 6632
5843 211
2125 2951
2129 1023
1974 7444
2130 2772
2133 2768
2136 1613
2138 6098
2139 7682
39 1261
2965 1276
2010 7697
2143 4255
2148 756
3695 7177
2150 243
2449 6649
2115 228
2151 1284
659 7705
2807 4487
2152 3184
3199 6387
2153 3173
2154 647
3012 3850
2155 4316
2516 1113
2157 2561
2158 1935
2160 805
1491 7226
2827 4008
2161 108
2946 6529
2162 8283
587 1862
2163 128
2164 4228
2166 8037
5567 1616
2273 1631
5807 8052
2639 4834
2167 6388
2168 2740
2169 3200
2170 5932
2171 2439
2675 8047
4377 1626
2175 940
2528 4143
2177 3108
3004 6311
2179 33
4264 6454
2796 6439
1914 18
2182 2763
2760 5966
2184 1587
2185 920
2504 7341
2729 4123
2189 2450
2191 5006
2281 8209
1647 1788
3155 1803
2114 8224
2192 3949
2686 746
2194 5606
2196 8292
4885 1871
2282 1886
2197 2103
2198 866
5104 7287
2199 8284
2200 5068
2201 1159
3344 7580
2205 2952
2206 2376
2208 7812
5867 1391
2209 6124
2210 4021
2211 4117
2212 113
5382 6534
3042 6519
1672 98
3166 3316
2214 6150
2478 2947
2215 2253
2217 1393
6153 7814
2539 4596
2218 3300
2915 6503
2220 1123
166 7544
2228 7529
2221 222
3487 6643
3107 6628
2222 4879
2224 2270
2225 5692
2227 5984
2500 2781
2229 6521
5256 100
2231 749
6035 7170
3073 618
4121 1258
2656 4476
4748 8254
5130 6582
3683 6474
2243 1027
4385 8189
2252 307
2261 5994
1295 908
5008 1351
2266 3658
6137 1208
6118 8040
2278 1196
4690 7617
2279 2479
2280 6522
2284 7677
4872 1256
3090 1271
2296 3062
2309 677
4012 7098
3686 8140
2316 1490
5202 7911
3221 6834
4544 7799
2342 266
4903 6687
2349 991
2350 5855
4602 8243
2604 2079
5109 7192
5004 7003
3097 7615
3109 1194
5206 1021
3129 258
3976 6679
2383 3243
4222 6461
2388 4808
2106 81
2405 7775
4936 1354
2412 7158
3165 4466
1978 6600
5114 1625
2451 3554
2476 3164
2479 2618
2517 5821
2486 1411
3624 914
3137 454
2493 963
5604 7737
5199 6812
2520 5594
2375 764
4720 7975
3089 4757
2526 4913
3096 1495
3792 7916
2381 3461
5584 768
2536 1790
3778 8211
4741 732
2541 4141
3156 938
2544 4604
5456 7006
2552 6105
2553 2099
2570 4231
2853 668
3964 653
3872 6723
1340 614
2596 7996
4966 1575
2586 7371
5789 753
3649 419
3962 7227
2903 7212
2608 433
5347 6854
3134 3636
2613 4639
2616 399
2617 5515
3160 6726
2239 161
5442 8187
3858 8105
1901 7351
2640 5191
2579 302
5782 8215
2645 4063
3117 860
3959 7281
5851 6728
2648 5599
2655 6938
2658 4771
2660 544
2662 5139
2664 6346
2673 2283
3168 3917
3513 969
2684 741
4025 7162
5891 7867
2688 3006
2689 2721
2692 8251
3271 1830
2693 3098
2696 2965
4764 7149
5272 713
6030 7486
1992 7757
4941 6546
2737 6644
3081 238
3148 456
3675 6877
1855 6624
5953 7089
2750 499
2752 2883
2753 7810
3179 1389
2851 3488
2767 6020
3100 2817
3432 8056
2776 5704
2778 5054
4122 8091
2788 7578
2798 1753
2799 2230
2806 1662
2816 936
2564 7357
4921 1828
3924 7425
2820 7447
2906 1041
2566 5805
5769 7462
2824 3663
2832 1447
2595 6316
5798 7868
2833 3070
2029 224
2849 6146
2850 3087
2715 748
5918 6996
6064 7832
2861 7135
6070 6767
2867 1222
2868 3272
5225 7952
4342 8025
6082 7353
2879 4224
2306 1367
5509 7523
2896 1689
2373 7442
5576 8110
2953 5940
4205 7665
6134 714
2931 5248
2972 5150
2950 1951
2958 6571
1609 150
5097 6466
3005 5366
3409 6532
3010 1365
3021 3118
3044 394
4744 6815
3049 6003
3582 6923
3053 1099
3059 712
2749 203
5952 7133
3061 344
3062 1720
3063 6064
3068 2543
3076 2512
3077 796
2354 1822
5557 7217
3078 2881
3079 1807
3118 5010
3083 2407
3110 5610
3085 2545
3088 7964
3111 4761
3092 966
2831 7387
3094 750
3098 2936
3101 2821
3103 3090
3104 3172
3105 8190
3113 3465
3121 3181
3124 3556
3126 3714
3127 5627
3128 2502
3133 7332
2219 911
3153 926
3212 7347
3135 4976
3136 2363
3139 2197
3146 5841
3147 2293
3149 5511
3150 2905
3151 3203
3152 7193
3956 772
3159 5837
3162 4663
3163 3675
3167 897
3172 3436
3173 3187
3175 5620
3180 566
3182 7884
3185 6280
3186 6157
3187 6916
3401 495
3189 5203
3190 3872
3191 3198
3192 3591
3195 2449
3198 1674
4551 8095
3201 5391
3203 4612
1 579
3204 3983
3205 2520
3206 51
3579 6472
3208 4464
3209 1561
4562 7982
3210 2150
3211 3445
3213 5583
3215 6895
3216 6616
3217 4295
3218 1675
3017 4777
6220 8096
3219 885
5207 7306
3222 4140
3223 408
3667 6829
3224 3406
3225 2213
3226 7754
4296 1333
3227 6024
3228 6605
3229 2146
3230 3961
29 1125
3232 3977
3233 1046
3234 1318
3235 800
3237 3271
3238 4252
3239 4139
3240 2115
3241 1195
4181 7616
3242 3210
3243 167
3244 2799
3245 814
4967 7235
3246 4576
3247 2791
3248 3124
3249 3314
3250 3315
3251 5221
3252 2548
3253 4671
3254 3229
3255 1139
3256 1528
4368 7949
3257 5600
3258 2682
3259 1516
4326 7937
3260 1432
5133 7853
3261 6145
3262 4429
3263 2060
3264 3932
3265 2108
3266 3389
3267 3688
3268 4331
3269 607
5242 7028
3270 6339
3272 6491
3273 6261
3274 3036
3275 3592
3276 3973
3277 6541
4330 120
3278 5393
3279 2569
3280 2884
3282 4088
3283 7027
4038 606
3284 389
3975 6810
3285 3268
3286 6057
3287 6059
3288 3543
3289 6093
3290 6302
3291 2759
3292 5988
3293 219
3294 5977
3295 3639
3296 5701
3297 6999
4431 578
3298 6108
3299 8264
3300 7829
3384 1408
3301 4250
3302 6325
3303 1582
3304 2889
3305 3678
3306 83
4685 6504
3307 2041
3308 7172
5116 751
3309 1451
3310 2306
3311 2914
3312 3137
3313 1362
2627 1967
5830 7783
3314 2802
3316 7502
4757 1081
3318 3582
3319 3242
3320 1505
3321 1785
3322 5111
3323 4144
3324 3385
3325 2695
3326 8272
3328 2414
3329 8266
2848 4126
6051 1845
3330 916
5592 7337
3331 6991
5124 570
3332 4304
3333 7418
3334 548
3335 7929
3336 3836
3337 5281
3338 2101
3339 5982
3340 1373
3341 6806
3342 1401
5136 7822
3343 5218
3346 7831
3506 1410
3347 398
4730 6819
3348 2125
3350 4342
3351 7875
3558 1454
3352 292
4601 6713
3353 7933
3354 690
2319 2055
5522 7111
152 6875
3355 52
3356 1920
3357 1934
3358 3751
3359 1765
3360 3397
3361 5048
3362 2939
3363 868
3364 5993
3365 3834
3366 2360
3367 8000
5054 1579
3368 8053
3950 1632
3369 5525
3370 6242
3371 3240
3372 5815
3373 3863
3374 4664
3375 2518
3376 2049
3377 4248
3378 202
3380 3788
3381 6885
3382 4800
3385 4275
3386 3182
3387 3506
3388 2498
3389 2864
3390 1832
3991 8253
3391 3991
3392 6865
4608 444
3393 3569
3394 3012
3395 2061
3396 3438
3397 5836
3398 4395
3399 1536
3400 2987
3402 4681
3404 6876
6185 455
3405 1171
3406 4746
3407 3418
3408 5604
3410 779
3411 6905
3413 2941
3414 5324
3415 2389
3417 1198
3418 3862
3420 5122
3421 1280
4646 7701
3422 121
3423 5909
3424 7166
4125 745
3426 5317
225 1319
3428 782
2739 5313
5942 7203
3429 1865
2873 6144
6076 8286
3430 1643
4905 8064
3431 5581
3434 4625
3435 2063
3438 1961
3439 2206
3440 5751
3441 1079
3442 7907
4581 1486
3443 2491
3445 5913
3446 5834
3447 3686
3448 2217
3450 973
5621 7394
3451 886
3453 5615
3454 6698
3455 3679
3456 6870
3705 449
3457 1526
3458 1246
3459 7266
3923 845
257 8219
3460 2766
3462 2989
3463 2269
3464 1887
3465 2610
3466 1682
4533 8103
3467 2613
3470 2459
3471 4105
3472 5659
3473 949
3474 2192
3476 1535
5307 7956
3478 7738
2895 7512
6098 1317
3479 6017
3480 4952
3481 4352
3482 4321
3483 781
3484 2243
3485 2242
3486 6781
3488 1449
3489 8005
2766 6407
5969 1584
3490 13
3492 2503
3493 830
2581 273
5784 7251
3494 6924
3495 1337
4051 7758
3496 2176
3497 3798
3498 4950
3499 3269
3502 4970
3503 2413
3504 5921
3507 7877
4380 1456
3508 7869
5183 1448
3509 3819
3510 4285
3511 5705
3512 6718
3514 1560
4561 7981
3515 5877
3516 92
3912 6513
3517 4320
316 8050
3519 4647
3520 4957
3521 4436
3523 4260
3524 7661
3526 3827
3527 2715
3528 2254
3530 4024
3531 1704
3532 3204
3533 3954
3534 3241
3535 2577
3536 5261
3537 7348
3538 2933
3539 5158
3540 7753
2997 1597
6200 1332
3541 6416
3543 5462
3544 2720
3545 1440
3816 7861
3547 962
5022 7383
3548 1405
5077 7826
3549 2340
3550 6630
4713 209
3551 3743
3552 5186
3554 3637
3556 4251
3557 7124
2930 4838
6133 703
3559 3183
3560 4379
3562 2875
3563 3539
3566 6380
3568 7745
5090 1324
3569 5887
3570 2057
3571 4893
3572 4630
3575 3815
3576 6031
3577 4924
3580 5534
3581 239
3583 5765
3584 5198
3585 6134
3586 4128
3587 320
3588 5031
3589 2844
3590 2050
3591 2995
3592 240
4659 6661
3594 2568
3596 2551
3597 4765
3598 4166
3599 5038
398 1248
3601 1013
3602 6423
3603 3604
3604 3068
3605 5638
3606 3185
3607 2037
3608 3594
3609 4694
3610 303
3611 5275
3612 3017
3613 7791
3615 2351
3616 5095
3617 1502
6189 7923
3618 2447
3619 738
6142 7159
3620 5264
3621 1821
5267 8242
3622 4707
3626 7800
2256 5651
5459 1379
3627 4855
3629 2556
3632 2227
3633 3560
3634 4849
3635 6213
3636 5401
3637 5238
3638 3325
3639 912
3640 1881
3641 7197
2718 3147
5921 776
3642 5938
3643 424
4711 6845
3645 6788
4153 367
3646 4343
3650 5540
3651 3353
3652 6164
3654 2694
3655 1778
4756 8199
3656 233
4766 6654
3657 3891
3658 5890
3659 5501
3663 2574
3664 2575
462 7727
3665 3544
3666 3524
3668 3107
3669 3542
3670 3597
3671 2054
3672 3344
3676 1311
3677 2222
3678 3134
3680 5315
3681 4989
3684 5562
3685 6884
3687 7993
3688 4705
3689 4091
3690 6274
3691 3379
3692 8057
5270 1636
3693 4743
3696 851
3697 7145
4710 724
3698 445
5172 6866
3699 4134
3700 3929
3701 3126
3702 5860
3703 4667
3704 3188
503 8083
3706 1958
3707 5242
3708 3610
3709 2663
507 7862
3710 6271
3711 4992
3712 5551
3713 5967
3715 3545
3716 5876
3717 1372
3718 3038
3719 3877
3720 2012
3721 6236
3722 3324
3723 7503
4987 1082
3724 2998
3725 5115
3726 3514
3727 6961
4201 540
3728 5097
3729 7305
3730 3298
3732 6567
530 1167
3733 1349
5291 7770
3734 7950
3735 1182
3736 2064
3737 2198
3738 4322
3739 1884
3740 3131
3741 2281
3742 181
4652 6602
3743 612
3815 7033
3744 1033
5319 7454
3745 6671
3812 250
3746 3074
3747 2373
3750 6666
4835 245
3751 4937
3752 162
4703 6583
3753 7514
4279 1093
3754 5080
3755 5372
3756 4451
3757 2336
3758 4229
3759 3176
3760 4058
3761 2088
3762 1687
3763 5854
3764 5579
3765 5043
3766 4292
3767 8092
4717 1671
3768 8061
3769 7053
2991 1306
6194 632
3770 4326
3771 4375
3772 6185
3773 4854
3774 460
3776 3667
3777 4502
3779 3981
3780 4185
3781 1455
3782 3239
3783 246
3784 2418
3785 423
5580 6844
3786 3764
3787 6841
3788 2278
3789 5381
3790 3930
3791 3705
3794 1948
3795 2359
3796 5708
3797 4791
595 737
3798 5914
3799 5419
3801 4163
3802 5755
3803 5756
3804 2757
3805 3163
3806 7509
2985 5548
6188 1088
3807 4586
3808 1806
5296 8227
3809 2907
3811 235
5043 6656
3813 3600
3814 7031
3818 801
4404 7222
3819 8231
4705 1810
3821 506
2446 5245
5649 6927
3822 8271
3823 208
3824 3780
3825 5576
3826 2629
3827 2482
3828 6048
3829 1145
3830 4738
3831 4993
3832 4413
3834 523
632 290
3835 5332
3836 5972
3837 4119
635 1357
3838 2309
3839 4529
3840 1292
638 857
3841 295
3842 1138
3843 472
3844 5308
3845 4089
3846 1668
3847 4592
3848 5133
3849 5333
3850 6317
3852 2718
3853 954
3854 3093
3855 1038
5312 7459
3856 2724
3857 5702
3859 4492
3860 7980
5315 1559
658 1769
3861 4396
3862 6183
3863 2783
3864 6313
3865 7644
2569 1131
5772 1223
3867 5089
3868 4915
3869 4314
3870 1981
3871 2562
3873 3119
3874 5118
3877 5438
3878 7082
2856 564
6059 661
3880 5920
3881 1611
3882 2906
3883 3900
3885 3625
3886 7024
3888 490
5564 6911
3889 4776
3891 2352
3892 3692
3893 5125
3894 1693
3895 4785
3896 7228
4180 807
3897 6026
3898 734
3941 7155
3899 1436
4842 7857
3900 2005
3901 1299
3902 5803
3903 2316
3904 3799
3905 2567
3906 3801
3907 2978
3908 5078
3909 3797
3910 4025
708 673
3911 2214
3913 6668
5027 247
3915 2985
3916 7374
3917 4805
3918 2866
3919 5163
3920 357
3921 5678
3922 5679
3925 3765
3926 4751
3927 7780
4008 1359
3928 1945
3929 5542
3931 5339
3932 6082
3933 5774
3934 2813
3935 4305
3936 3278
3937 365
3938 5969
3939 5063
3940 5930
3942 4371
3943 5859
3944 4066
3946 5151
3947 3992
3948 6490
3949 6184
3952 1996
3953 2480
3954 489
4300 6910
3955 3094
3957 5488
3958 3359
3960 7044
758 8073
3961 4862
3963 5731
3965 2426
3966 5071
3967 3918
3968 4916
3969 7830
4206 1409
3970 1933
3971 2155
3972 5643
3973 3584
3974 7967
3977 2090
3978 2505
3979 3076
3982 1358
4672 7779
3983 3466
3984 5460
3985 3555
3986 7610
5912 1189
3988 4566
3989 6075
3990 4016
790 6772
3993 5660
3994 4009
3995 2994
3996 6533
3997 1557
2323 8141
5526 7978
3998 4599
3999 2020
4000 4317
4001 5958
4002 5717
4003 5757
4004 6071
4005 1515
4006 4659
4009 3496
4010 5983
4011 3154
4013 7020
2425 1609
5628 599
4014 561
4162 6982
4016 4535
4017 1433
4027 7854
4018 2894
4019 5830
4020 2068
4022 5035
4024 7
2404 1140
5607 6428
4026 5995
4028 1989
4030 1960
4032 6453
4081 32
4033 3583
4035 1930
4036 5747
4037 4447
4039 4960
4040 8084
4041 1339
5360 7760
4042 327
4045 1829
4047 4651
4049 5070
4050 4710
4052 3718
4053 1457
4734 7878
4054 8156
4831 1735
4055 1338
4286 7759
4056 2348
4057 296
4213 6717
4058 3767
4059 5521
4060 2184
4061 2826
4062 1831
2984 6061
6187 8252
4063 3742
4064 5668
4065 2354
4066 1892
4068 4947
4069 4173
4070 1507
5196 7928
4071 4241
4073 2661
4074 1678
3028 5250
6231 8099
4075 5711
4076 4778
4077 3342
4079 95
4297 6516
4080 3374
4082 867
4083 1739
4085 2141
4086 3774
4087 3776
4088 2402
4090 7686
4091 3513
4093 3769
4094 2087
4095 6092
4096 6050
4097 5386
4098 1647
4099 4381
4102 2650
4103 5456
4104 6926
4105 7650
5432 1229
4106 3377
4107 7139
5959 718
4108 4475
4109 5417
4110 5343
4112 693
5265 7114
4114 6133
4115 3864
4116 7715
2698 3589
5901 1294
4117 5939
4118 323
5686 6744
4119 3596
4126 2767
4127 4841
4129 6232
4130 5510
4131 6326
4135 917
4136 3162
4137 2515
4138 4807
4139 4623
4140 4933
4141 3358
4143 5294
4145 2903
4146 1216
5290 7637
4147 5884
4148 511
4150 4075
4151 3979
4152 4177
4155 4318
4156 5729
4157 4533
955 1157
4158 792
4160 799
5743 7220
4161 3472
4163 4023
4170 4853
4172 1995
4175 4020
4176 6633
6217 212
5080 1642
4185 268
4187 3598
5236 7469
4193 4822
4852 7165
4202 3405
4210 3701
4214 3384
4219 5523
5445 1517
4223 3504
4805 6818
4745 8157
4232 8045
4233 3673
4240 2451
4246 5045
4248 541
5548 6962
4251 3247
4254 6485
5303 64
5414 1173
4262 4000
4266 3311
4268 1574
4270 6892
4277 562
4287 2059
4290 5667
4218 3618
2612 2112
5815 253
4298 6331
4301 3840
4302 4695
4304 731
4929 6986
4315 1205
2883 2226
6086 7626
4317 6110
4318 3709
4321 7782
1121 1615
4324 6187
4208 5689
5805 1231
5967 7735
6207 8119
4780 1227
4241 5666
2635 4901
5838 1532
4343 5280
4345 4146
4356 5399
4358 7173
2534 4426
5737 752
4359 3367
5255 6862
4362 4456
4366 5390
4372 2011
4382 5416
4384 921
5240 7342
4392 6190
4394 6393
4396 4190
5283 7843
4405 410
4407 2888
4410 5571
4411 5395
4412 3563
4416 883
5228 7304
4419 3715
5420 602
4422 7595
5409 1174
4426 3499
4430 3305
4437 3158
4438 5662
2835 5062
6038 1712
4441 5253
4810 129
4447 4026
4650 6960
2330 3984
5533 992
4454 5114
4455 2196
4457 1095
4459 5126
4462 3302
2857 6488
6060 6452
4463 1083
4467 4223
4479 6415
4179 5946
5776 8077
2691 1464
5894 1002
4483 1743
4485 2239
5096 1660
2890 7344
6093 8055
4496 4889
4501 1155
2897 5631
6100 7199
4503 6069
4423 3296
2817 8249
6020 1551
4509 7851
4701 7014
4512 1092
2937 5656
6140 7513
1318 6712
4521 4845
2308 3540
5511 1421
4528 4825
5468 6802
4537 3690
4540 3051
4546 3816
4556 5801
5118 550
4559 1252
4571 387
4578 563
4782 6984
2989 872
6192 1295
5321 8203
4588 2035
4590 8076
4481 2738
2875 3622
6078 1655
4591 4935
4320 1052
2714 2378
5917 7397
4597 2478
4603 5085
4605 2583
4611 5290
4616 1539
4417 4737
2811 5772
6014 7960
4623 1325
4634 7355
4897 934
6241 1651
4644 5746
6245 7673
4648 8011
4309 3613
2703 6174
5906 1590
4655 5000
4665 5486
4666 7446
2474 2186
5677 1025
4667 2796
4668 6298
4669 4461
4670 5164
4671 2626
4674 4575
4675 811
5595 7232
4678 3928
4679 2847
4680 165
4681 2013
4682 2969
4683 4876
4684 1978
4686 2047
4687 6132
4688 2725
4689 5923
4691 8149
4692 4925
4693 2346
4694 2218
4695 6169
4696 5067
4697 2314
4698 2926
4699 6120
4700 3066
1499 1026
4702 2391
4704 666
4706 6182
4707 4627
4708 418
4709 2038
4712 5213
4715 4911
4716 2163
4718 594
5656 7015
4719 6537
4721 2457
4722 6202
4723 3013
4724 8265
4647 3971
3041 2764
6244 1844
4725 4816
4726 4675
4727 2070
4728 2960
4729 2631
4731 7468
4435 843
2829 2294
6032 1047
4732 6062
4733 3905
4735 1645
4736 409
4737 3149
4739 6655
5365 234
1537 6975
4740 2571
4743 1924
4746 8180
4844 1759
4747 7704
4750 736
4554 1275
6151 7157
4751 1106
5174 7527
4752 2419
4753 987
4754 821
1555 7293
4758 6201
4759 6281
4760 8171
4762 4307
4763 1725
5031 8146
4765 2399
4767 5661
4768 4936
4769 7721
4612 3595
3006 5741
6209 1300
4771 1474
4772 5846
4773 8236
4774 5713
4775 5077
4776 2287
4777 2797
4778 6180
4779 7645
4336 3475
5933 1224
4781 4565
4783 5052
4786 3953
4787 7570
4788 6119
4793 2892
4794 4931
4796 2848
4797 3707
4798 4208
4800 5764
4802 384
4486 3749
2880 4760
6083 6805
4803 2953
4804 3945
4806 2776
4807 2023
4808 3538
4809 4649
4811 5647
4814 2308
4815 2818
4817 2921
4818 5603
4819 5513
4820 4577
4821 1923
4822 1914
4823 2296
4824 2382
4825 4057
4826 1943
4827 2668
4828 576
4322 4870
2716 519
5919 6997
4830 5406
4832 5504
4833 3619
4836 4749
4837 5960
4838 6378
4839 2386
4840 3061
4843 5664
4845 5195
4846 4909
4848 4467
4849 3165
4850 4005
4851 3416
4854 4490
4856 5086
4857 4908
4858 6367
4859 2194
4860 1827
2531 7189
5734 8248
4861 5202
4862 2552
4863 6896
4864 4340
4865 1094
4866 2636
4868 4446
4869 775
4870 2455
4871 3925
4873 6096
4874 5314
4876 4538
4878 4249
4881 3640
4884 4850
4886 1804
4887 3025
4888 8104
4927 1683
4889 6028
4890 3105
4891 2334
4892 770
4893 1988
4894 3156
4896 4359
4899 1784
2419 2701
5622 8205
4900 4194
4906 3226
4907 654
4908 2438
4909 6269
4910 3399
4911 6176
4912 5267
4913 153
4173 2086
5770 6574
4914 6081
4915 6083
4917 2331
4918 2524
4920 6356
4922 5373
4923 4104
4924 5567
4925 5561
4926 2405
4928 5397
4930 2412
4931 6580
4932 4801
4933 5770
4934 2528
4935 5081
4937 2863
4938 1115
4565 437
2959 582
6162 7536
4939 2304
4940 2305
4942 3772
4943 5752
4945 3123
4946 7866
2825 40
6028 1445
4947 4672
4949 3075
4950 4405
4952 6497
5003 76
4953 6809
5194 388
4954 4581
4956 3495
4957 2513
4958 2244
4961 7211
1759 6959
4962 1819
4963 6208
4964 6381
4965 4644
4969 2295
4970 1459
4971 1040
1783 517
4986 7461
4972 458
4973 5535
4974 1304
4975 6035
4976 574
5657 6995
4977 5192
4978 3167
4979 4817
4980 5350
4981 3585
4982 4975
4984 6186
4988 5344
4989 5413
4990 5414
4991 2630
1789 7561
4992 5536
4994 5154
4996 7601
4997 2019
4998 2477
4999 2584
5000 5283
5001 1068
5002 6396
5005 6077
5006 6078
5007 4327
5009 1406
5010 6391
5011 4794
5012 4569
5013 8196
2071 763
5274 1775
5014 5047
5015 6517
5016 5249
5017 3425
5018 2633
5019 7494
5021 5197
5024 6514
4418 1709
2812 1126
6015 93
5025 2104
5026 4284
5028 4542
5029 1429
4319 4354
2713 4633
5916 7850
5030 2879
5032 5277
5033 8181
4354 5864
2748 3659
5951 1760
5034 4465
5035 5161
5036 5794
5037 4053
5038 4180
1836 7882
5039 3578
5040 6294
5041 5291
5042 4006
5044 4457
5045 3299
5047 2563
5048 2286
5049 1677
4642 3935
3036 305
6239 8098
5050 4832
5051 3711
5052 3713
5056 4370
5057 1950
5059 2443
5061 6121
5062 7557
5063 3096
5064 5861
5066 6073
5067 5368
5068 7436
5069 3550
5070 7948
5071 3471
5072 1355
5073 3706
5074 4427
5076 8262
5078 6709
5079 477
5081 2716
5082 4380
5084 2126
5085 6219
5086 5992
5087 5286
5088 3395
5089 2919
5091 3712
5092 7498
5094 1341
2290 8174
5493 7762
5095 5440
5098 5522
5099 3779
5100 7268
5107 847
5101 4064
5102 5091
5354 7283
5117 3331
5119 4122
5121 3955
5122 1472
5502 7893
5143 5138
5145 5033
5707 6697
5154 5991
5692 1607
5158 547
5159 2403
5166 6379
5170 3357
5173 5017
5182 4736
5184 1134
5192 2862
5204 4167
5205 4168
5210 7719
5211 1460
5212 4711
5216 536
5217 1376
5219 2624
5410 6936
5222 3016
5231 4900
5233 5336
5237 2962
5238 5299
5241 919
2044 1707
5247 3870
5254 3153
5257 1946
5259 4308
5262 3620
5263 3259
5273 1105
5279 2882
5281 2167
5285 4125
5286 2887
5289 1834
5137 3246
4337 7648
5934 8255
5302 2288
4511 593
2905 291
6108 7940
5311 4393
5328 2496
5337 2930
5340 4407
5343 2460
5346 8120
4282 6933
5879 1699
5364 4918
4567 4635
2961 2501
6164 7522
5367 4204
5371 4015
5374 4848
4577 6899
6174 785
2174 1641
5377 5695
5378 1882
5381 5311
5388 1895
5390 2741
5391 2736
5392 3216
5395 2957
5397 6273
5403 4445
5411 2149
5412 5447
5423 3747
5427 4274
4631 6214
6228 7156
5431 990
4186 4558
2580 6861
5783 1659
5434 2581
5661 7491
5444 6142
2244 2692
5447 1916
5448 5046
2247 1463
5450 169
4535 381
2929 2178
6132 6590
2262 7329
5465 2638
2263 7772
5466 4035
5467 3652
5471 3354
2269 7629
5472 5374
2270 1619
5473 2374
2271 3155
5474 2143
2272 4373
5475 2644
5476 2201
5477 3267
2275 4324
5478 3115
2277 791
5480 4835
5484 2111
5485 6710
5486 4704
2285 8128
5488 2138
5490 3551
5491 3968
5496 2573
2294 1761
5497 4703
2295 6118
5498 5718
5500 6111
2298 1612
5501 568
2300 1931
5503 284
5394 5475
4594 976
2988 8062
6191 6705
5504 6222
2302 3956
5505 6030
5506 2529
2304 1220
5507 5907
2305 1695
5508 5476
5510 5214
2310 5644
5513 283
5514 5278
2312 5378
5515 6252
2313 1719
5516 2077
2314 1353
5517 1399
5518 3003
2317 4434
5520 4648
5521 218
2320 7593
5523 4154
5524 4394
2324 2095
5527 5124
2325 604
5528 4914
5529 3763
2328 3665
5531 3564
2331 6700
5534 4090
5535 2675
2334 1798
5537 4700
5538 8094
2336 413
5539 2471
2337 402
5540 3837
2338 5936
5541 7017
2340 1378
5543 6067
2341 2680
5544 6410
2343 440
5546 5566
5547 3602
5549 1272
2348 3527
5551 7998
2352 3611
5555 2034
5556 892
2355 5282
5558 8273
2356 739
5559 2000
2358 1618
5561 7528
2359 4922
5562 1085
2360 771
5563 3211
2362 3785
5565 2349
5566 2321
5568 5109
5569 2748
5570 3805
5571 4921
5572 3936
5573 4597
2371 4412
5574 3909
5575 4360
5579 2711
5581 2739
2379 3682
5582 8261
2380 7788
5583 2056
5585 5919
5587 783
2385 2825
5588 6408
2386 5873
5589 6240
5590 2441
2390 6502
5593 1941
2391 1879
5594 3054
5596 5183
5597 3531
2395 5284
5598 3997
2396 2975
5599 3883
5600 1011
2398 7000
5601 4184
2399 4409
5602 4038
2402 7546
5605 2212
2403 7588
5606 2446
2407 5761
5610 6070
5611 720
2409 1705
5612 5710
2410 2946
5613 7404
5200 3869
4400 2793
2794 6246
5997 983
5614 3931
5616 3609
5617 3657
5618 6650
5619 2204
5620 1012
2421 7669
5624 3759
2422 2980
5625 2142
5626 5941
5627 4847
2426 216
5629 4773
5630 3280
5631 4594
2429 4329
5632 6908
2430 2555
5633 3943
2431 342
5634 2089
2433 179
5636 2845
5637 4444
2435 5370
5638 1926
5639 2250
5640 6333
2438 8046
5641 6168
2439 8246
5642 6332
5643 4787
2441 7323
5644 4523
2442 3202
5645 4378
2443 4454
5646 5367
5647 2728
2445 5244
5648 1764
5650 6127
5651 6112
5652 6021
5653 5508
2456 554
5659 6019
5660 6375
5662 662
2460 829
5663 1438
2461 2566
5664 4946
2464 5468
5667 6155
5673 3889
2471 5784
5674 2773
5681 4080
2480 1170
5683 6638
2482 4282
5685 905
5282 3978
4482 7423
2876 5422
6079 7326
5701 4425
2499 2780
5702 1917
5791 6822
2506 391
5709 5985
5711 2527
5712 7525
5721 5337
5322 3927
4522 6193
6119 217
2519 3967
5722 2238
2525 5119
5728 3621
5735 2147
2533 1722
5736 2291
2537 7153
5740 4552
2542 7386
5745 3746
5754 1568
2556 5787
5759 6807
5128 6226
2722 1336
5925 386
4167 3605
5764 1708
4168 3319
5765 6066
4174 6165
5771 3152
4177 5276
2571 4843
5774 5507
5777 4601
2575 2586
5778 4868
4184 2929
2578 7025
5781 3332
4191 1048
2585 5247
5788 1812
2530 2033
5733 264
5333 3753
2927 1244
6130 8233
4195 4932
2589 5143
5792 3160
4197 2362
5794 3083
4198 6039
5795 3019
997 193
4200 4096
2594 2153
5797 543
4316 1192
2710 5771
5913 1400
2600 6324
5803 3312
2607 2852
5810 4047
4215 6366
2609 3723
5812 2300
4226 2582
2620 53
5823 6730
2690 1461
5893 309
4230 7142
2624 4509
5827 3230
5831 6254
4237 3486
2631 3046
5834 4605
4245 1179
5842 5220
4247 1755
2641 1794
5844 4067
4250 778
2644 4567
5847 4591
4253 3924
2647 8182
5850 4010
4258 7594
5855 5767
2663 2370
5866 1120
4271 6051
2665 2670
5868 5514
4272 2956
5869 5265
4273 5657
2667 5059
5870 4337
4275 31
2669 1446
5872 3113
4276 5051
5873 3166
4278 6197
2672 6220
5875 3727
4280 7401
2674 7120
5877 2219
4281 3151
5878 516
4283 2434
2677 5592
5880 1867
5201 3250
4401 4259
2795 2031
5998 8288
2678 984
5881 6022
2679 7185
5882 6116
2680 6113
5883 5461
4288 4872
5885 4617
4291 1883
2685 324
5888 4031
4292 6674
5889 6253
4293 4646
5890 1909
5103 453
1100 439
4303 5448
2697 2993
5900 436
5105 862
4305 3077
5902 4803
5106 3757
4306 1911
5903 6056
4307 4093
5904 3091
5108 4898
4308 4235
5905 3492
5110 7206
4310 3616
2704 7184
5907 4462
5111 1519
2705 728
5908 2008
5112 5400
4312 4833
5909 4174
5113 6863
4313 1016
2707 1065
5910 2036
4314 565
5911 786
5123 4050
4323 6049
5920 5997
5125 2179
4325 8133
5922 6052
5126 2189
2720 8036
5923 5494
5129 3129
1126 223
4329 5989
2723 2345
5926 1944
5927 6225
5131 787
4331 7652
2725 6912
5928 5645
5132 3684
4332 1314
2726 2067
5929 3944
4333 1383
2727 5201
5930 4469
5134 2849
4334 1698
5931 5328
5135 5607
4335 1902
5932 3894
5138 3279
4338 557
2732 2880
5935 6929
5139 5003
2733 6152
5936 6060
5140 6191
4340 5578
2734 6192
5937 889
5141 4165
4341 7953
2735 125
5938 2982
5142 2782
2736 5769
5939 3959
5144 1219
2738 8260
5941 1309
5146 276
4346 5519
2740 4455
5943 5431
5147 3356
4347 2733
2741 672
5944 3858
5148 5878
4348 2232
2742 5935
5945 3829
5149 5260
4349 2954
2743 4323
5946 6288
5150 2986
4350 5937
5947 8238
4351 5410
5948 5580
5152 4883
4352 4061
5949 716
4353 2487
2747 6007
5950 3744
5157 8028
4357 3824
2751 2898
5954 3986
5160 3848
4360 441
5957 5786
5161 3849
4361 2861
2755 4611
5958 4014
4367 2188
2761 5152
5964 4545
1965 7405
5168 1906
2762 7099
5965 5611
4374 5300
2768 4120
5971 4763
5177 2216
2771 1635
5974 2404
5180 6350
5977 890
2775 7885
5978 651
5191 3082
4391 2268
2785 5589
5988 3138
5193 4358
4393 6264
2787 1670
5990 4720
4395 5352
5992 1303
5197 3323
4397 4793
2791 7740
5994 6228
5198 2081
4398 6175
5995 4508
1203 7520
4406 773
2800 7965
6003 2319
5208 2044
4408 4291
6005 3606
5213 2961
4413 6139
6010 2028
5214 8048
4414 6015
2808 346
6011 6775
5215 2190
6012 5749
5234 5116
2828 4377
6031 824
5370 5789
4570 964
2964 5398
6167 7245
5245 2924
4445 4540
2839 5364
6042 7240
6120 819
5250 4951
4450 7634
2844 1128
6047 4245
5251 5141
4451 2027
2845 3095
6048 5353
2050 950
5253 4708
4453 7413
2847 930
6050 2032
5258 3322
4458 5136
2852 575
6055 2890
6006 2337
4209 4202
2603 7174
5806 267
5406 3896
4606 2442
6203 7426
5668 3132
4468 8072
6065 4804
5669 6245
4469 2280
6066 6033
4470 2026
2864 5817
6067 2344
5671 3547
5271 6395
4471 2902
2865 699
6068 2380
5672 6207
4472 4554
2866 2366
6069 5959
5275 7932
4475 4919
2869 3482
6072 4969
5676 6406
4476 3396
2870 1531
6073 2938
5277 6813
4477 6114
2871 3196
6074 1763
5678 4334
5278 4631
4478 5590
6075 5595
5280 473
4480 1656
2874 1604
6077 6401
2481 2830
5684 5032
4484 3232
6081 2132
2484 4
5687 6100
5287 3398
4487 7531
6084 5105
5688 6101
5288 2302
4488 1809
2882 1102
6085 4264
4490 6239
2884 406
6087 6958
2488 7335
5691 2758
4491 8081
2885 2119
6088 189
4492 4906
6089 2018
2490 2385
5693 3745
5293 1724
4493 3467
2887 2448
6090 2628
2491 932
5694 4027
5294 4699
4494 1921
6091 3904
2492 6860
5695 2183
5295 4844
4495 1634
6092 3341
5697 4406
5297 6018
4497 1130
6094 2051
2495 6344
5698 4674
5298 5866
6095 3676
2496 1316
5699 8161
5299 6544
4499 2199
6096 1366
5700 2514
5300 2454
4500 2749
2894 4474
6097 2259
2501 5908
5704 2173
4504 7972
6101 4638
5305 3901
2899 3469
6102 2025
2503 4214
5706 3730
5306 2857
4506 4306
2900 2876
6103 4668
4507 4491
2901 1928
6104 5990
5708 401
5308 3111
2902 6029
6105 4871
2507 1652
5710 2807
5310 735
4510 4097
2904 7074
6107 3750
2510 4137
5713 1900
5313 6200
6110 3186
5714 1431
4514 5357
2908 3110
6111 6153
5715 2895
6112 4414
5716 3282
5316 5730
4516 7696
6113 6265
2514 538
5717 2453
4517 4095
6114 3783
5719 5365
4519 2082
2913 5505
6116 4107
5726 1617
4526 7842
6123 4313
2527 7901
5730 5733
5330 5558
4530 3228
6127 6349
2131 1480
5334 4543
4534 3638
6131 1715
4547 3040
2941 4187
6144 1206
5750 5387
2147 101
5350 2484
4550 5354
2944 3448
6147 5232
5751 4132
5351 5899
6148 2589
2550 585
5753 571
5353 3270
6150 5903
5758 4640
4558 3535
2952 1872
6155 2235
5165 4971
4365 4698
5962 5852
962 6765
4165 5117
5762 3782
5362 3677
2956 7257
6159 2492
5171 6014
2765 285
5968 2637
4171 2445
5768 7267
5368 4615
6165 4450
4569 2353
6166 2846
5175 5889
4375 8130
5972 2521
5372 5840
4572 6535
6169 375
5176 4912
4376 3952
2770 6711
5973 5883
5373 91
2967 4973
6170 3581
5178 3071
4378 3261
2772 4859
5975 6058
4178 8063
5775 6355
5375 6009
4575 2191
6172 2187
5179 4205
4379 3422
5976 3906
5376 1826
4576 3702
6173 2835
4182 3687
5779 3052
5379 5377
2973 6286
6176 5623
4383 5334
2777 5565
5980 3808
4183 4837
2577 3871
5780 4693
5380 4927
4580 4477
6177 4257
5185 5358
2779 529
5982 5885
4582 3654
2976 3902
6179 6506
4386 4766
5983 504
4583 7716
2977 45
6180 8019
5187 3044
4387 4891
5984 1907
5384 1894
4584 2127
2978 4905
6181 1541
4388 4714
2782 977
5985 4526
4188 3553
2582 7035
5785 2417
4585 1782
6182 2730
5189 4216
1186 1322
4389 4965
5986 3042
5786 5703
5386 3101
4586 5093
6183 7670
5190 3063
4390 2343
2784 7390
5987 4238
4190 5646
2584 5516
5787 726
5387 7537
4587 5040
2981 7134
6184 4296
5389 1209
6186 1404
4196 2361
5793 2221
5393 4790
4593 5480
2987 1605
6190 6972
4399 3060
5996 1232
4199 744
2593 351
5796 1214
5396 6291
4596 6392
2990 727
6193 8009
4207 3881
2601 341
5804 7130
5404 7574
4604 4851
2998 3189
6201 1588
5203 1929
4403 1422
6000 2180
4203 2606
5800 3078
5400 5648
4600 6179
6197 2684
4204 2335
2598 2614
5801 7821
5401 5098
2995 2420
6198 2461
4211 2664
2605 6840
5808 6041
5408 4652
3002 8087
6205 4129
6018 6147
4221 4049
2615 1912
5818 4198
4618 5980
6215 6411
2216 7171
5419 1212
4619 4595
3013 5853
6216 6509
2521 3982
5724 3085
5324 3833
4524 5785
6121 6581
4424 6178
2818 1004
6021 3632
4224 397
2618 263
5821 6188
5421 5491
4621 6247
3015 5616
6218 4821
2522 1014
5725 2786
5325 2649
4525 2267
2919 1859
6122 4696
4425 4200
6022 7360
4225 1736
5822 5309
1419 7774
4622 2170
6219 3565
2524 1554
5727 2467
5327 4806
4527 5326
2921 7094
6124 7966
4427 5361
6024 2522
4227 4059
2621 3508
5824 5087
5424 4369
4624 3761
3018 2886
6221 2827
4428 4106
6025 2970
4228 1738
5825 6880
5425 5748
4625 4815
3019 4333
6222 2945
4529 4742
2923 3681
6126 6143
5229 2850
4429 221
6026 5633
4229 3685
2623 1766
5826 3277
5426 392
3020 1875
6223 4716
5331 5856
4531 4723
2925 1441
6128 6181
4231 3340
5828 5663
4628 6607
3022 2648
6225 6292
5732 6160
5332 1101
4532 2084
2926 2737
6129 6074
4432 2224
2826 1711
6029 4153
5429 4169
4629 2949
6226 4762
5430 8197
4630 2603
3024 1669
6227 3273
4235 2007
2629 1684
5832 4362
4632 4319
6229 6917
4436 6053
6033 5018
4236 498
2630 5474
5833 4603
5433 8080
4633 2042
6230 5686
5339 2161
4539 5303
2933 4507
6136 4740
4239 5720
2633 2372
5836 6042
2233 3821
5436 4618
6233 3382
5246 5241
4446 4541
6043 4799
2240 3256
5443 1070
4643 4920
6240 1959
5398 4019
4598 3999
6195 4677
2545 1233
5748 2021
5348 4622
2942 5429
6145 2769
5248 5225
4448 5712
2842 3317
6045 4979
4645 2944
3039 2010
6242 5598
5399 5781
4599 3511
6196 4823
5749 2673
5349 3888
4549 2671
2943 1947
6146 4839
5249 5231
4449 3530
2843 3037
6046 3303
4249 3648
2643 4416
5846 5436
3040 1172
6243 5224
5402 3781
6199 4503
2549 2913
5752 4069
5352 7175
4552 4727
6149 5888
5252 2030
4452 539
6049 5001
4252 552
2646 6255
5849 3112
2246 1666
5449 2148
4649 4867
6246 393
2248 5495
5451 4978
4651 2761
6248 4176
5742 1302
5342 2616
4542 2110
2936 2406
6139 3174
4442 2017
2836 6645
6039 4619
4242 5518
2636 4133
5839 5159
4639 5356
3033 2292
6236 1710
2515 3886
5718 5483
5318 3437
6115 6374
5415 4553
4615 2390
3009 111
6212 4188
5665 4810
4465 5477
2859 3651
6062 1005
4265 5517
5862 2058
4662 2858
3056 5376
6259 8023
5407 2784
4607 4237
6204 4917
2554 2185
5757 2803
5357 3043
4557 6971
6154 8136
4257 3532
2651 3521
5854 5766
6251 4607
4212 1797
2606 806
5809 5833
4609 4882
3003 3004
6206 2808
4259 4786
5856 333
4656 5874
6253 5875
5163 6128
5960 2388
2557 1281
5760 1968
4560 2083
2954 2931
6157 3577
5260 3288
4460 3923
2854 3689
6057 3817
4260 7684
5857 4670
5457 3844
1454 836
4657 1430
3051 502
6254 4869
4440 5251
2834 2991
6037 2635
5437 4197
4637 2136
3031 1045
6234 6266
4216 4203
5813 3760
5413 2301
4613 2676
6210 3022
4166 2717
2560 3662
5763 5944
5363 3558
4563 4357
2957 1100
6160 3566
1060 8293
4263 7178
2657 5965
5860 4473
2257 5285
5460 5924
4660 5385
3054 2855
6257 6034
2538 7778
5741 5609
5341 3128
4541 5473
6138 4311
2235 3039
5438 5088
6235 6267
4217 4135
2611 1833
5814 2916
4614 7176
6211 3133
5264 3907
4464 4903
2858 1629
6061 4702
2258 405
5461 3237
4661 5490
6258 3552
5738 3703
5338 1913
4538 1213
2932 5552
6135 4328
4238 1890
2632 3646
5835 4325
2232 5208
5435 7457
4635 2723
3029 5539
6232 4701
5164 3735
4364 5544
2758 2558
5961 4836
4164 5322
2558 7743
5761 2203
2955 5382
6158 2722
4461 1343
6058 4692
5458 5674
4658 6235
6255 2992
5355 1905
4555 7255
2949 891
6152 3865
4255 3823
2649 5489
5852 4368
3046 6954
6249 3257
5243 5625
4443 6550
6040 4620
4243 3171
5840 2729
2237 7679
5440 1087
4640 4116
3034 67
6237 1846
5169 4819
4369 5537
2763 6248
5966 6921
4169 2899
2563 2935
5766 1058
5366 3674
4566 4987
2960 6889
6163 6215
5266 5838
4466 1897
2860 4885
6063 2893
5463 3510
4663 2789
3057 4312
6260 2024
4256 3963
2650 2925
5853 2121
2250 1768
5453 4655
4653 774
6250 1602
6141 6293
5244 5306
4444 4755
2838 2105
6041 2015
4244 5069
5841 3758
2238 5036
5441 6091
4641 4178
3035 7278
6238 5690
5320 4985
4520 1889
6117 2779
5220 515
4420 7023
2814 3011
6017 4624
4220 7938
2614 1825
5817 4831
5417 3248
4617 6045
3011 5952
6214 1994
4267 2608
2661 6614
5864 5986
4664 4496
6261 4283
